1 7
2 2
3 8
4 4
5 3
6 5
7 4
8 5
9 10
10 9
11 9
12 10
13 1
14 8
15 7
16 10
17 2
18 1
19 10
20 3
21 3
22 6
23 3
24 8
25 5
26 8
27 10
28 1
29 3
30 1
31 1
32 7
33 9
34 7
35 10
36 6
37 1
38 8
39 10
40 2
41 6
42 7
43 2
44 10
45 3
46 8
47 7
48 2
49 10
50 2
51 2
52 8
53 4
54 1
55 7
56 8
57 9
58 7
59 7
60 9
61 9
62 1
63 5
64 9
65 3
66 5
67 9
68 8
69 7
70 1
71 5
72 2
73 5
74 8
75 2
76 9
77 2
78 1
79 4
80 1
81 10
82 7
83 2
84 4
85 1
86 1
87 6
88 1
89 8
90 3
91 3
92 3
93 9
94 7
95 3
96 2
97 8
98 3
99 5
100 9
101 9
102 1
103 8
104 5
105 4
106 6
107 1
108 6
109 2
110 2
111 3
112 5
113 1
114 5
115 1
116 8
117 1
118 9
119 8
120 8
121 1
122 9
123 2
124 7
125 1
126 5
127 6
128 10
129 10
130 5
131 1
132 9
133 8
134 6
135 3
136 2
137 5
138 2
139 7
140 4
141 8
142 2
143 1
144 10
145 5
146 6
147 7
148 10
149 5
150 2
151 3
152 8
153 6
154 3
155 8
156 3
157 9
158 2
159 4
160 9
161 2
162 10
163 1
164 6
165 4
166 9
167 3
168 8
169 2
170 4
171 1
172 8
173 9
174 5
175 8
176 10
177 10
178 1
179 4
180 1
181 7
182 6
183 8
184 9
185 8
186 6
187 10
188 10
189 3
190 3
191 1
192 1
193 1
194 4
195 4
196 7
197 8
198 9
199 7
200 2
201 2
202 3
203 10
204 6
205 7
206 6
207 9
208 7
209 5
210 1
211 7
212 5
213 6
214 4
215 2
216 10
217 4
218 1
219 5
220 8
221 5
222 8
223 6
224 4
225 2
226 5
227 6
228 4
229 2
230 2
231 9
232 3
233 7
234 6
235 6
236 4
237 10
238 2
239 1
240 1
241 4
242 7
243 6
244 10
245 6
246 9
247 2
248 2
249 1
250 4
251 7
252 3
253 7
254 9
255 2
256 4
257 3
258 7
259 1
260 5
261 7
262 8
263 9
264 9
265 1
266 9
267 3
268 4
269 8
270 8
271 8
272 6
273 3
274 2
275 8
276 6
277 3
278 2
279 2
280 3
281 4
282 9
283 9
284 6
285 8
286 5
287 5
288 7
289 10
290 3
291 4
292 2
293 9
294 4
295 2
296 10
297 7
298 2
299 8
300 9
301 8
302 1
303 2
304 9
305 3
306 2
307 8
308 3
309 4
310 10
311 6
312 4
313 10
314 6
315 1
316 5
317 10
318 6
319 3
320 5
321 9
322 7
323 2
324 6
325 6
326 6
327 9
328 9
329 7
330 8
331 7
332 8
333 4
334 4
335 4
336 4
337 2
338 6
339 6
340 10
341 7
342 8
343 9
344 2
345 2
346 5
347 5
348 4
349 8
350 3
351 7
352 1
353 2
354 10
355 3
356 5
357 10
358 5
359 4
360 3
361 6
362 1
363 6
364 8
365 10
366 10
367 7
368 7
369 9
370 6
371 2
372 1
373 5
374 8
375 3
376 1
377 1
378 9
379 8
380 2
381 2
382 7
383 8
384 1
385 2
386 6
387 7
388 1
389 9
390 4
391 10
392 7
393 1
394 7
395 6
396 1
397 7
398 5
399 5
400 5
401 7
402 8
403 2
404 5
405 10
406 3
407 7
408 2
409 10
410 8
411 2
412 7
413 7
414 10
415 5
416 3
417 6
418 7
419 3
420 3
421 7
422 9
423 5
424 10
425 9
426 6
427 2
428 7
429 3
430 4
431 4
432 9
433 9
434 1
435 1
436 6
437 2
438 6
439 8
440 8
441 7
442 4
443 6
444 7
445 7
446 9
447 6
448 10
449 1
450 10
451 3
452 9
453 8
454 7
455 3
456 10
457 8
458 10
459 8
460 4
461 9
462 10
463 9
464 9
465 9
466 3
467 5
468 6
469 3
470 2
471 4
472 3
473 7
474 6
475 7
476 10
477 8
478 6
479 5
480 7
481 4
482 3
483 5
484 7
485 6
486 7
487 6
488 9
489 4
490 3
491 10
492 3
493 5
494 7
495 1
496 4
497 7
498 7
499 8
500 6
501 9
502 4
503 8
504 10
505 10
506 10
507 5
508 1
509 2
510 3
511 4
512 2
513 8
514 10
515 8
516 4
517 9
518 10
519 2
520 8
521 6
522 9
523 1
524 8
525 1
526 10
527 3
528 3
529 8
530 4
531 10
532 2
533 4
534 6
535 2
536 8
537 3
538 5
539 8
540 3
541 2
542 4
543 3
544 6
545 7
546 9
547 7
548 8
549 7
550 7
551 3
552 5
553 3
554 5
555 5
556 3
557 1
558 7
559 3
560 3
561 3
562 4
563 3
564 10
565 5
566 7
567 7
568 4
569 8
570 10
571 10
572 9
573 7
574 7
575 4
576 4
577 6
578 6
579 2
580 3
581 4
582 9
583 1
584 6
585 2
586 1
587 3
588 9
589 3
590 10
591 5
592 9
593 9
594 3
595 7
596 6
597 10
598 2
599 4
600 8
601 2
602 9
603 6
604 3
605 10
606 9
607 8
608 3
609 4
610 5
611 3
612 6
613 4
614 9
615 4
616 3
617 2
618 9
619 4
620 4
621 1
622 1
623 8
624 3
625 5
626 4
627 8
628 1
629 4
630 2
631 1
632 4
633 9
634 8
635 4
636 6
637 10
638 4
639 3
640 6
641 8
642 4
643 3
644 1
645 7
646 9
647 4
648 8
649 1
650 6
651 8
652 10
653 3
654 6
655 3
656 1
657 9
658 7
659 5
660 7
661 3
662 4
663 4
664 10
665 4
666 8
667 6
668 5
669 7
670 9
671 10
672 5
673 8
674 6
675 8
676 6
677 4
678 6
679 6
680 1
681 1
682 7
683 5
684 7
685 1
686 6
687 7
688 10
689 3
690 8
691 5
692 6
693 7
694 6
695 2
696 9
697 1
698 1
699 8
700 8
701 1
702 1
703 4
704 2
705 3
706 9
707 6
708 1
709 1
710 9
711 4
712 2
713 9
714 4
715 5
716 4
717 1
718 7
719 10
720 9
721 4
722 7
723 5
724 5
725 5
726 1
727 4
728 5
729 9
730 5
731 4
732 9
733 6
734 5
735 9
736 2
737 7
738 1
739 8
740 9
741 1
742 10
743 5
744 2
745 6
746 2
747 9
748 3
749 4
750 10
751 8
752 5
753 5
754 2
755 4
756 6
757 9
758 4
759 10
760 2
761 7
762 10
763 10
764 6
765 7
766 6
767 9
768 2
769 3
770 7
771 3
772 7
773 8
774 10
775 6
776 10
777 5
778 7
779 7
780 2
781 10
782 6
783 5
784 7
785 1
786 1
787 7
788 7
789 8
790 8
791 1
792 1
793 2
794 8
795 5
796 1
797 9
798 4
799 5
800 7
801 8
802 2
803 7
804 10
805 1
806 9
807 1
808 3
809 6
810 2
811 5
812 6
813 4
814 10
815 2
816 7
817 10
818 10
819 4
820 3
821 1
822 10
823 3
824 7
825 9
826 9
827 7
828 1
829 8
830 2
831 2
832 4
833 3
834 10
835 4
836 2
837 6
838 9
839 8
840 8
841 2
842 7
843 1
844 1
845 2
846 5
847 6
848 5
849 5
850 2
851 6
852 6
853 10
854 1
855 4
856 7
857 9
858 3
859 2
860 7
861 9
862 1
863 2
864 3
865 5
866 2
867 7
868 7
869 5
870 5
871 4
872 3
873 2
874 3
875 9
876 10
877 1
878 9
879 10
880 4
881 3
882 1
883 5
884 10
885 2
886 8
887 8
888 10
889 1
890 1
891 3
892 9
893 4
894 8
895 10
896 9
897 6
898 10
899 4
900 1
901 2
902 2
903 10
904 2
905 1
906 7
907 3
908 7
909 5
910 1
911 5
912 2
913 3
914 3
915 9
916 10
917 4
918 1
919 5
920 4
921 3
922 7
923 1
924 7
925 7
926 6
927 3
928 5
929 1
930 2
931 4
932 9
933 7
934 4
935 4
936 7
937 7
938 1
939 6
940 4
941 5
942 8
943 3
944 1
945 7
946 7
947 5
948 10
949 2
950 6
951 1
952 2
953 1
954 7
955 2
956 3
957 4
958 1
959 9
960 9
961 6
962 3
963 5
964 10
965 2
966 6
967 3
968 8
969 5
970 1
971 6
972 1
973 8
974 7
975 2
976 1
977 3
978 10
979 10
980 4
981 2
982 9
983 4
984 8
985 6
986 9
987 10
988 3
989 2
990 4
991 8
992 4
993 10
994 7
995 7
996 5
997 9
998 5
999 4
1000 1
1001 1
1002 6
1003 9
1004 2
1005 8
1006 1
1007 6
1008 1
1009 8
1010 8
1011 10
1012 10
1013 9
1014 9
1015 10
1016 1
1017 10
1018 5
1019 1
1020 2
1021 7
1022 10
1023 1
1024 4
1025 10
1026 7
1027 3
1028 1
1029 4
1030 8
1031 1
1032 8
1033 6
1034 6
1035 8
1036 8
1037 9
1038 6
1039 10
1040 10
1041 7
1042 8
1043 3
1044 1
1045 8
1046 4
1047 9
1048 10
1049 5
1050 4
1051 2
1052 6
1053 6
1054 4
1055 1
1056 6
1057 3
1058 2
1059 8
1060 3
1061 7
1062 8
1063 8
1064 4
1065 9
1066 8
1067 7
1068 6
1069 1
1070 7
1071 1
1072 1
1073 3
1074 6
1075 10
1076 5
1077 9
1078 7
1079 10
1080 5
1081 4
1082 10
1083 2
1084 1
1085 9
1086 3
1087 6
1088 9
1089 1
1090 3
1091 4
1092 4
1093 10
1094 10
1095 8
1096 7
1097 5
1098 7
1099 6
1100 6
1101 10
1102 7
1103 6
1104 10
1105 7
1106 10
1107 9
1108 2
1109 10
1110 5
1111 1
1112 8
1113 5
1114 3
1115 7
1116 2
1117 8
1118 9
1119 1
1120 5
1121 7
1122 1
1123 3
1124 3
1125 5
1126 7
1127 2
1128 1
1129 3
1130 2
1131 4
1132 6
1133 10
1134 5
1135 6
1136 8
1137 10
1138 3
1139 2
1140 5
1141 5
1142 3
1143 1
1144 5
1145 3
1146 3
1147 5
1148 2
1149 5
1150 7
1151 3
1152 8
1153 2
1154 4
1155 8
1156 1
1157 9
1158 1
1159 4
1160 9
1161 9
1162 4
1163 6
1164 6
1165 5
1166 2
1167 7
1168 8
1169 5
1170 9
1171 6
1172 4
1173 3
1174 6
1175 5
1176 10
1177 9
1178 3
1179 7
1180 2
1181 7
1182 10
1183 4
1184 2
1185 1
1186 1
1187 1
1188 6
1189 2
1190 9
1191 5
1192 10
1193 6
1194 9
1195 3
1196 2
1197 1
1198 5
1199 9
1200 4
1201 6
1202 6
1203 2
1204 4
1205 2
1206 7
1207 9
1208 10
1209 4
1210 1
1211 3
1212 2
1213 8
1214 5
1215 6
1216 5
1217 2
1218 2
1219 7
1220 10
1221 3
1222 4
1223 4
1224 5
1225 4
1226 10
1227 2
1228 7
1229 2
1230 6
1231 8
1232 9
1233 7
1234 4
1235 8
1236 1
1237 5
1238 2
1239 4
1240 4
1241 1
1242 2
1243 7
1244 5
1245 5
1246 9
1247 6
1248 5
1249 7
1250 3
1251 2
1252 10
1253 4
1254 10
1255 9
1256 4
1257 4
1258 7
1259 1
1260 7
1261 5
1262 6
1263 5
1264 2
1265 5
1266 5
1267 8
1268 4
1269 6
1270 8
1271 4
1272 1
1273 1
1274 1
1275 6
1276 4
1277 10
1278 3
1279 3
1280 5
1281 1
1282 4
1283 10
1284 4
1285 4
1286 9
1287 10
1288 2
1289 7
1290 4
1291 10
1292 3
1293 7
1294 10
1295 1
1296 9
1297 10
1298 3
1299 2
1300 2
1301 10
1302 10
1303 3
1304 5
1305 10
1306 3
1307 5
1308 7
1309 1
1310 4
1311 3
1312 5
1313 9
1314 4
1315 4
1316 1
1317 5
1318 2
1319 2
1320 4
1321 8
1322 5
1323 9
1324 7
1325 6
1326 4
1327 7
1328 5
1329 3
1330 10
1331 5
1332 6
1333 3
1334 8
1335 5
1336 1
1337 6
1338 7
1339 8
1340 2
1341 7
1342 8
1343 1
1344 7
1345 6
1346 5
1347 6
1348 5
1349 1
1350 9
1351 8
1352 10
1353 1
1354 2
1355 6
1356 7
1357 1
1358 2
1359 1
1360 5
1361 8
1362 5
1363 8
1364 4
1365 5
1366 9
1367 8
1368 10
1369 3
1370 1
1371 9
1372 3
1373 2
1374 10
1375 9
1376 8
1377 1
1378 8
1379 9
1380 10
1381 2
1382 9
1383 6
1384 9
1385 3
1386 8
1387 8
1388 4
1389 8
1390 9
1391 3
1392 2
1393 2
1394 4
1395 9
1396 6
1397 10
1398 3
1399 2
1400 1
1401 1
1402 10
1403 3
1404 4
1405 9
1406 1
1407 5
1408 7
1409 6
1410 4
1411 8
1412 1
1413 6
1414 3
1415 3
1416 8
1417 9
1418 9
1419 7
1420 1
1421 3
1422 9
1423 6
1424 10
1425 9
1426 5
1427 4
1428 9
1429 4
1430 9
1431 6
1432 6
1433 9
1434 2
1435 9
1436 4
1437 4
1438 9
1439 9
1440 4
1441 1
1442 6
1443 5
1444 3
1445 7
1446 7
1447 6
1448 10
1449 2
1450 7
1451 1
1452 1
1453 3
1454 1
1455 1
1456 4
1457 6
1458 9
1459 8
1460 5
1461 1
1462 7
1463 1
1464 1
1465 10
1466 3
1467 9
1468 3
1469 6
1470 1
1471 3
1472 10
1473 3
1474 1
1475 6
1476 3
1477 1
1478 10
1479 3
1480 5
1481 10
1482 10
1483 1
1484 7
1485 6
1486 8
1487 3
1488 1
1489 8
1490 8
1491 2
1492 2
1493 9
1494 7
1495 8
1496 10
1497 5
1498 9
1499 3
1500 4
1501 7
1502 10
1503 3
1504 2
1505 3
1506 7
1507 1
1508 10
1509 10
1510 9
1511 6
1512 3
1513 3
1514 2
1515 8
1516 4
1517 5
1518 5
1519 6
1520 3
1521 8
1522 1
1523 2
1524 7
1525 6
1526 10
1527 7
1528 3
1529 2
1530 7
1531 4
1532 7
1533 5
1534 5
1535 7
1536 7
1537 2
1538 1
1539 1
1540 1
1541 4
1542 5
1543 10
1544 3
1545 6
1546 10
1547 10
1548 1
1549 4
1550 2
1551 10
1552 5
1553 7
1554 3
1555 6
1556 6
1557 4
1558 6
1559 8
