42 2 120 24 38 97 36 94 90:5266372:1808:1:3906:4.65
42 2 120 24 38 97 36 90:5066084:1808:1:3906:4.65
42 2 120 24 97 36 94 90:5195571:1856:1:3906:4.53
100 56 24 97 36 94 90:5138241:2752:1:3929:3.06
128 57 41 38 97 36 94 90:5130799:2160:1:3024:3.89
128 31 1 67 38 97 36 94 90:5281284:1776:1:2976:4.74
128 31 1 67 38 97 36 90:5087634:1776:1:2976:4.74
128 31 1 67 97 36 94 90:5083614:1776:1:2976:4.74
128 71 67 97 36 94 90:5011536:2160:1:2081:3.89
128 38 97 36 94 90:5146527:2912:1:2177:2.89
128 97 36 94 90:5132921:3104:1:2081:2.71
23 57 31 104 71 67 41 38 36:5246036:1832:1:2393:4.59
23 57 31 104 71 67 41 38 36 94:5445292:1832:1:2393:4.59
23 57 31 104 71 67 41 38 36 94 90:6058240:1832:1:2393:4.59
23 57 31 104 71 67 41 38 36 90:5858984:1832:1:2393:4.59
23 57 31 104 71 67 41 38 94 90:5147548:1832:1:2393:4.59
23 57 31 104 71 67 41 36:5042166:1832:1:2393:4.59
23 57 31 104 71 67 41 36 94:5241422:1832:1:2393:4.59
23 57 31 104 71 67 41 36 94 90:5854370:1832:1:2393:4.59
23 57 31 104 71 67 41 36 90:5655114:1832:1:2393:4.59
23 57 31 104 71 67 38 36 94 90:5249680:1832:1:2393:4.59
23 57 31 104 71 67 38 36 90:5050424:1832:1:2393:4.59
23 57 31 104 71 67 97 36 94 90:5170596:1736:1:2344:4.85
23 57 31 104 71 67 36 94 90:5067741:1840:1:2177:4.57
23 57 31 104 71 41 38 36 94 90:5557165:1832:1:2393:4.59
23 57 31 104 71 41 38 36 90:5357909:1832:1:2393:4.59
23 57 31 104 71 41 36 94 90:5353295:1832:1:2393:4.59
23 57 31 104 71 41 36 90:5154039:1832:1:2393:4.59
23 57 31 104 67 41 38 36 94 90:5343827:1832:1:2393:4.59
23 57 31 104 67 41 38 36 90:5144571:1832:1:2393:4.59
23 57 31 104 67 41 36 94 90:5139957:1832:1:2393:4.59
23 57 31 71 67 41 38 36 94 90:5259296:1832:1:2393:4.59
23 57 31 71 67 41 38 36 90:5060040:1832:1:2393:4.59
23 57 31 71 67 41 36 94 90:5055426:1832:1:2393:4.59
23 57 104 56 71 67 41 38 97 36:5059144:1800:1:2700:4.67
23 57 104 56 71 67 41 38 97 36 94:5255188:1800:1:2700:4.67
23 57 104 56 71 67 41 38 97 36 94 90:5857162:1800:1:2700:4.67
23 57 104 56 71 67 41 38 97 36 90:5661118:1800:1:2700:4.67
23 57 104 56 71 67 41 38 36 94 90:5458670:1800:1:2700:4.67
23 57 104 56 71 67 41 38 36 90:5262626:1800:1:2700:4.67
23 57 104 56 71 67 41 97 36 94:5054582:1800:1:2700:4.67
23 57 104 56 71 67 41 97 36 94 90:5656556:1800:1:2700:4.67
23 57 104 56 71 67 41 97 36 90:5460512:1800:1:2700:4.67
23 57 104 56 71 67 41 36 94 90:5258064:1800:1:2700:4.67
23 57 104 56 71 67 41 36 90:5062020:1800:1:2700:4.67
23 57 104 56 71 67 38 97 36 94 90:5064050:1800:1:2700:4.67
23 57 104 56 71 67 97 36 94 90:5110358:1896:1:2700:4.44
23 57 104 56 71 41 38 97 36 94 90:5575755:1872:1:2692:4.49
23 57 104 56 71 41 38 97 36 90:5371219:1872:1:2692:4.49
23 57 104 56 71 41 38 36 94 90:5160863:1872:1:2692:4.49
23 57 104 56 71 41 97 36 94 90:5367081:1872:1:2692:4.49
23 57 104 56 71 41 97 36 90:5162545:1872:1:2692:4.49
23 57 104 56 67 41 38 97 36 94 90:5360749:1872:1:2696:4.49
23 57 104 56 67 41 38 97 36 90:5157081:1872:1:2696:4.49
23 57 104 56 67 41 97 36 94 90:5152057:1872:1:2696:4.49
23 57 104 56 41 38 97 36 94 90:5219254:2016:1:2688:4.17
23 57 104 71 67 41 38 97 36 94 90:5559454:1800:1:2700:4.67
23 57 104 71 67 41 38 97 36 90:5363410:1800:1:2700:4.67
23 57 104 71 67 41 38 36 94 90:5452835:1904:1:2393:4.42
23 57 104 71 67 41 38 36 90:5245673:1904:1:2393:4.42
23 57 104 71 67 41 97 36 94 90:5358848:1800:1:2700:4.67
23 57 104 71 67 41 97 36 90:5162804:1800:1:2700:4.67
23 57 104 71 67 41 36 94 90:5240761:1904:1:2393:4.42
23 57 104 71 67 41 36 90:5033599:1904:1:2393:4.42
23 57 104 71 41 38 97 36 94 90:5266482:1872:1:2692:4.49
23 57 104 71 41 38 97 36 90:5061946:1872:1:2692:4.49
23 57 104 71 41 38 36 94 90:5116723:1976:1:2393:4.26
23 57 104 71 41 97 36 94 90:5057808:1872:1:2692:4.49
23 57 104 67 41 38 97 36 94 90:5050804:1872:1:2696:4.49
23 57 56 71 67 41 38 97 36 94 90:5069274:1800:1:2700:4.67
23 31 104 71 67 41 38 36 94:5143240:1832:1:2393:4.59
23 31 104 71 67 41 38 36 94 90:5756188:1832:1:2393:4.59
23 31 104 71 67 41 38 36 90:5556932:1832:1:2393:4.59
23 31 104 71 67 41 36 94 90:5552318:1832:1:2393:4.59
23 31 104 71 67 41 36 90:5353062:1832:1:2393:4.59
23 31 104 71 41 38 36 94 90:5255113:1832:1:2393:4.59
23 31 104 71 41 38 36 90:5055857:1832:1:2393:4.59
23 31 104 71 41 36 94 90:5051243:1832:1:2393:4.59
23 31 104 67 41 38 36 94 90:5041775:1832:1:2393:4.59
23 31 1 71 67 41 38 36:5376936:1952:1:2177:4.31
23 31 1 71 67 41 38 36 94:5590380:1952:1:2177:4.31
23 31 1 71 67 41 38 36 94 90:6245202:1952:1:2177:4.31
23 31 1 71 67 41 38 36 90:6031758:1952:1:2177:4.31
23 31 1 71 67 41 38 94 90:5278665:1952:1:2177:4.31
23 31 1 71 67 41 38 90:5065221:1952:1:2177:4.31
23 31 1 71 67 41 36:5160556:1952:1:2177:4.31
23 31 1 71 67 41 36 94:5374000:1952:1:2177:4.31
23 31 1 71 67 41 36 94 90:6028822:1952:1:2177:4.31
23 31 1 71 67 41 36 90:5815378:1952:1:2177:4.31
23 31 1 71 67 41 94 90:5062285:1952:1:2177:4.31
23 31 1 71 67 38 36 94 90:5381314:1952:1:2177:4.31
23 31 1 71 67 38 36 90:5167870:1952:1:2177:4.31
23 31 1 71 67 36 94 90:5164934:1952:1:2177:4.31
23 31 1 71 41 38 36 94:5057985:1952:1:2177:4.31
23 31 1 71 41 38 36 94 90:5712807:1952:1:2177:4.31
23 31 1 71 41 38 36 90:5499363:1952:1:2177:4.31
23 31 1 71 41 36 94 90:5496427:1952:1:2177:4.31
23 31 1 71 41 36 90:5282983:1952:1:2177:4.31
23 31 1 67 41 38 36 94 90:5476420:1952:1:2177:4.31
23 31 1 67 41 38 36 90:5262976:1952:1:2177:4.31
23 31 1 67 41 36 94 90:5260040:1952:1:2177:4.31
23 31 1 67 41 36 90:5046596:1952:1:2177:4.31
23 31 71 67 41 38 36 94 90:5473744:2024:1:2177:4.16
23 31 71 67 41 38 36 90:5252426:2024:1:2177:4.16
23 31 71 67 41 36 94 90:5249170:2024:1:2177:4.16
23 31 71 67 41 36 90:5027852:2024:1:2177:4.16
23 104 56 71 67 41 38 97 36 94 90:5560699:1800:1:2700:4.67
23 104 56 71 67 41 38 97 36 90:5364655:1800:1:2700:4.67
23 104 56 71 67 41 38 36 94 90:5162207:1800:1:2700:4.67
23 104 56 71 67 41 97 36 94 90:5360093:1800:1:2700:4.67
23 104 56 71 67 41 97 36 90:5164049:1800:1:2700:4.67
23 104 56 71 41 38 97 36 94 90:5267127:1872:1:2692:4.49
23 104 56 71 41 38 97 36 90:5062591:1872:1:2692:4.49
23 104 56 71 41 97 36 94 90:5058453:1872:1:2692:4.49
23 104 56 67 41 38 97 36 94 90:5051542:1872:1:2696:4.49
23 104 71 67 41 38 97 36:5739132:2312:1:2700:3.64
23 104 71 67 41 38 97 36 94:5989230:2312:1:2700:3.64
23 104 71 67 41 38 97 36 94 90:6758814:2312:1:2700:3.64
23 104 71 67 41 38 97 36 90:6508716:2312:1:2700:3.64
23 104 71 67 41 38 97 94 90:5598111:2312:1:2700:3.64
23 104 71 67 41 38 97 90:5348013:2312:1:2700:3.64
23 104 71 67 41 38 36:5455191:2416:1:2393:3.48
23 104 71 67 41 38 36 94:5716407:2416:1:2393:3.48
23 104 71 67 41 38 36 94 90:6520941:2416:1:2393:3.48
23 104 71 67 41 38 36 90:6259725:2416:1:2393:3.48
23 104 71 67 41 38 94 90:5308488:2416:1:2393:3.48
23 104 71 67 41 38 90:5047272:2416:1:2393:3.48
23 104 71 67 41 97 36:5482706:2312:1:2700:3.64
23 104 71 67 41 97 36 94:5732804:2312:1:2700:3.64
23 104 71 67 41 97 36 94 90:6502388:2312:1:2700:3.64
23 104 71 67 41 97 36 90:6252290:2312:1:2700:3.64
23 104 71 67 41 97 94 90:5341685:2312:1:2700:3.64
23 104 71 67 41 97 90:5091587:2312:1:2700:3.64
23 104 71 67 41 36:5187297:2416:1:2393:3.48
23 104 71 67 41 36 94:5448513:2416:1:2393:3.48
23 104 71 67 41 36 94 90:6253047:2416:1:2393:3.48
23 104 71 67 41 36 90:5991831:2416:1:2393:3.48
23 104 71 67 41 94 90:5040594:2416:1:2393:3.48
23 104 71 67 38 97 36:5237113:2568:1:2700:3.28
23 104 71 67 38 97 36 94:5514645:2568:1:2700:3.28
23 104 71 67 38 97 36 94 90:6368859:2568:1:2700:3.28
23 104 71 67 38 97 36 90:6091327:2568:1:2700:3.28
23 104 71 67 38 97 94 90:5081454:2568:1:2700:3.28
23 104 71 67 38 36 94:5140118:2672:1:2393:3.15
23 104 71 67 38 36 94 90:6029282:2672:1:2393:3.15
23 104 71 67 38 36 90:5740632:2672:1:2393:3.15
23 104 71 67 97 36:5143625:2672:1:2344:3.15
23 104 71 67 97 36 94:5432663:2672:1:2344:3.15
23 104 71 67 97 36 94 90:6317693:2672:1:2344:3.15
23 104 71 67 97 36 90:6028655:2672:1:2344:3.15
23 104 71 67 36 94:5025160:2776:1:2121:3.03
23 104 71 67 36 94 90:5945140:2776:1:2121:3.03
23 104 71 67 36 90:5644984:2776:1:2121:3.03
23 104 71 41 38 97 36:5262075:2384:1:2692:3.53
23 104 71 41 38 97 36 94:5520665:2384:1:2692:3.53
23 104 71 41 38 97 36 94 90:6312287:2384:1:2692:3.53
23 104 71 41 38 97 36 90:6053697:2384:1:2692:3.53
23 104 71 41 38 97 94 90:5116871:2384:1:2692:3.53
23 104 71 41 38 36 94:5204702:2488:1:2393:3.38
23 104 71 41 38 36 94 90:6031274:2488:1:2393:3.38
23 104 71 41 38 36 90:5761566:2488:1:2393:3.38
23 104 71 41 97 36 94:5256171:2384:1:2692:3.53
23 104 71 41 97 36 94 90:6047793:2384:1:2692:3.53
23 104 71 41 97 36 90:5789203:2384:1:2692:3.53
23 104 71 41 36 94 90:5755312:2488:1:2393:3.38
23 104 71 41 36 90:5485604:2488:1:2393:3.38
23 104 71 38 97 36 94 90:5824935:2640:1:2692:3.19
23 104 71 38 97 36 90:5538911:2640:1:2692:3.19
23 104 71 38 36 94 90:5442218:2744:1:2393:3.07
23 104 71 38 36 90:5145076:2744:1:2393:3.07
23 104 71 97 36 94 90:5735796:2744:1:2344:3.07
23 104 71 97 36 90:5438266:2744:1:2344:3.07
23 104 71 36 94 90:5320103:2848:1:2121:2.95
23 104 71 36 90:5011455:2848:1:2121:2.95
23 104 67 41 38 97 36:5390750:2576:1:2696:3.27
23 104 67 41 38 97 36 94:5669582:2576:1:2696:3.27
23 104 67 41 38 97 36 94 90:6526508:2576:1:2696:3.27
23 104 67 41 38 97 36 90:6247676:2576:1:2696:3.27
23 104 67 41 38 97 94 90:5232974:2576:1:2696:3.27
23 104 67 41 38 36:5010952:2680:1:2393:3.14
23 104 67 41 38 36 94:5300902:2680:1:2393:3.14
23 104 67 41 38 36 94 90:6192778:2680:1:2393:3.14
23 104 67 41 38 36 90:5902828:2680:1:2393:3.14
23 104 67 41 97 36:5105526:2576:1:2696:3.27
23 104 67 41 97 36 94:5384358:2576:1:2696:3.27
23 104 67 41 97 36 94 90:6241284:2576:1:2696:3.27
23 104 67 41 97 36 90:5962452:2576:1:2696:3.27
23 104 67 41 36 94:5004210:2680:1:2393:3.14
23 104 67 41 36 94 90:5896086:2680:1:2393:3.14
23 104 67 41 36 90:5606136:2680:1:2393:3.14
23 104 67 38 97 36 94 90:5919749:2832:1:2696:2.97
23 104 67 38 97 36 90:5613483:2832:1:2696:2.97
23 104 67 38 36 94 90:5484315:2936:1:2393:2.87
23 104 67 38 36 90:5166931:2936:1:2393:2.87
23 104 67 97 36 94 90:5801516:2936:1:2344:2.87
23 104 67 97 36 90:5483744:2936:1:2344:2.87
23 104 67 36 94 90:5333106:3040:1:2121:2.77
23 104 67 36 90:5004216:3040:1:2121:2.77
23 104 41 38 97 36 94:5239049:2720:1:2688:3.09
23 104 41 38 97 36 94 90:6141287:2720:1:2688:3.09
23 104 41 38 97 36 90:5846461:2720:1:2688:3.09
23 104 41 38 36 94 90:5747521:2824:1:2393:2.98
23 104 41 38 36 90:5441577:2824:1:2393:2.98
23 104 41 97 36 94 90:5840299:2720:1:2688:3.09
23 104 41 97 36 90:5545473:2720:1:2688:3.09
23 104 41 36 94 90:5435065:2824:1:2393:2.98
23 104 41 36 90:5129121:2824:1:2393:2.98
23 104 38 97 36 94 90:5406083:2976:1:2688:2.83
23 104 38 97 36 90:5083823:2976:1:2688:2.83
23 104 97 36 94 90:5242181:3080:1:2344:2.73
23 1 71 67 41 38 36:5704769:2464:1:2129:3.41
23 1 71 67 41 38 36 94:5972267:2464:1:2129:3.41
23 1 71 67 41 38 36 94 90:6794699:2464:1:2129:3.41
23 1 71 67 41 38 36 90:6527201:2464:1:2129:3.41
23 1 71 67 41 38 94 90:5563931:2464:1:2129:3.41
23 1 71 67 41 38 90:5296433:2464:1:2129:3.41
23 1 71 67 41 36:5432569:2464:1:2129:3.41
23 1 71 67 41 36 94:5700067:2464:1:2129:3.41
23 1 71 67 41 36 94 90:6522499:2464:1:2129:3.41
23 1 71 67 41 36 90:6255001:2464:1:2129:3.41
23 1 71 67 41 94 90:5291731:2464:1:2129:3.41
23 1 71 67 41 90:5024233:2464:1:2129:3.41
23 1 71 67 38 36 94 90:5709555:2464:1:2129:3.41
23 1 71 67 38 36 90:5442057:2464:1:2129:3.41
23 1 71 67 36 94 90:5636643:2560:1:2129:3.29
23 1 71 67 36 90:5358611:2560:1:2129:3.29
23 1 71 41 38 36:5030984:2464:1:2129:3.41
23 1 71 41 38 36 94:5298482:2464:1:2129:3.41
23 1 71 41 38 36 94 90:6120914:2464:1:2129:3.41
23 1 71 41 38 36 90:5853416:2464:1:2129:3.41
23 1 71 41 36 94:5026282:2464:1:2129:3.41
23 1 71 41 36 94 90:5848714:2464:1:2129:3.41
23 1 71 41 36 90:5581216:2464:1:2129:3.41
23 1 71 38 36 94 90:5035770:2464:1:2129:3.41
23 1 67 41 38 36:5106698:2656:1:2129:3.17
23 1 67 41 38 36 94:5395306:2656:1:2129:3.17
23 1 67 41 38 36 94 90:6282016:2656:1:2129:3.17
23 1 67 41 38 36 90:5993408:2656:1:2129:3.17
23 1 67 41 36 94:5102394:2656:1:2129:3.17
23 1 67 41 36 94 90:5989104:2656:1:2129:3.17
23 1 67 41 36 90:5700496:2656:1:2129:3.17
23 1 67 38 36 94 90:5111920:2656:1:2129:3.17
23 1 41 38 36 94 90:5554576:2656:1:2129:3.17
23 1 41 38 36 90:5265968:2656:1:2129:3.17
23 1 41 36 94 90:5261664:2656:1:2129:3.17
23 71 67 41 38 97 36 94 90:5750334:2312:1:2700:3.64
23 71 67 41 38 97 36 90:5500236:2312:1:2700:3.64
23 71 67 41 38 36 94:5031873:2608:1:2129:3.23
23 71 67 41 38 36 94 90:5901873:2608:1:2129:3.23
23 71 67 41 38 36 90:5618595:2608:1:2129:3.23
23 71 67 41 97 36 94 90:5493908:2312:1:2700:3.64
23 71 67 41 97 36 90:5243810:2312:1:2700:3.64
23 71 67 41 36 94 90:5613275:2608:1:2129:3.23
23 71 67 41 36 90:5329997:2608:1:2129:3.23
23 71 67 38 97 36 94 90:5254563:2568:1:2700:3.28
23 71 67 38 36 94 90:5221358:2864:1:2129:2.94
23 71 67 97 36 94 90:5160029:2672:1:2344:3.15
23 71 67 36 94 90:5073144:2968:1:2121:2.83
23 71 41 38 97 36 94 90:5270975:2384:1:2692:3.53
23 71 41 38 97 36 90:5012385:2384:1:2692:3.53
23 71 41 38 36 94 90:5329699:2680:1:2129:3.14
23 71 41 38 36 90:5037929:2680:1:2129:3.14
23 71 41 97 36 94 90:5006481:2384:1:2692:3.53
23 71 41 36 94 90:5033033:2680:1:2129:3.14
23 67 41 38 97 36 94 90:5403108:2576:1:2696:3.27
23 67 41 38 97 36 90:5124276:2576:1:2696:3.27
23 67 41 38 36 94 90:5378395:2872:1:2129:2.93
23 67 41 38 36 90:5066383:2872:1:2129:2.93
23 67 41 97 36 94 90:5117884:2576:1:2696:3.27
23 67 41 36 94 90:5060999:2872:1:2129:2.93
2 120 24 38 97 36:5150580:2456:1:3906:3.43
2 120 24 38 97 36 94:5421442:2456:1:3906:3.43
2 120 24 38 97 36 94 90:6238306:2456:1:3906:3.43
2 120 24 38 97 36 90:5967444:2456:1:3906:3.43
2 120 24 38 97 94 90:5028409:2456:1:3906:3.43
2 120 24 38 36 94 90:5695614:2456:1:3906:3.43
2 120 24 38 36 90:5424752:2456:1:3906:3.43
2 120 24 97 36 94:5244775:2504:1:3906:3.36
2 120 24 97 36 94 90:6076807:2504:1:3906:3.36
2 120 24 97 36 90:5800813:2504:1:3906:3.36
2 120 24 36 94 90:5523631:2504:1:3906:3.36
2 120 24 36 90:5247637:2504:1:3906:3.36
2 120 38 97 36 94 90:5555864:2728:1:2754:3.08
2 120 38 97 36 90:5255650:2728:1:2754:3.08
2 120 38 36 94 90:5084299:2800:1:2754:3.0
2 120 97 36 94 90:5343239:2776:1:2754:3.03
2 120 97 36 90:5037893:2776:1:2754:3.03
2 24 38 97 36:5220139:3152:1:3905:2.67
2 24 38 97 36 94:5568409:3152:1:3905:2.67
2 24 38 97 36 94 90:6615691:3152:1:3905:2.67
2 24 38 97 36 90:6267421:3152:1:3905:2.67
2 24 38 97 94 90:5057611:3152:1:3905:2.67
2 24 38 36 94 90:5963063:3176:1:3905:2.65
2 24 38 36 90:5612169:3176:1:3905:2.65
2 24 97 36:5026369:3256:1:3905:2.58
2 24 97 36 94:5372908:3248:1:3905:2.59
2 24 97 36 94 90:6451894:3248:1:3905:2.59
2 24 97 36 90:6107857:3256:1:3905:2.58
2 24 36 94 90:5775334:3272:1:3905:2.57
2 24 36 90:5426553:3280:1:3905:2.57
2 38 97 36 94 90:5904205:3696:1:2753:2.28
2 38 97 36 90:5496977:3696:1:2753:2.28
2 38 36 94 90:5218357:3792:1:2753:2.22
2 97 36 94 90:5643606:3800:1:2753:2.21
2 97 36 90:5236903:3808:1:2753:2.21
57 31 104 71 67 41 38 36:5046174:1832:1:2393:4.59
57 31 104 71 67 41 38 36 94:5245430:1832:1:2393:4.59
57 31 104 71 67 41 38 36 94 90:5858378:1832:1:2393:4.59
57 31 104 71 67 41 38 36 90:5659122:1832:1:2393:4.59
57 31 104 71 67 41 36 94:5041560:1832:1:2393:4.59
57 31 104 71 67 41 36 94 90:5654508:1832:1:2393:4.59
57 31 104 71 67 41 36 90:5455252:1832:1:2393:4.59
57 31 104 71 67 38 36 94 90:5049818:1832:1:2393:4.59
57 31 104 71 41 38 36 94 90:5357303:1832:1:2393:4.59
57 31 104 71 41 38 36 90:5158047:1832:1:2393:4.59
57 31 104 71 41 36 94 90:5153433:1832:1:2393:4.59
57 31 104 67 41 38 36 94 90:5143965:1832:1:2393:4.59
57 31 1 71 67 97 36 94 90:5101875:1746:1:2547:4.82
57 31 71 67 41 38 36 94 90:5059434:1832:1:2393:4.59
57 104 56 71 67 41 38 97 36 94:5058856:1800:1:2700:4.67
57 104 56 71 67 41 38 97 36 94 90:5660830:1800:1:2700:4.67
57 104 56 71 67 41 38 97 36 90:5464786:1800:1:2700:4.67
57 104 56 71 67 41 38 36 94 90:5262338:1800:1:2700:4.67
57 104 56 71 67 41 38 36 90:5066294:1800:1:2700:4.67
57 104 56 71 67 41 97 36 94 90:5460224:1800:1:2700:4.67
57 104 56 71 67 41 97 36 90:5264180:1800:1:2700:4.67
57 104 56 71 67 41 36 94 90:5061732:1800:1:2700:4.67
57 104 56 71 41 38 97 36 94 90:5371471:1872:1:2692:4.49
57 104 56 71 41 38 97 36 90:5166935:1872:1:2692:4.49
57 104 56 71 41 97 36 94 90:5162797:1872:1:2692:4.49
57 104 56 67 41 38 97 36 94 90:5156791:1872:1:2696:4.49
57 104 71 67 41 38 97 36 94 90:5363122:1800:1:2700:4.67
57 104 71 67 41 38 97 36 90:5167078:1800:1:2700:4.67
57 104 71 67 41 38 36 94 90:5245095:1904:1:2393:4.42
57 104 71 67 41 38 36 90:5037933:1904:1:2393:4.42
57 104 71 67 41 97 36 94 90:5162516:1800:1:2700:4.67
57 104 71 67 41 36 94 90:5033021:1904:1:2393:4.42
57 104 71 67 97 36 94 90:5074177:2096:1:2344:4.01
57 104 71 41 38 97 36 94 90:5062198:1872:1:2692:4.49
57 41 38 97 36 94:5122236:3312:1:2688:2.54
57 41 38 97 36 94 90:6222252:3312:1:2688:2.54
57 41 38 97 36 90:5859984:3312:1:2688:2.54
57 41 38 36 94 90:5687830:3432:1:2377:2.45
57 41 38 36 90:5312450:3432:1:2377:2.45
57 41 97 36 94 90:5853938:3312:1:2688:2.54
57 41 97 36 90:5491670:3312:1:2688:2.54
57 41 36 94 90:5306088:3432:1:2377:2.45
5 97 36 94 90:5296804:3552:1:1736:2.37
31 104 1 71 67 41:5006139:2024:1:3985:4.16
31 104 1 71 67 41 36:5452363:1832:1:3985:4.59
31 104 1 71 67 41 36 94:5651477:1832:1:3985:4.59
31 104 1 71 67 41 36 94 90:6263969:1832:1:3985:4.59
31 104 1 71 67 41 36 90:6064855:1832:1:3985:4.59
31 104 1 71 67 41 94 90:5350055:1832:1:3985:4.59
31 104 1 71 67 41 90:5681661:2024:1:3985:4.16
31 104 1 71 67 36 94:5095511:1928:1:3985:4.36
31 104 1 71 67 36 94 90:5741381:1928:1:3985:4.36
31 104 1 71 67 36 90:5532819:1928:1:3985:4.36
31 104 1 71 67 90:5010777:2120:1:3985:3.97
31 104 1 71 41 36:5144304:1904:1:3985:4.42
31 104 1 71 41 36 94:5351470:1904:1:3985:4.42
31 104 1 71 41 36 94 90:5986264:1904:1:3985:4.42
31 104 1 71 41 36 90:5779098:1904:1:3985:4.42
31 104 1 71 41 94 90:5037178:1904:1:3985:4.42
31 104 1 71 41 90:5304072:2096:1:3985:4.01
31 104 1 71 36 94 90:5406045:2000:1:3985:4.21
31 104 1 71 36 90:5189431:2000:1:3985:4.21
31 104 1 67 41 36 94:5129022:1904:1:3985:4.42
31 104 1 67 41 36 94 90:5765238:1904:1:3985:4.42
31 104 1 67 41 36 90:5557848:1904:1:3985:4.42
31 104 1 67 41 90:5070215:2096:1:3985:4.01
31 104 1 67 36 94 90:5172323:2000:1:3985:4.21
31 104 1 41 36 94 90:5669710:2064:1:3985:4.08
31 104 1 41 36 90:5444286:2064:1:3985:4.08
31 104 71 67 41 38 36 94 90:5556326:1832:1:2393:4.59
31 104 71 67 41 38 36 90:5357070:1832:1:2393:4.59
31 104 71 67 41 36 94 90:5564609:1904:1:2177:4.42
31 104 71 67 41 36 90:5357621:1904:1:2177:4.42
31 104 71 41 38 36 94 90:5055251:1832:1:2393:4.59
31 104 71 41 36 94 90:5233107:1976:1:2177:4.26
31 104 71 41 36 90:5018067:1976:1:2177:4.26
31 104 67 41 36 94 90:5004257:1976:1:2177:4.26
31 1 88 41 36 94 90:5408489:2016:1:1977:4.17
31 1 88 41 36 90:5191669:2016:1:1977:4.17
31 1 79 41 36 94 90:5174864:2016:1:1993:4.17
31 1 71 67 41:5038945:2472:1:1969:3.4
31 1 71 67 41 38 36:5164752:1952:1:2177:4.31
31 1 71 67 41 38 36 94:5378196:1952:1:2177:4.31
31 1 71 67 41 38 36 94 90:6033018:1952:1:2177:4.31
31 1 71 67 41 38 36 90:5819574:1952:1:2177:4.31
31 1 71 67 41 38 94 90:5066481:1952:1:2177:4.31
31 1 71 67 41 38 90:5318899:2144:1:2177:3.92
31 1 71 67 41 36:5783260:2280:1:1969:3.69
31 1 71 67 41 36 94:6033000:2280:1:1969:3.69
31 1 71 67 41 36 94 90:6791496:2280:1:1969:3.69
31 1 71 67 41 36 90:6541756:2280:1:1969:3.69
31 1 71 67 41 94 90:5664867:2280:1:1969:3.69
31 1 71 67 41 90:5860471:2472:1:1969:3.4
31 1 71 67 38 36 94 90:5425538:2048:1:2129:4.11
31 1 71 67 38 36 90:5202646:2048:1:2129:4.11
31 1 71 67 97 36 94:5087562:2098:1:2547:4.01
31 1 71 67 97 36 94 90:5785854:2098:1:2547:4.01
31 1 71 67 97 36 90:5557948:2098:1:2547:4.01
31 1 71 67 36:5011954:2394:1:1897:3.51
31 1 71 67 36 94:5272898:2394:1:1897:3.51
31 1 71 67 36 94 90:6071150:2394:1:1897:3.51
31 1 71 67 36 90:5810206:2394:1:1897:3.51
31 1 71 41 38 36 94 90:5500623:1952:1:2177:4.31
31 1 71 41 38 36 90:5287179:1952:1:2177:4.31
31 1 71 41 36:5893834:2608:1:1969:3.23
31 1 71 41 36 94:6178926:2608:1:1969:3.23
31 1 71 41 36 94 90:7043220:2608:1:1969:3.23
31 1 71 41 36 90:6758128:2608:1:1969:3.23
31 1 71 41 94 90:5756661:2608:1:1969:3.23
31 1 71 41 90:5860253:2800:1:1969:3.0
31 1 71 97 36 94:5092240:2372:1:2545:3.55
31 1 71 97 36 94 90:5880472:2372:1:2545:3.55
31 1 71 97 36 90:5623334:2372:1:2545:3.55
31 1 71 36 94:5279533:2740:1:1897:3.07
31 1 71 36 94 90:6190027:2740:1:1897:3.07
31 1 71 36 90:5891799:2740:1:1897:3.07
31 1 67 41 38 36 94 90:5264236:1952:1:2177:4.31
31 1 67 41 38 36 90:5050792:1952:1:2177:4.31
31 1 67 41 36:5584333:2608:1:1969:3.23
31 1 67 41 36 94:5870469:2608:1:1969:3.23
31 1 67 41 36 94 90:6741135:2608:1:1969:3.23
31 1 67 41 36 90:6454999:2608:1:1969:3.23
31 1 67 41 94 90:5454522:2608:1:1969:3.23
31 1 67 41 90:5544724:2800:1:1969:3.0
31 1 67 97 36 94 90:5726980:2420:1:2546:3.48
31 1 67 97 36 90:5463370:2420:1:2546:3.48
31 1 67 36 94:5043634:2788:1:1825:3.02
31 1 67 36 94 90:5975890:2788:1:1825:3.02
31 1 67 36 90:5670966:2788:1:1825:3.02
31 1 41 36:6103827:3280:1:1969:2.57
31 1 41 36 94:6461925:3280:1:1969:2.57
31 1 41 36 94 90:7552491:3280:1:1969:2.57
31 1 41 36 90:7194393:3280:1:1969:2.57
31 1 41 94 90:5936937:3280:1:1969:2.57
31 1 41 90:5898517:3472:1:1969:2.42
31 1 97 36 94:5211283:2968:1:2544:2.83
31 1 97 36 94 90:6200557:2968:1:2544:2.83
31 1 97 36 90:5879117:2968:1:2544:2.83
31 1 36 94:5359241:3496:1:1825:2.41
31 1 36 94 90:6523907:3496:1:1825:2.41
31 1 36 90:6143119:3496:1:1825:2.41
31 71 67 41 38 36 94 90:5253778:2024:1:2177:4.16
31 71 67 41 38 36 90:5032460:2024:1:2177:4.16
31 71 67 41 36 94:5057877:2352:1:1825:3.58
31 71 67 41 36 94 90:5839965:2352:1:1825:3.58
31 71 67 41 36 90:5582351:2352:1:1825:3.58
31 71 67 36 94 90:5051030:2474:1:1825:3.4
31 71 41 36 94:5029631:2680:1:1825:3.14
31 71 41 36 94 90:5917517:2680:1:1825:3.14
31 71 41 36 90:5624551:2680:1:1825:3.14
31 67 41 36 94 90:5600948:2680:1:1825:3.14
31 67 41 36 90:5306938:2680:1:1825:3.14
31 41 36 94 90:6074053:3352:1:1825:2.51
31 41 36 90:5708081:3352:1:1825:2.51
120 56 38 97 36 94 90:5117641:2736:1:2178:3.07
120 24 38 97 36 94 90:5586349:2528:1:3010:3.33
120 24 38 97 36 90:5307891:2528:1:3010:3.33
120 24 38 36 94 90:5028073:2528:1:3010:3.33
120 24 97 36 94 90:5558769:2648:1:3010:3.18
120 24 97 36 90:5267449:2648:1:3010:3.18
120 38 97 36 94:5031774:3664:1:1026:2.3
120 38 97 36 94 90:6252354:3664:1:1026:2.3
120 38 97 36 90:5850604:3664:1:1026:2.3
120 38 36 94 90:5568347:3752:1:1026:2.24
120 38 36 90:5157327:3752:1:1026:2.24
120 97 36 94 90:6185074:3880:1:1026:2.17
120 97 36 90:5759928:3880:1:1026:2.17
120 36 94 90:5443227:3968:1:1026:2.12
120 36 90:5008811:3968:1:1026:2.12
104 1 71 67 41:5146945:2536:1:3985:3.32
104 1 71 67 41 36:5939560:2344:1:3985:3.59
104 1 71 67 41 36 94:6192728:2344:1:3985:3.59
104 1 71 67 41 36 94 90:6972830:2344:1:3985:3.59
104 1 71 67 41 36 90:6719662:2344:1:3985:3.59
104 1 71 67 41 94:5014583:2344:1:3985:3.59
104 1 71 67 41 94 90:5794685:2344:1:3985:3.59
104 1 71 67 41 90:5990077:2536:1:3985:3.32
104 1 71 67 36:5303574:2536:1:3985:3.32
104 1 71 67 36 94:5576724:2536:1:3985:3.32
104 1 71 67 36 94 90:6419412:2536:1:3985:3.32
104 1 71 67 36 90:6146262:2536:1:3985:3.32
104 1 71 67 94 90:5145192:2536:1:3985:3.32
104 1 71 67 90:5234530:2728:1:3985:3.08
104 1 71 41 36:5456527:2416:1:3985:3.48
104 1 71 41 36 94:5717747:2416:1:3985:3.48
104 1 71 41 36 94 90:6520151:2416:1:3985:3.48
104 1 71 41 36 90:6258931:2416:1:3985:3.48
104 1 71 41 94 90:5306834:2416:1:3985:3.48
104 1 71 41 90:5437514:2608:1:3985:3.23
104 1 71 36 94:5016807:2608:1:3985:3.23
104 1 71 36 94 90:5881797:2608:1:3985:3.23
104 1 71 36 90:5600595:2608:1:3985:3.23
104 1 67 41 36:5593586:2608:1:3985:3.23
104 1 67 41 36 94:5876140:2608:1:3985:3.23
104 1 67 41 36 94 90:6744244:2608:1:3985:3.23
104 1 67 41 36 90:6461690:2608:1:3985:3.23
104 1 67 41 94 90:5431945:2608:1:3985:3.23
104 1 67 41 90:5528945:2800:1:3985:3.0
104 1 67 36 94:5069871:2800:1:3985:3.0
104 1 67 36 94 90:6000561:2800:1:3985:3.0
104 1 67 36 90:5698025:2800:1:3985:3.0
104 1 41 36:5163319:2768:1:3985:3.04
104 1 41 36 94:5463907:2768:1:3985:3.04
104 1 41 36 94 90:6383719:2768:1:3985:3.04
104 1 41 36 90:6083131:2768:1:3985:3.04
104 1 41 90:5016767:2960:1:3985:2.84
104 1 36 94 90:5518948:2960:1:3985:2.84
104 1 36 90:5198378:2960:1:3985:2.84
104 56 71 67 41 38 97 36 94 90:5364367:1800:1:2700:4.67
104 56 71 67 41 38 97 36 90:5168323:1800:1:2700:4.67
104 56 71 67 41 97 36 94 90:5163761:1800:1:2700:4.67
104 56 71 41 38 97 36 94 90:5062843:1872:1:2692:4.49
104 71 67 41 38 97 36:5486392:2312:1:2700:3.64
104 71 67 41 38 97 36 94:5736490:2312:1:2700:3.64
104 71 67 41 38 97 36 94 90:6506074:2312:1:2700:3.64
104 71 67 41 38 97 36 90:6255976:2312:1:2700:3.64
104 71 67 41 38 97 94 90:5345371:2312:1:2700:3.64
104 71 67 41 38 97 90:5517943:2504:1:2509:3.36
104 71 67 41 38 36:5191043:2416:1:2393:3.48
104 71 67 41 38 36 94:5452259:2416:1:2393:3.48
104 71 67 41 38 36 94 90:6256793:2416:1:2393:3.48
104 71 67 41 38 36 90:5995577:2416:1:2393:3.48
104 71 67 41 38 94 90:5044340:2416:1:2393:3.48
104 71 67 41 38 90:5163786:2608:1:2393:3.23
104 71 67 41 97 36:5229966:2312:1:2700:3.64
104 71 67 41 97 36 94:5480064:2312:1:2700:3.64
104 71 67 41 97 36 94 90:6249648:2312:1:2700:3.64
104 71 67 41 97 36 90:5999550:2312:1:2700:3.64
104 71 67 41 97 94 90:5088945:2312:1:2700:3.64
104 71 67 41 97 90:5240999:2504:1:2509:3.36
104 71 67 41 36:5071370:2488:1:2089:3.38
104 71 67 41 36 94:5340318:2488:1:2089:3.38
104 71 67 41 36 94 90:6167988:2488:1:2089:3.38
104 71 67 41 36 90:5899040:2488:1:2089:3.38
104 71 67 41 90:5008364:2680:1:2089:3.14
104 71 67 38 97 36:5336351:2760:1:2700:3.05
104 71 67 38 97 36 94:5634039:2760:1:2700:3.05
104 71 67 38 97 36 94 90:6555039:2760:1:2700:3.05
104 71 67 38 97 36 90:6257351:2760:1:2700:3.05
104 71 67 38 97 94 90:5168166:2760:1:2700:3.05
104 71 67 38 97 90:5207076:2952:1:2509:2.85
104 71 67 38 36 94:5203756:2864:1:2393:2.94
104 71 67 38 36 94 90:6159706:2864:1:2393:2.94
104 71 67 38 36 90:5850900:2864:1:2393:2.94
104 71 67 97 36:5382744:2960:1:2344:2.84
104 71 67 97 36 94:5702344:2960:1:2344:2.84
104 71 67 97 36 94 90:6685864:2960:1:2344:2.84
104 71 67 97 36 90:6366264:2960:1:2344:2.84
104 71 67 97 94 90:5206363:2960:1:2344:2.84
104 71 67 97 90:5202843:3152:1:2153:2.67
104 71 67 36:5006316:3136:1:1817:2.68
104 71 67 36 94:5344766:3136:1:1817:2.68
104 71 67 36 94 90:6386372:3136:1:1817:2.68
104 71 67 36 90:6047922:3136:1:1817:2.68
104 71 41 38 97 36:5001383:2384:1:2692:3.53
104 71 41 38 97 36 94:5259973:2384:1:2692:3.53
104 71 41 38 97 36 94 90:6051595:2384:1:2692:3.53
104 71 41 38 97 36 90:5793005:2384:1:2692:3.53
104 71 41 38 36 94 90:5759174:2488:1:2393:3.38
104 71 41 38 36 90:5489466:2488:1:2393:3.38
104 71 41 97 36 94 90:5787101:2384:1:2692:3.53
104 71 41 97 36 90:5528511:2384:1:2692:3.53
104 71 41 36 94 90:5798290:2632:1:2089:3.2
104 71 41 36 90:5512798:2632:1:2089:3.2
104 71 38 97 36 94:5005130:2832:1:2692:2.97
104 71 38 97 36 94 90:5948168:2832:1:2692:2.97
104 71 38 97 36 90:5641988:2832:1:2692:2.97
104 71 38 36 94 90:5509695:2936:1:2393:2.87
104 71 38 36 90:5192397:2936:1:2393:2.87
104 71 97 36 94:5007832:3032:1:2344:2.77
104 71 97 36 94 90:6013390:3032:1:2344:2.77
104 71 97 36 90:5685298:3032:1:2344:2.77
104 71 36 94 90:5774171:3280:1:1817:2.57
104 71 36 90:5419177:3280:1:1817:2.57
104 67 41 38 97 36:5110150:2576:1:2696:3.27
104 67 41 38 97 36 94:5388982:2576:1:2696:3.27
104 67 41 38 97 36 94 90:6245908:2576:1:2696:3.27
104 67 41 38 97 36 90:5967076:2576:1:2696:3.27
104 67 41 38 97 90:5027206:2768:1:2505:3.04
104 67 41 38 36 94:5008894:2680:1:2393:3.14
104 67 41 38 36 94 90:5900770:2680:1:2393:3.14
104 67 41 38 36 90:5610820:2680:1:2393:3.14
104 67 41 97 36 94:5103758:2576:1:2696:3.27
104 67 41 97 36 94 90:5960684:2576:1:2696:3.27
104 67 41 97 36 90:5681852:2576:1:2696:3.27
104 67 41 36 94 90:5907524:2824:1:2089:2.98
104 67 41 36 90:5601566:2824:1:2089:2.98
104 67 38 97 36 94 90:6001636:3024:1:2696:2.78
104 67 38 97 36 90:5675214:3024:1:2696:2.78
104 67 38 36 94 90:5510446:3128:1:2393:2.69
104 67 38 36 90:5172906:3128:1:2393:2.69
104 67 97 36 94 90:6028623:3224:1:2344:2.61
104 67 97 36 90:5680289:3224:1:2344:2.61
104 67 36 94 90:5726119:3472:1:1817:2.42
104 67 36 90:5350659:3472:1:1817:2.42
104 41 38 97 36 94 90:5844889:2720:1:2688:3.09
104 41 38 97 36 90:5550063:2720:1:2688:3.09
104 41 38 36 94 90:5473938:2840:1:2377:2.96
104 41 38 36 90:5166000:2840:1:2377:2.96
104 41 97 36 94 90:5543901:2720:1:2688:3.09
104 41 97 36 90:5249075:2720:1:2688:3.09
104 41 36 94 90:5671004:3128:1:2089:2.69
104 41 36 90:5331018:3128:1:2089:2.69
104 38 97 36 94 90:5417177:3168:1:2688:2.66
104 38 97 36 90:5074761:3168:1:2688:2.66
104 97 36 94 90:5370865:3368:1:2344:2.5
104 97 36 90:5006537:3368:1:2344:2.5
104 36 94 90:5179896:3776:1:1817:2.23
1 88 79 41 36 94:5002856:2288:1:2001:3.68
1 88 79 41 36 94 90:5754248:2288:1:2001:3.68
1 88 79 41 36 90:5507364:2288:1:2001:3.68
1 88 79 36 94 90:5265916:2528:1:1828:3.33
1 88 67 41 36 94 90:5216087:2064:1:1977:4.08
1 88 41 36 94:5203274:2720:1:1977:3.09
1 88 41 36 94 90:6099260:2720:1:1977:3.09
1 88 41 36 90:5807276:2720:1:1977:3.09
1 88 97 36 94 90:5151878:2544:1:2976:3.31
1 88 36 94 90:5349043:2960:1:1826:2.84
1 88 36 90:5031565:2960:1:1826:2.84
1 79 41 36 94 90:5791192:2720:1:1993:3.09
1 79 41 36 90:5497750:2720:1:1993:3.09
1 79 97 36 94 90:5014590:2616:1:2544:3.22
1 79 36 94 90:5144294:3032:1:1827:2.77
1 71 67 41 38 36:5436177:2464:1:2129:3.41
1 71 67 41 38 36 94:5703675:2464:1:2129:3.41
1 71 67 41 38 36 94 90:6526107:2464:1:2129:3.41
1 71 67 41 38 36 90:6258609:2464:1:2129:3.41
1 71 67 41 38 94 90:5295339:2464:1:2129:3.41
1 71 67 41 38 90:5411543:2656:1:2129:3.17
1 71 67 41 36:5851777:2792:1:1969:3.01
1 71 67 41 36 94:6155571:2792:1:1969:3.01
1 71 67 41 36 94 90:7081677:2792:1:1969:3.01
1 71 67 41 36 90:6777883:2792:1:1969:3.01
1 71 67 41 94 90:5690817:2792:1:1969:3.01
1 71 67 41 90:5750207:2984:1:1969:2.82
1 71 67 38 36 94 90:5659123:2560:1:2129:3.29
1 71 67 38 36 90:5382177:2560:1:2129:3.29
1 71 67 97 36:5075981:2706:1:2547:3.11
1 71 67 97 36 94:5368475:2706:1:2547:3.11
1 71 67 97 36 94 90:6263585:2706:1:2547:3.11
1 71 67 97 36 90:5971091:2706:1:2547:3.11
1 71 67 36 94:5289063:3002:1:1897:2.8
1 71 67 36 94 90:6284133:3002:1:1897:2.8
1 71 67 36 90:5958601:3002:1:1897:2.8
1 71 41 38 36 94:5029890:2464:1:2129:3.41
1 71 41 38 36 94 90:5852322:2464:1:2129:3.41
1 71 41 38 36 90:5584824:2464:1:2129:3.41
1 71 41 36:5675945:3120:1:1969:2.7
1 71 41 36 94:6015091:3120:1:1969:2.7
1 71 41 36 94 90:7046995:3120:1:1969:2.7
1 71 41 36 90:6707849:3120:1:1969:2.7
1 71 41 94 90:5496205:3120:1:1969:2.7
1 71 41 90:5463583:3312:1:1969:2.54
1 71 97 36 94:5086322:2980:1:2545:2.82
1 71 97 36 94 90:6071372:2980:1:2545:2.82
1 71 97 36 90:5749646:2980:1:2545:2.82
1 71 36 94 90:6082595:3348:1:1897:2.51
1 71 36 90:5719779:3348:1:1897:2.51
1 67 41 38 36 94:5106480:2656:1:2129:3.17
1 67 41 38 36 94 90:5993190:2656:1:2129:3.17
1 67 41 38 36 90:5704582:2656:1:2129:3.17
1 67 41 36:5639599:3312:1:1969:2.54
1 67 41 36 94:6000899:3312:1:1969:2.54
1 67 41 36 94 90:7103453:3312:1:1969:2.54
1 67 41 36 90:6742153:3312:1:1969:2.54
1 67 41 94 90:5453888:3312:1:1969:2.54
1 67 41 90:5386766:3504:1:1969:2.4
1 67 38 97 36 94 90:5256915:2576:1:2976:3.27
1 67 38 36 94 90:5087805:2800:1:2129:3.0
1 67 97 36 94:5127934:3220:1:2546:2.61
1 67 97 36 94 90:6197602:3220:1:2546:2.61
1 67 97 36 90:5848294:3220:1:2546:2.61
1 67 36 94 90:6110248:3588:1:1825:2.34
1 67 36 90:5719626:3588:1:1825:2.34
1 41 38 36 94 90:5299115:2672:1:2113:3.15
1 41 38 36 90:5008513:2672:1:2113:3.15
1 41 36:5665152:3984:1:1969:2.11
1 41 36 94:6098414:3984:1:1969:2.11
1 41 36 94 90:7420868:3984:1:1969:2.11
1 41 36 90:6987606:3984:1:1969:2.11
1 41 94 90:5442362:3984:1:1969:2.11
1 41 90:5246618:4176:1:1969:2.01
1 97 36 94 90:6204925:3768:1:2544:2.23
1 97 36 90:5797787:3768:1:2544:2.23
1 36 94 90:6122059:4296:1:1825:1.96
1 36 90:5655573:4296:1:1825:1.96
88 79 67 97 36 94 90:5142017:2464:1:1297:3.41
88 79 67 36 94 90:5160841:2760:1:1297:3.05
88 79 41 36 94 90:5358212:2648:1:1828:3.18
88 79 41 36 90:5071930:2648:1:1828:3.18
88 79 97 36 94 90:6041360:3336:1:1297:2.52
88 79 97 36 90:5680692:3336:1:1297:2.52
88 79 36 94 90:6014455:3776:1:1297:2.23
88 79 36 90:5605521:3776:1:1297:2.23
88 71 67 97 36 94 90:5019848:2280:1:1345:3.69
88 71 67 36 94 90:5058615:2552:1:1345:3.3
88 71 97 36 94 90:5430562:2824:1:1345:2.98
88 71 97 36 90:5126600:2824:1:1345:2.98
88 71 36 94 90:5399530:3168:1:1345:2.66
88 71 36 90:5058490:3168:1:1345:2.66
88 67 97 36 94 90:5548878:3064:1:1297:2.75
88 67 97 36 90:5218748:3064:1:1297:2.75
88 67 36 94 90:5431944:3408:1:1297:2.47
88 67 36 90:5064512:3408:1:1297:2.47
88 41 97 36 94 90:5104696:2592:1:2688:3.25
88 41 36 94 90:5390081:3080:1:1826:2.73
88 41 36 90:5058699:3080:1:1826:2.73
88 97 36 94:5003994:4152:1:1297:2.03
88 97 36 94 90:6370524:4152:1:1297:2.03
88 97 36 90:5922646:4152:1:1297:2.03
88 36 94 90:6104601:4640:1:1297:1.81
88 36 90:5603381:4640:1:1297:1.81
79 71 97 36 94 90:5186587:2860:1:1345:2.94
79 71 36 94 90:5106625:3204:1:1345:2.63
79 67 97 36 94 90:5278577:3100:1:1297:2.71
79 67 36 94 90:5110237:3444:1:1297:2.44
79 41 36 94 90:5044266:3080:1:1827:2.73
79 97 36 94 90:6075370:4256:1:1297:1.98
79 97 36 90:5615540:4256:1:1297:1.98
79 36 94 90:5724700:4744:1:1297:1.77
79 36 90:5210612:4744:1:1297:1.77
56 71 67 97 36 94 90:5120866:2584:1:1537:3.26
56 71 41 97 36 94 90:5128543:2384:1:2692:3.53
56 71 97 36 94 90:5698587:3344:1:1537:2.52
56 71 97 36 90:5332105:3344:1:1537:2.52
56 67 97 36 94 90:5331093:3344:1:1537:2.52
56 41 97 36 94 90:5343121:3040:1:2688:2.77
56 41 97 36 90:5012847:3040:1:2688:2.77
56 38 97 36 94 90:5371178:3744:1:2177:2.25
56 97 36 94 90:6416069:4864:1:1537:1.73
56 97 36 90:5883877:4864:1:1537:1.73
56 36 94 90:5344525:4864:1:1537:1.73
24 38 97 36 94 90:5833173:3296:1:3009:2.55
24 38 97 36 90:5469943:3296:1:3009:2.55
24 38 36 94 90:5167011:3336:1:3009:2.52
24 97 36:5446825:4496:1:1729:1.87
24 97 36 94:5929690:4488:1:1729:1.87
24 97 36 94 90:7419952:4488:1:1729:1.87
24 97 36 90:6939589:4496:1:1729:1.87
24 97 94 90:5205421:4488:1:1729:1.87
24 36 94:5295278:4816:1:1729:1.75
24 36 94 90:6893240:4816:1:1729:1.75
24 36 90:6374091:4824:1:1729:1.74
71 67 41 38 97 36 94 90:5497594:2312:1:2700:3.64
71 67 41 38 97 36 90:5247496:2312:1:2700:3.64
71 67 41 38 36 94 90:5617621:2608:1:2129:3.23
71 67 41 38 36 90:5334343:2608:1:2129:3.23
71 67 41 97 36 94 90:5816476:2568:1:2700:3.28
71 67 41 97 36 90:5537814:2568:1:2700:3.28
71 67 41 36 94:5019022:2936:1:1825:2.87
71 67 41 36 94 90:5992696:2936:1:1825:2.87
71 67 41 36 90:5673122:2936:1:1825:2.87
71 67 38 97 36 94:5125820:3192:1:1361:2.64
71 67 38 97 36 94 90:6188630:3192:1:1361:2.64
71 67 38 97 36 90:5844138:3192:1:1361:2.64
71 67 38 36 94 90:5988317:3488:1:1361:2.41
71 67 38 36 90:5610645:3488:1:1361:2.41
71 67 97 36:5068266:3666:1:1345:2.3
71 67 97 36 94:5464990:3666:1:1345:2.3
71 67 97 36 94 90:6677236:3666:1:1345:2.3
71 67 97 36 90:6280512:3666:1:1345:2.3
71 67 36 94:5121542:4034:1:1345:2.09
71 67 36 94 90:6457340:4034:1:1345:2.09
71 67 36 90:6019704:4034:1:1345:2.09
71 41 38 97 36 94 90:5010283:2384:1:2692:3.53
71 41 38 36 94 90:5037495:2680:1:2129:3.14
71 41 97 36 94 90:5753934:2896:1:2692:2.91
71 41 97 36 90:5439480:2896:1:2692:2.91
71 41 36 94 90:5887788:3336:1:1825:2.52
71 41 36 90:5524370:3336:1:1825:2.52
71 38 97 36 94 90:6137115:3696:1:1361:2.28
71 38 97 36 90:5735387:3696:1:1361:2.28
71 38 36 94 90:5749459:3992:1:1361:2.11
71 38 36 90:5314551:3992:1:1361:2.11
71 97 36 94:5389983:4444:1:1345:1.89
71 97 36 94 90:6858129:4444:1:1345:1.89
71 97 36 90:6374937:4444:1:1345:1.89
71 36 94 90:6464183:4884:1:1345:1.72
71 36 90:5932027:4884:1:1345:1.72
67 41 38 97 36 94 90:5122508:2576:1:2696:3.27
67 41 38 36 94 90:5066283:2872:1:2129:2.93
67 41 97 36 94 90:5787002:3088:1:2696:2.72
67 41 97 36 90:5451486:3088:1:2696:2.72
67 41 36 94 90:5825335:3528:1:1825:2.38
67 41 36 90:5440631:3528:1:1825:2.38
67 38 97 36 94 90:6094404:3936:1:1313:2.14
67 38 97 36 90:5668766:3936:1:1313:2.14
67 38 36 94 90:5613707:4232:1:1313:1.99
67 38 36 90:5154889:4232:1:1313:1.99
67 97 36 94:5156931:4684:1:1297:1.8
67 97 36 94 90:6710703:4684:1:1297:1.8
67 97 36 90:6202641:4684:1:1297:1.8
67 36 94 90:6212196:5124:1:1297:1.64
67 36 90:5654946:5124:1:1297:1.64
41 38 97 36:5108345:4016:1:2688:2.1
41 38 97 36 94:5545777:4016:1:2688:2.1
41 38 97 36 94 90:6877681:4016:1:2688:2.1
41 38 97 36 90:6440249:4016:1:2688:2.1
41 38 36 94:5038255:4352:1:1769:1.93
41 38 36 94 90:6486031:4352:1:1769:1.93
41 38 36 90:6010801:4352:1:1769:1.93
41 97 36:5827925:5040:1:2688:1.67
41 97 36 94:6375969:5040:1:2688:1.67
41 97 36 94 90:8045049:5040:1:2688:1.67
41 97 36 90:7497005:5040:1:2688:1.67
41 97 94 90:5536416:5040:1:2688:1.67
41 97 90:5179482:5232:1:2497:1.61
41 36:5286659:5664:1:1769:1.49
41 36 94:5904549:5664:1:1769:1.49
41 36 94 90:7781745:5664:1:1769:1.49
41 36 90:7163855:5664:1:1769:1.49
38 97 36:5209180:6272:1:1025:1.34
38 97 36 94:5894670:6272:1:1025:1.34
38 97 36 94 90:7976604:6272:1:1025:1.34
38 97 36 90:7291114:6272:1:1025:1.34
38 36 94 90:6940286:6608:1:1025:1.27
38 36 90:6216998:6608:1:1025:1.27
97 36:5431623:7576:1:528:1.11
97 36 94:6250990:7568:1:584:1.11
97 36 94 90:8758936:7568:1:584:1.11
97 36 90:7942071:7576:1:528:1.11
97 94 90:5006386:7568:1:584:1.11
36 94 90:7668492:8192:1:192:1.03
36 90:6779661:8200:1:192:1.03
