102 3
108 1
114 2
115 4
133 3
139 10
145 1
146 10
149 1
155 3
159 5
160 7
163 6
183 5
208 4
212 3
217 1
227 2
235 6
238 9
249 5
258 6
266 5
287 2
297 6
308 9
312 9
314 3
316 6
322 10
324 5
339 4
349 1
352 7
353 6
359 8
361 5
364 6
365 8
401 10
403 1
407 10
409 5
424 5
428 7
433 4
434 6
447 2
454 8
456 8
457 7
464 5
470 2
472 5
475 5
479 10
483 7
490 4
492 5
494 5
498 6
499 10
502 6
522 5
525 8
550 2
552 5
557 4
558 8
559 7
561 1
571 3
580 7
593 10
594 5
614 5
629 7
631 9
633 9
641 3
643 7
647 3
658 1
663 2
680 8
692 7
693 3
699 1
717 8
725 5
730 5
734 2
758 1
760 4
770 10
780 7
781 2
788 7
789 2
796 9
808 10
818 10
828 5
831 3
832 3
843 8
855 9
859 7
861 2
866 7
867 3
872 8
874 3
881 3
893 8
934 2
952 2
969 6
1012 8
1014 7
1016 6
1025 9
1051 10
1221 3
1224 10
1258 10
1361 7
1377 7
1399 8
1400 2
1408 10
1437 7
1488 8
1500 5
1643 4
1649 6
1799 3
1814 9
1838 10
1876 9
1931 5
1998 6
2070 2
2140 8
2226 5
2229 6
2249 7
2313 1
2368 7
2381 8
2393 7
2511 2
2618 3
2629 8
2666 2
2677 4
2737 4
2779 6
2834 4
2849 1
2870 6
2878 5
2889 6
2912 5
2916 6
2928 1
2945 1
2992 10
3005 6
3036 3
3097 5
3120 2
3135 1
3136 2
3138 2
3201 2
3221 1
3224 9
3273 8
3285 4
3301 5
3309 8
3310 3
3326 10
3337 10
3345 8
3347 2
3348 8
3355 3
3360 2
3373 3
3381 4
3382 4
3396 10
3403 8
3495 8
3522 7
3526 9
3611 6
3614 5
3620 8
3637 9
3655 8
3656 6
3657 1
3676 9
3685 9
3880 2
3910 3
3916 6
3943 8
3952 4
3963 6
3984 2
4000 7
4001 4
4020 9
4025 8
4029 9
4041 4
4043 9
4045 6
4048 9
4055 8
4059 6
4063 4
4067 4
4079 10
4084 10
4090 1
4096 1
4109 8
4111 6
4113 10
4114 2
4115 7
4119 7
4127 5
4128 7
4131 2
4139 7
4150 8
4184 10
4356 2
4357 9
4367 4
4374 6
4376 5
4381 4
4556 4
4610 3
4611 10
4616 5
4624 8
4626 1
4636 1
4656 2
4657 5
4716 9
4717 10
4718 10
4725 7
4788 1
4796 6
4797 5
4798 3
4825 5
4846 9
4852 3
4853 3
4863 8
4864 8
4866 7
4867 6
4868 8
4876 9
4936 7
4947 10
4949 10
4955 8
4959 3
4977 7
4989 6
4993 10
5004 9
5006 7
5008 6
5014 1
5036 6
5037 2
5038 1
5040 3
5061 4
5067 10
5086 9
5103 7
5104 7
5105 7
5106 4
5133 5
5136 10
5149 3
5153 4
5157 4
5159 1
5202 6
5242 7
5246 1
5247 1
5280 2
5281 4
5286 5
5288 2
5289 1
5290 5
5318 3
5319 3
5325 5
5326 9
5327 4
5329 10
5345 7
5346 3
5347 1
5349 7
5350 6
5355 9
5360 1
5362 10
5404 10
5430 5
5433 4
5443 10
5446 1
5484 5
5486 5
5492 7
5516 9
5555 2
5592 7
5596 9
5605 7
5606 6
5614 10
5635 5
5677 1
5696 1
5700 1
5702 2
5744 6
5747 1
5753 5
5755 4
5809 10
5842 8
6052 3
6076 4
6196 1
6206 9
6237 8
6238 8
6296 3
6316 1
6996 5
6997 7
6998 1
8208 2
8824 9
8825 7
8826 3
8827 3
8828 8
9078 8
9278 9
9426 2
9428 7
9432 6
10006 8
10008 6
10009 10
10278 4
10548 10
10549 3
10550 7
10552 2
10553 4
10555 2
10582 6
10624 4
10625 7
10626 4
10627 4
10628 3
10632 9
10781 5
10784 6
10786 9
10788 7
10789 7
10790 8
10791 5
10792 2
10793 2
10797 8
10802 2
10803 6
10804 7
10805 9
10807 9
10808 2
10809 7
10812 4
10815 6
10818 3
10819 8
10826 10
10828 1
10830 7
10834 4
10835 9
10836 8
10838 8
10840 8
10846 2
10855 3
10882 5
10890 9
11206 6
11216 8
11285 3
11290 4
11293 3
11294 10
11296 8
11297 8
11298 10
11299 8
11346 10
11347 10
11348 3
11366 4
11370 8
11371 5
11390 7
11416 9
11450 2
11452 3
11470 10
11472 10
11586 4
11588 10
11771 4
11773 3
11774 10
11776 6
11777 3
11786 2
11788 8
11909 4
11910 10
11912 1
11936 10
11940 2
12316 6
12404 3
12406 1
12407 9
12408 9
12409 6
12464 6
12466 7
12467 6
12476 3
12478 9
12479 2
12668 3
12856 2
12861 1
12862 6
12888 1
13036 5
13037 9
13038 5
13062 9
13388 6
13542 1
13636 6
13638 8
13647 7
13730 4
13928 8
14192 6
14199 6
14204 6
14208 8
14210 5
14472 8
14474 10
14480 4
14481 5
14483 7
14484 10
14486 2
14487 2
14489 10
14490 6
14493 4
14495 4
14498 1
14501 2
14512 10
14513 5
14806 5
15180 2
15241 5
15244 10
15246 6
15247 2
15248 4
15256 2
15296 7
15526 2
15542 9
15572 1
15582 9
15592 5
15604 8
15606 5
15616 10
15617 3
15621 2
15626 6
15627 8
15628 3
15631 4
15644 7
15646 5
15648 4
15656 4
15658 4
15659 8
15660 9
15667 7
15677 5
15686 6
15711 9
15724 8
15737 4
15739 10
15776 5
15777 7
15810 8
15814 8
15818 7
15830 2
15856 6
15866 7
15884 5
15888 2
15890 2
15911 9
15919 7
15940 7
15951 1
15982 8
15995 4
16050 3
16096 1
16196 8
16396 1
16416 1
16502 1
16516 10
16517 4
16518 5
16562 9
16580 10
16673 1
16676 10
16679 7
16814 8
16825 2
16829 7
16835 7
16850 5
16853 10
16862 6
16906 5
16987 8
16988 6
17086 3
17087 2
17088 7
17090 9
17092 4
17127 6
17205 8
17206 8
17284 4
17509 6
17520 5
17566 10
17670 7
17766 9
17826 9
17830 1
17914 1
17916 4
17954 2
17956 8
17958 8
18006 1
18046 9
18048 1
18096 9
18116 5
18120 5
18196 6
18198 8
18199 7
18284 5
18348 7
18350 7
18352 2
18407 4
18408 6
18604 5
18661 3
18788 3
18856 4
18858 5
18906 7
19006 5
19009 5
19017 5
19019 10
19021 3
19026 9
19029 8
19030 6
19032 10
19036 9
19038 4
19048 5
19060 7
19061 8
19062 8
19063 9
19064 6
19066 8
19067 4
19068 5
19070 6
19081 8
19094 6
19096 8
19101 1
19110 1
19112 7
19116 9
19118 2
19224 8
19226 10
19227 3
19228 6
19235 2
19400 7
19436 9
19473 10
19474 10
19475 10
19476 3
19477 9
19478 7
19480 6
19481 5
19486 1
19880 6
20246 4
20247 2
20248 3
20286 9
20316 10
20318 4
20366 8
20369 5
20372 9
20375 10
20536 2
20656 6
21201 5
21206 3
21210 4
21215 3
21222 4
21226 3
21236 1
21480 9
21594 3
21595 2
21596 10
21597 6
21598 9
21602 5
22102 9
22121 5
22151 4
22155 5
22156 1
22157 5
22158 5
22175 8
22178 6
22199 3
22207 5
22213 6
22214 9
22215 8
22216 1
22217 7
22219 10
22228 4
22241 9
22244 1
22253 6
22783 3
22784 9
22786 3
22787 3
22788 6
22897 9
23276 1
23277 8
23278 1
23626 10
23708 6
23823 6
23824 3
23826 1
23827 7
23828 10
24156 5
24157 3
24158 9
24451 9
24453 5
24454 4
24456 3
24457 6
24458 7
24466 6
24706 7
24728 7
24906 6
25496 9
25601 4
25603 6
25604 6
25606 6
25607 3
25608 8
25616 4
25874 1
25876 5
25877 4
25878 7
25966 5
26585 3
26586 8
26589 10
26606 10
26656 4
26710 7
26712 8
26722 3
26726 7
26737 3
26739 8
26759 10
26763 3
26765 2
26781 8
26787 2
26806 6
26814 9
26815 3
26820 6
26821 8
26822 7
26823 4
26824 7
26826 3
26827 3
26828 3
26844 1
26851 3
26858 8
26892 7
26906 8
26910 7
26939 9
26942 4
26977 10
26986 9
26988 5
26996 6
26998 6
27014 3
27022 10
27025 6
27026 3
27027 7
27028 2
27037 6
27040 10
27048 5
27056 10
27065 6
27066 5
27079 6
27080 5
27081 6
27094 4
27098 4
27100 9
27102 2
27110 9
27125 3
27126 5
27127 1
27130 2
27131 2
27138 5
27141 3
27145 5
27163 9
27165 9
27167 10
27171 8
27175 5
27181 5
27182 2
27189 3
27195 1
27235 3
27237 9
27245 4
27246 2
27247 7
27255 7
27257 10
27260 3
27274 5
27276 2
27286 1
27289 5
27290 6
27292 10
27318 3
27323 4
27324 9
27339 3
27357 2
27369 2
27370 4
27372 1
27386 3
27390 6
27392 10
27394 8
27404 7
27406 3
27408 10
27409 10
27410 1
27412 1
27417 2
27428 9
27433 3
27439 5
27442 10
27453 7
27454 4
27464 3
27469 1
27474 6
27476 2
27478 3
27479 2
27486 3
27508 7
27512 1
27523 5
27535 7
27536 4
27543 5
27544 3
27551 10
27554 3
27560 7
27562 7
27577 8
27582 7
27585 8
27588 3
27597 4
27604 10
27605 4
27625 2
27629 3
27632 5
27636 10
27668 2
27673 5
27677 8
27680 3
27682 10
27692 8
27697 8
27723 4
27724 9
27741 4
27750 8
27751 1
27754 3
27773 9
27774 10
27776 7
27777 6
27778 9
27780 2
27781 1
27782 3
27783 6
27793 5
27794 10
27799 10
27802 4
27806 10
27814 3
27829 6
27832 10
27841 6
27844 3
27849 1
27853 6
27890 6
27891 6
27898 8
27904 2
27913 6
27920 10
28005 1
28019 7
28025 6
28039 5
28040 6
28042 5
28043 5
28066 5
28067 10
28068 2
28069 9
28070 8
28078 7
28081 4
28086 10
28087 7
28088 2
28131 10
28132 1
28134 5
28147 1
28206 10
28210 5
28222 7
28224 5
28231 7
28233 6
28236 9
28238 8
28246 1
28275 9
28276 1
28278 7
28279 1
28350 2
28370 1
28465 10
28466 10
28625 9
28627 1
28628 1
28638 6
28718 2
28770 4
28795 7
28812 3
28865 4
28866 9
28867 1
28868 9
28886 2
28888 7
28890 2
28905 2
29119 10
29282 7
29287 4
29288 4
29404 3
29421 1
29422 6
29566 2
29568 8
29708 8
29710 8
29712 4
29728 1
29812 3
29900 4
29993 6
29994 10
29996 6
29997 3
29998 6
30016 5
30036 8
30056 1
30057 5
30058 1
30236 9
30238 10
30247 1
30250 2
30316 9
30317 8
30318 8
30526 4
30527 1
30528 9
30543 10
30546 6
30557 2
31167 7
31207 3
31208 3
31296 5
31470 8
31471 2
31472 9
31473 2
31474 1
31475 3
31493 3
31654 2
31656 7
31657 7
31658 1
31666 8
31718 6
31719 4
31866 6
31990 2
31991 7
32231 3
32232 5
32233 9
32234 3
32235 10
32236 6
32237 3
32238 6
32426 6
33256 7
33266 4
33282 2
33286 9
33291 8
33316 6
33466 4
33467 6
33469 10
33489 3
33507 6
33508 6
33518 3
33528 5
33567 9
33621 6
33642 1
33653 10
33658 4
33660 2
33663 8
33665 5
33672 2
33692 6
33700 10
33704 8
33716 10
33717 5
33737 10
33749 5
33750 10
33773 9
33783 7
33785 10
33786 10
33789 7
33791 8
33802 2
33820 3
33822 8
33825 7
33827 7
33868 2
33893 10
33894 8
33899 6
33900 4
33918 1
33921 1
33927 6
33935 1
33937 5
33945 9
33947 4
33959 1
33971 1
33983 2
33994 7
34001 9
34003 1
34004 2
34006 7
34007 4
34008 4
34014 1
34015 1
34026 10
34029 7
34030 5
34032 7
34033 1
34034 2
34036 7
34041 7
34051 4
34052 9
34061 10
34076 1
34078 3
34089 1
34092 5
34113 10
34114 2
34116 1
34117 5
34122 10
34138 1
34155 9
34158 3
34162 1
34164 1
34166 7
34188 8
34189 2
34190 10
34197 3
34198 9
34199 4
34237 3
34244 2
34255 3
34267 3
34300 7
34326 9
34329 8
34349 1
34359 3
34366 4
34368 2
34395 10
34398 10
34400 7
34421 2
34422 4
34423 5
34425 1
34433 2
34436 10
34449 8
34454 2
34456 1
34457 5
34458 2
34467 2
34486 3
34505 5
34543 6
34546 5
34561 3
34566 6
34573 10
34578 3
34579 7
34605 5
34629 3
34630 10
34678 9
34679 4
34690 10
34698 9
34702 2
34709 7
34729 9
34737 7
34746 3
34747 3
34748 5
34753 3
34759 5
34786 6
34787 1
34812 1
34815 1
34817 1
34818 9
34819 6
34820 10
34821 8
34822 6
34823 2
34839 8
34849 7
34856 1
34870 6
34871 1
34876 9
34881 8
34886 1
34919 3
34935 5
34958 4
34959 3
34972 3
34995 9
35022 10
35039 6
35109 2
35136 6
35147 3
35179 9
35213 9
35222 4
35279 1
35313 5
35314 6
35315 8
35316 7
35317 1
35318 1
35354 1
35410 6
35416 8
35418 7
35427 1
35435 8
35453 3
35456 5
35465 9
35469 6
35505 6
35527 8
35553 6
35586 1
35626 10
35628 9
35637 10
35692 5
35695 4
35699 2
35702 5
35728 10
35730 9
35743 10
35759 3
35766 6
35770 3
35773 10
35776 1
35780 1
35785 8
35863 4
35867 8
35881 2
35891 3
35907 4
35913 1
35914 10
35915 8
35916 7
35917 8
35918 8
35920 5
35921 8
35926 10
35933 6
35934 9
35937 2
35944 8
35946 10
35947 4
35948 8
35961 5
35964 7
35969 3
35975 10
35982 2
36002 2
36006 4
36010 10
36015 10
36034 6
36059 9
36061 10
36065 9
36076 8
36092 1
36108 7
36122 7
36124 5
36164 3
36165 3
36186 10
36188 4
36215 9
36229 2
36235 2
36258 3
36265 5
36266 9
36288 4
36301 5
36302 2
36304 10
36305 6
36306 1
36307 2
36308 8
36309 6
36311 3
36369 6
36374 3
36376 6
36383 9
36384 2
36390 7
36399 7
36406 2
36410 7
36433 7
36435 3
36447 7
36460 9
36468 3
36473 7
36482 4
36494 7
36527 5
36531 6
36535 1
36552 6
36574 9
36576 6
36578 2
36591 4
36592 6
36595 9
36604 1
36606 6
36616 5
36617 2
36618 6
36620 10
36641 5
36644 4
36648 1
36650 7
36667 5
36668 4
36673 2
36679 7
36685 1
36690 7
36723 5
36733 2
36749 7
36756 1
36763 8
36764 9
36765 9
36769 2
36821 10
36870 10
36871 2
36872 6
36873 5
36874 7
36875 7
36878 5
36886 8
36887 5
36896 9
36901 3
36903 10
36904 7
36907 6
36908 4
36965 7
36966 10
36967 7
36968 4
36969 3
36970 10
36971 8
36973 8
36974 9
36976 6
36978 8
36983 3
36989 2
37010 9
37012 9
37014 9
37020 5
37040 3
37047 10
37048 4
37067 3
37097 7
37103 6
37111 10
37125 9
37131 7
37146 2
37147 10
37148 8
37203 10
37204 7
37217 3
37335 2
37336 9
37337 2
37338 6
37339 2
37344 3
37346 2
37347 9
37348 6
37356 7
37364 9
37413 3
37414 8
37416 10
37417 4
37418 5
37426 2
37526 7
37528 10
37586 3
37599 3
37640 3
37641 1
37642 5
37663 5
37664 8
37665 6
37742 9
37880 3
37881 6
37886 1
37888 2
37889 3
37896 9
37906 10
37934 2
37935 3
37936 10
37937 9
37938 5
37974 9
37976 3
37984 7
37986 1
37987 10
37988 6
37991 8
37993 2
37994 2
37996 9
37997 4
37998 4
38002 5
38006 5
38008 1
38031 3
38046 5
38056 1
38058 8
38081 8
38086 5
38088 10
38089 4
38169 1
38170 1
38174 2
38176 5
38177 6
38178 9
38179 8
38180 10
38504 6
38507 1
38580 9
38581 7
39466 8
39476 5
39555 4
39577 9
39597 4
39606 1
39607 7
39608 3
39611 7
39648 8
39650 10
39659 7
39666 3
39680 6
39699 4
39704 5
39705 4
39706 10
39707 6
39714 5
39715 7
39723 7
39725 8
39753 8
39755 3
39759 1
39770 7
39771 10
39777 9
39825 5
39827 5
39830 10
39834 8
39839 1
39850 9
39856 6
39865 5
39866 6
39868 5
39869 7
39871 4
39874 8
39876 5
39890 3
39892 8
39916 3
39917 2
39918 9
39919 5
39920 8
39922 9
39939 9
39946 9
39952 8
40001 5
40005 9
40007 1
40023 3
40024 6
40047 8
40048 3
40052 2
40053 5
40060 8
40064 9
40069 9
40070 5
40071 10
40073 8
40092 6
40105 9
40107 6
40118 7
40126 5
40151 6
40152 5
40154 2
40157 6
40182 2
40185 6
40186 2
40189 10
40191 10
40192 6
40193 5
40228 2
40229 9
40244 5
40256 6
40289 4
40292 5
40295 10
40297 10
40299 8
40313 1
40315 4
40326 10
40327 5
40329 5
40331 7
40359 9
40363 2
40390 10
40394 7
40399 2
40403 4
40407 6
40411 8
40446 1
40447 2
40455 5
40465 1
40474 3
40475 8
40489 4
40496 2
40497 10
40500 8
40528 3
40569 5
40570 9
40572 4
40574 2
40576 6
40590 1
40592 5
40593 5
40594 4
40595 7
40597 3
40598 2
40599 10
40600 2
40603 1
40604 10
40614 10
40619 3
40621 1
40625 2
40632 3
40636 2
40637 9
40648 6
40649 8
40656 8
40658 3
40669 2
40678 4
40682 3
40686 2
40691 3
40694 8
40804 2
40810 1
40821 2
40841 9
40845 9
40849 5
40853 4
40909 2
40917 4
40926 8
40930 3
40939 1
40945 8
40946 6
40949 3
40956 6
40957 7
40962 7
40965 9
40976 4
40986 8
40997 5
41019 1
41076 1
41077 10
41078 1
41079 2
41116 1
41146 10
41161 6
41190 1
41209 7
41220 9
41279 5
41299 5
41316 10
41320 10
41326 4
41360 6
41413 5
41467 4
41500 6
41512 1
41592 8
41601 10
41602 10
41604 5
41625 10
41653 9
41670 10
41681 4
41688 4
41691 8
41692 9
41693 7
41694 5
41696 1
41698 7
41701 1
41703 1
41704 4
41705 5
41707 1
41715 3
41719 5
41746 8
41747 5
41783 3
41786 5
41787 5
41796 1
41797 1
41806 1
41807 2
41840 3
41846 3
41857 6
41867 5
41876 10
41901 8
41922 3
41927 6
41935 7
41938 7
41943 1
41954 3
41966 6
41989 7
42002 5
42006 7
42009 8
42031 6
42035 4
42063 3
42079 5
42120 3
42127 4
42137 4
42141 3
42142 2
42146 7
42149 3
42151 1
42153 5
42166 7
42167 3
42175 6
42177 8
42204 1
42213 4
42214 1
42218 4
42230 9
42233 5
42240 9
42242 7
42244 9
42299 7
42312 6
42316 1
42317 8
42370 7
42437 8
42444 3
42485 5
42507 10
42566 5
42599 10
42665 2
42666 9
42676 4
42687 4
42699 8
42703 9
42712 8
42714 6
42716 8
42717 5
42718 2
42723 3
42777 6
42893 1
42936 9
42983 10
42984 7
43022 5
43024 4
43025 6
43026 3
43027 10
43028 2
43031 1
43034 2
43035 1
43036 10
43037 7
43038 9
43040 5
43046 4
43048 7
43050 10
43051 7
43066 8
43073 2
43076 9
43077 9
43079 3
43086 10
43089 1
43095 4
43096 4
43097 4
43109 8
43112 3
43116 4
43117 9
43120 10
43121 4
43123 8
43124 4
43125 2
43126 9
43127 2
43128 10
43134 8
43136 5
43137 8
43138 9
43145 10
43156 5
43163 2
43174 2
43183 6
43197 4
43198 3
43201 4
43205 7
43206 10
43208 2
43209 7
43210 10
43219 8
43226 9
43232 5
43237 1
43244 8
43263 9
43275 10
43280 8
43282 4
43285 3
43287 3
43296 8
43299 9
43302 4
43306 8
43314 9
43316 3
43318 9
43319 7
43322 6
43323 9
43325 5
43328 4
43330 4
43331 2
43333 1
43334 7
43335 7
43336 8
43337 6
43338 9
43343 7
43345 1
43349 1
43352 4
43360 4
43362 7
43368 1
43371 3
43375 1
43386 8
43387 3
43388 7
43409 1
43410 7
43415 2
43418 10
43426 5
43428 9
43439 1
43442 3
43451 8
43482 8
43501 8
43507 4
43510 4
43512 7
43519 7
43529 2
43536 6
43538 8
43539 8
43565 3
43593 5
43596 3
43607 3
43608 6
43615 4
43618 8
43621 6
43633 6
43644 10
43645 6
43647 9
43648 10
43681 6
43683 2
43686 4
43693 5
43747 2
43848 7
43980 2
43984 8
43986 6
43991 1
44084 10
44215 7
44217 2
44258 9
44266 8
44292 9
44306 2
44308 6
44331 9
44350 7
44410 6
44419 4
44426 9
44428 5
44430 1
44442 10
44448 1
44456 1
44468 1
44476 7
44486 1
44487 10
44499 7
44516 3
44520 8
44536 1
44539 4
44557 7
44561 10
44565 3
44568 4
44603 9
44657 9
44658 2
44660 1
44662 3
45245 4
45246 10
45247 5
45248 7
45274 6
45275 7
45276 1
45277 10
45278 5
45418 10
45419 6
45869 9
45870 2
45884 7
45886 10
45887 7
45888 8
45950 4
45995 6
46001 10
46008 10
46019 10
46112 9
46113 3
46127 4
46142 9
46146 5
46350 6
46351 6
46430 2
46432 10
46434 1
46497 9
46499 8
46502 2
46503 2
46504 7
46506 3
46525 4
46685 3
46686 10
46687 6
46915 8
46937 6
46939 10
47002 7
47009 7
47010 6
47776 7
47782 6
47785 5
47786 2
47788 1
47790 2
47806 4
47861 1
47863 10
47865 8
48095 10
48099 1
48101 7
48102 2
48103 7
48104 2
48105 8
48106 10
48107 4
48108 2
48115 5
48116 5
48122 5
48143 10
48146 1
48154 9
48164 5
48172 4
48178 10
48181 9
48183 9
48185 3
48190 7
48192 9
48361 10
48696 1
48699 1
48725 10
49083 7
49084 1
49086 10
49156 8
49175 10
49176 10
49182 2
49185 5
49186 4
49188 6
49189 7
49373 10
49374 4
49712 10
49962 8
49982 1
49986 8
50375 4
50686 4
51199 7
51202 4
51326 4
51506 7
51606 6
51696 8
51710 10
51712 7
51714 10
52146 5
52186 4
52199 2
52216 8
52312 6
52314 1
52316 5
52317 6
52318 10
52319 4
52563 2
52579 6
52580 3
52581 10
52582 6
52590 1
52591 4
52593 1
52594 6
52595 2
52596 9
52597 3
52598 2
52599 5
52653 6
52656 9
52806 7
52808 10
52835 4
53206 4
53210 7
53211 5
53213 8
53214 6
53216 6
53218 10
53367 10
53368 2
53629 6
53652 4
53692 6
53920 7
54056 5
54057 7
54436 10
54444 2
54446 6
54447 5
54448 5
54646 4
54647 4
54706 6
54710 5
55066 2
55068 10
55084 8
55086 7
55087 2
55088 7
55106 7
55246 6
55504 8
55506 10
56006 10
56193 5
56194 1
56195 2
56196 10
56206 3
56666 2
56667 5
56765 3
56767 7
56768 8
56791 6
56792 5
56793 8
56796 2
56797 1
56798 3
56802 4
56803 2
56804 10
56805 1
56825 6
56828 5
56840 5
56843 2
56846 10
56850 6
56870 9
56957 10
56958 4
57051 4
57070 9
57090 4
57092 4
57120 10
57125 10
57129 10
57144 9
57148 8
57150 4
57157 8
57158 6
57161 1
57168 4
57169 2
57174 8
57176 8
57179 2
57180 8
57181 3
57201 6
57274 1
57276 8
58516 3
58548 1
58744 2
58746 8
58758 6
58801 2
58819 5
58823 3
58835 5
58836 10
58838 4
58840 4
58842 7
58845 5
58860 9
58863 6
58865 1
58866 9
58868 9
58872 5
58873 3
58874 3
58875 2
58876 8
58877 6
58878 4
58879 5
58885 4
58886 7
58888 1
58890 10
58892 5
58893 10
58895 4
58897 6
58898 7
58899 6
59037 1
59069 9
59100 9
59102 5
59154 2
59159 2
59161 10
59162 10
59163 6
59164 8
59169 9
59182 4
59231 5
61613 1
61616 7
61618 6
62061 4
62089 9
62096 2
62097 8
62380 6
62382 9
62384 10
62400 3
62405 6
62420 9
62422 2
62494 1
62496 3
62498 9
62809 5
62837 2
62838 10
62906 3
62920 2
63351 8
63352 8
63354 1
63355 5
63356 10
63357 8
63358 8
63359 7
63361 7
63362 1
63522 5
63528 8
63530 10
63541 3
63543 7
63545 6
63550 8
63687 2
63691 1
63730 6
63740 10
63741 8
63752 2
63755 1
63765 1
63781 2
63792 6
63798 2
63810 5
63812 10
63825 6
63894 4
63959 8
63963 8
64000 4
64009 10
64011 5
64017 4
64121 8
64135 10
64136 4
64138 8
64147 7
64250 9
64336 9
64356 7
64418 3
64435 9
64438 2
64439 6
64440 9
64489 8
64495 8
64497 4
64509 6
64510 6
64511 2
64512 3
64513 1
64529 3
64570 8
64571 3
64572 2
64573 6
64581 1
64590 2
64593 9
64601 7
64615 3
64620 1
64626 10
64636 2
64645 8
64674 4
64676 1
64711 6
64712 7
64713 9
64715 1
64716 6
64719 1
64722 10
64727 4
64736 7
64742 8
64746 4
64750 5
64752 1
64755 10
64759 8
64762 10
64764 1
64765 7
64767 10
64774 9
64776 9
64790 10
64795 4
64816 10
64856 1
64857 3
64858 10
64862 3
64863 6
64864 9
64865 3
64866 5
64867 8
64868 8
64870 10
64876 3
64883 7
64888 7
64892 10
64904 8
64911 4
64912 10
64913 1
64914 3
64915 7
64921 9
64923 7
64924 9
64933 6
64937 5
64939 3
64976 3
64979 7
64985 6
64986 8
64996 10
65017 10
65025 10
65061 4
65065 7
65066 3
65090 8
65109 3
65124 4
65125 10
65126 4
65127 7
65144 9
65185 4
65191 10
65194 6
65195 3
65199 3
65200 7
65204 4
65218 6
65229 2
65231 8
65232 4
65238 6
65248 1
65251 5
65252 10
65253 2
65254 6
65256 1
65257 3
65258 9
65259 6
65260 4
65307 4
65426 6
65534 5
65536 7
65677 6
65767 3
65896 6
66004 7
66015 1
66050 1
66052 3
66054 3
66070 7
66107 1
66165 3
66167 4
66169 6
66178 8
66199 10
66203 7
66208 9
66213 7
66226 1
66240 3
66243 2
66293 5
66295 3
66296 6
66518 10
66636 8
66713 7
66789 10
66790 1
66810 7
66833 7
66836 4
66936 4
66979 8
66992 7
67006 5
67067 3
67159 10
67161 7
67192 8
67194 4
67264 2
67266 9
67267 9
67272 5
67273 9
67274 9
67275 10
67296 4
67406 7
67426 10
67487 2
67508 5
67509 4
67513 6
67522 6
67524 5
67526 3
67527 3
67528 9
67534 4
67536 10
67540 7
67546 2
67556 9
67557 1
67571 7
67574 6
67575 2
67578 8
67586 3
67595 5
67599 7
67610 5
67757 9
67866 8
68010 2
68011 4
68013 6
68017 8
68022 5
68028 1
68031 2
68034 3
68036 7
68037 3
68038 3
68039 6
68040 3
68042 3
68043 10
68046 6
68047 7
68049 2
68126 3
68127 5
68306 6
68340 7
68559 2
68611 6
68800 6
68842 1
68846 9
68867 7
68868 5
69609 2
69610 8
69611 9
69631 9
69634 3
69636 4
69637 1
69638 4
69639 9
69646 10
69654 10
69656 7
69657 10
69658 9
69666 8
69667 8
69704 9
69706 5
69711 6
69713 10
69715 10
69940 10
69941 3
69945 2
69946 2
69947 7
71410 9
71412 8
71424 1
71426 1
71441 2
71446 4
71529 2
71731 8
71886 8
71902 1
71917 4
72355 9
72356 5
72364 10
72417 7
72434 9
72448 8
72455 8
72480 3
72482 5
72499 4
72501 5
72502 7
72503 8
72504 3
72505 6
72722 4
72730 9
72732 10
72816 9
72903 9
72904 9
72912 3
72913 8
72915 8
72916 7
72945 4
72950 4
72953 4
72954 3
73050 1
73051 7
73052 5
73053 8
73054 7
73055 9
73058 4
73136 5
73140 4
73206 1
73337 4
73338 7
73435 8
73452 4
73456 6
73508 8
73516 5
73517 1
73526 2
73533 10
73571 7
73574 4
73577 5
73596 1
73607 8
73624 3
73645 5
73684 8
73685 6
73702 6
73715 9
73720 3
73721 4
73729 8
73737 10
73743 3
73748 5
73754 4
73755 4
73762 9
73780 10
73802 9
73803 2
73804 7
73807 9
73809 4
73956 5
73986 4
74086 1
74090 4
74440 9
74476 9
74664 7
74666 4
74740 8
74763 7
74772 10
74776 3
74782 4
74936 5
75087 8
75165 2
75181 2
75183 10
75195 5
75197 5
75198 8
75204 4
75208 5
75209 5
75210 2
75211 1
75212 9
75213 3
75214 1
75215 2
75216 2
75218 9
75221 3
75224 4
75226 6
75228 4
75230 9
75243 1
75740 1
75856 7
75876 1
75898 9
76032 1
76035 5
76036 3
76038 8
76040 10
76042 9
76044 7
76046 8
76049 10
76216 5
76227 5
76436 8
76438 8
76478 3
76486 9
76487 3
76488 2
76526 2
76529 7
76531 1
76533 8
76658 1
76665 5
76669 7
76767 3
77050 7
77052 6
77054 10
77074 7
77084 10
77089 4
77121 8
77122 8
77136 1
77188 6
77228 7
77256 1
77284 1
77285 7
77309 2
77315 7
77316 3
77318 7
77319 4
77322 8
77323 2
77324 7
77336 5
77345 3
77348 7
77353 4
77363 4
77375 5
77378 2
77395 3
77396 4
77400 9
77405 10
77410 2
77412 8
77413 2
77414 7
77415 5
77420 3
77472 9
77479 5
77482 1
77487 9
77497 9
77545 2
77568 7
77570 7
77573 10
77577 7
77632 10
77637 10
77647 7
77658 1
77668 1
77673 5
77674 7
77682 1
77683 6
77688 9
77698 4
77699 4
77703 2
77709 9
77714 10
77719 5
77723 9
77724 8
77725 5
77727 8
77730 2
77734 3
77735 10
77739 2
77740 7
77741 7
77746 10
77759 6
77760 2
77768 6
77771 7
77773 4
77774 10
77776 2
77779 3
77786 5
77805 7
77824 3
77841 5
77842 4
77843 2
77846 8
77847 6
77848 3
77851 2
77852 4
77858 1
77870 1
77875 7
77880 3
77889 8
77899 7
77900 5
77902 8
77903 2
77905 7
77955 2
77956 1
77976 1
77977 9
77980 7
77994 3
78008 9
78010 4
78022 5
78029 3
78036 9
78050 6
78070 7
78071 9
78072 10
78073 7
78078 2
78079 6
78456 7
78590 7
78592 3
78593 2
78594 6
78616 9
78866 8
79026 7
79336 9
79516 4
79816 9
79966 8
79986 8
80003 3
80004 1
80014 1
80015 2
80017 1
80022 10
80024 8
80034 6
80045 8
80058 2
80060 5
80096 6
80128 10
80130 4
80136 5
80141 3
80143 6
80144 6
80145 6
80148 1
80159 6
80166 3
80236 6
80295 8
80296 4
80326 1
80332 10
80396 2
80422 1
80437 10
80438 10
80440 1
80447 5
80456 5
80457 1
80458 1
80462 1
80482 6
80483 1
80484 4
80485 4
80486 1
80487 4
80488 3
80489 3
80498 1
80530 7
80571 10
80574 10
80576 6
80577 8
80578 6
80580 4
80589 2
80591 6
80686 2
80687 3
80783 2
80826 7
80827 1
81124 8
81126 9
81176 1
81196 9
81204 6
81206 9
81207 4
81208 10
81406 5
81536 8
81966 5
82126 2
82127 9
82146 2
82147 7
82186 8
82187 9
82600 8
82604 2
82605 7
82606 3
82607 10
82610 4
82611 10
82612 6
82613 1
82618 6
82626 10
82627 9
82636 1
82637 4
82656 1
82757 1
82780 5
82786 5
82787 3
82820 1
82826 6
82827 5
82836 3
82837 10
82840 5
82844 1
82846 3
82847 3
82849 3
82857 5
82866 4
82867 4
82881 10
82898 6
82926 5
82956 4
82957 3
83348 10
83356 10
83357 2
83363 4
83370 9
83906 4
83907 9
83926 5
84143 7
84144 4
84151 6
84152 3
84153 4
84159 2
84166 8
84170 2
84171 8
84172 5
84197 4
84201 4
84207 8
84211 8
84399 6
84456 8
84457 6
84486 2
84496 8
84616 6
84617 2
84636 3
85066 6
85316 3
85526 1
85606 6
85796 3
86112 2
86190 10
86250 8
86251 9
86310 2
86390 1
86506 7
86507 9
86562 6
86563 5
86599 8
86625 3
86626 2
86637 5
86638 7
86639 5
86653 9
86661 5
86663 9
86666 5
86668 8
86669 6
86670 6
86672 4
86673 5
86680 1
86681 2
86684 4
86685 10
86686 4
86688 1
86691 5
86692 8
86693 4
86694 6
86698 4
86704 3
86707 9
86709 8
86712 8
86724 4
86728 9
86730 2
86738 9
86739 2
86742 1
86746 3
86747 2
86748 1
86749 10
86751 10
86764 8
86774 7
86785 5
86796 6
86802 5
86805 4
86807 7
86812 3
86817 5
86821 10
86832 3
86834 3
86835 1
86839 5
86843 1
86845 4
86856 4
86858 2
86867 7
86872 5
86873 9
86881 6
86883 4
86884 7
86885 9
86886 8
86887 2
86888 7
86906 5
86907 1
86909 9
86910 3
86916 3
86918 1
86923 4
86952 6
86975 7
87010 6
87014 10
87146 8
87150 8
87152 9
87250 10
87256 2
87266 9
87270 2
87280 5
87288 4
87306 2
87325 7
87380 7
87385 7
87398 9
87401 3
87402 5
87403 10
87408 10
87409 3
87410 10
87413 9
87416 5
87448 8
87483 2
87484 1
87485 9
87509 10
87510 10
87511 8
87513 5
87586 7
87589 5
87596 9
87619 8
87632 8
87643 10
87645 3
87646 4
87647 9
87756 5
87849 8
87936 4
87937 10
87938 8
87945 4
87946 8
87997 7
88018 9
88036 3
88037 6
88089 3
88116 5
88147 9
88148 1
88152 1
88183 8
88185 8
88186 3
88188 8
88205 7
88282 5
88290 10
88291 6
88294 9
88296 1
88297 4
88298 7
88310 8
88332 10
88536 5
88540 3
88548 4
88556 2
88582 7
88585 10
88592 10
88602 8
88668 3
88709 7
88741 8
88766 8
88767 10
88768 1
88780 7
88833 2
88841 1
88935 9
89016 6
89029 3
89030 4
89079 4
89085 1
89099 6
89121 4
89136 8
89139 4
89150 5
89152 1
89154 5
89155 8
89164 9
89175 8
89177 1
89178 6
89182 2
89184 1
89191 7
89193 8
89194 7
89196 2
89197 7
89198 4
89199 2
89200 1
89204 6
89206 4
89207 7
89208 2
89212 6
89215 3
89221 10
89230 9
89233 10
89234 3
89235 9
89242 4
89274 10
89278 3
89286 2
89322 6
89329 3
89339 6
89386 8
89387 1
89388 5
89394 5
89443 6
89445 3
89447 8
89448 4
89451 2
89453 2
89468 8
89482 2
89489 2
89496 6
89519 7
89533 4
89535 8
89566 1
89568 9
89577 9
89578 2
89583 4
89589 4
89610 2
89617 4
89621 8
89624 9
89626 9
89635 1
89644 8
89646 2
89665 4
89672 10
89674 10
89781 8
89786 7
89787 6
89788 1
89796 5
89802 10
89824 5
89836 7
89837 8
89838 3
89846 5
89879 1
89882 9
89885 4
89887 5
89889 10
89916 7
89946 2
89956 6
100001 6
100005 10
100006 10
100015 9
100017 4
100018 5
100022 2
100024 6
100025 10
100026 9
100027 7
100032 7
100033 9
100035 4
100037 8
100040 6
100041 4
100046 10
100051 1
100054 10
100068 6
100071 7
100075 8
100077 6
100080 7
100083 4
100100 9
100102 10
100107 3
100108 10
100119 9
100127 6
100128 9
100129 2
100130 9
100135 6
100137 4
100144 3
100179 4
100201 8
100202 3
100208 8
100209 6
100215 7
100229 10
100233 6
100236 10
100242 7
100243 7
100245 10
100246 10
100258 4
100276 4
100278 3
100282 9
100293 9
100300 2
100309 9
100329 6
100331 5
100332 3
100334 10
100344 7
100348 3
100353 8
100354 3
100394 9
100404 4
100406 10
100412 10
100416 2
100417 2
100444 5
100446 2
100448 3
100453 1
100457 9
100458 2
100466 10
100488 6
100498 1
100501 7
100526 5
100527 1
100528 1
100531 9
100536 10
100545 5
100549 1
100550 8
100560 2
100569 5
100572 1
100576 10
100593 3
100610 4
100612 8
100617 3
100618 9
100624 3
100630 10
100632 3
100636 3
100639 2
100659 5
100663 7
100666 4
100672 7
100673 8
100696 2
100700 7
100702 9
100740 9
100794 5
103102 4
900219 9
900223 3
900224 3
900232 6
900235 9
900237 7
900289 7
900337 2
900501 10
900562 3
900673 10
900674 1
900750 8
901025 5
901037 10
901050 2
901061 2
901088 4
901137 5
901155 5
901156 3
901170 7
901222 7
901241 10
901275 9
901283 1
901293 1
901294 7
901307 7
901326 6
901394 10
901467 6
901610 7
901882 4
901901 4
902000 9
902007 7
902031 6
902059 2
902062 6
902069 2
902079 1
902115 7
902117 9
902120 9
902134 10
902142 4
902145 4
902146 7
902157 10
902199 4
902203 5
902207 8
902242 2
902243 9
902246 4
902247 1
902255 7
902258 5
902291 2
902349 4
902370 5
902407 10
902417 3
902419 9
902421 6
902424 9
902427 10
902438 6
902496 10
902500 4
902501 6
902536 2
902574 3
902576 6
902583 2
902589 8
902597 9
902664 7
902684 7
902732 2
902767 6
902772 1
902780 4
902781 9
902790 2
902791 2
902794 6
902795 6
902806 5
902840 5
902848 2
902880 5
902917 7
902924 7
902929 9
902933 7
902966 2
903023 3
903025 8
903043 9
903056 8
903064 7
903066 9
903089 10
903155 2
903162 10
903166 9
903176 10
903194 6
903203 9
903207 4
903209 1
903230 6
903240 2
903245 10
903252 7
903255 4
903261 6
903293 8
903310 1
903331 7
903348 7
903363 7
903369 5
903385 3
903410 1
903467 3
903474 8
903475 1
903490 4
903499 3
903510 4
903529 4
903550 6
903568 10
903611 4
903625 4
903635 5
903639 10
903663 3
903672 10
903690 2
903710 1
903717 2
903741 10
903747 7
903760 3
903764 9
903771 9
903776 4
903778 2
903780 3
903796 4
903801 6
903803 7
903835 9
903838 9
903872 5
903880 10
903881 6
903892 9
903926 7
903928 2
903942 2
903980 4
903985 8
903993 5
903998 5
904046 4
904088 2
904124 1
904184 6
904211 6
904215 5
904232 8
904235 4
904237 2
904328 8
904329 4
904434 3
904446 8
904490 2
904509 9
904547 6
904560 10
904563 3
904564 5
904568 7
904569 2
904573 1
904588 10
904606 9
904609 8
904611 1
904613 8
904625 6
904637 1
904639 10
904643 6
904733 5
904745 10
904759 7
904760 3
904761 4
904762 3
904778 10
904792 10
904794 6
904806 10
904808 3
904815 4
904825 10
904827 2
904836 9
904837 6
904869 8
904884 8
904888 2
904900 6
904903 10
904914 8
904921 9
904940 1
904954 5
904964 2
904965 5
904976 1
904988 8
904998 5
905136 5
905215 8
905231 6
905233 1
905339 4
905369 7
905405 5
905426 2
905427 5
905434 10
905437 4
905443 5
905447 7
905690 3
905701 9
905711 2
905757 7
905824 7
905832 5
905861 10
905862 6
905863 6
905864 1
905865 8
905866 7
906034 10
906060 7
906061 10
906064 2
906197 3
906203 9
906596 7
908806 3
910862 9
910882 1
910900 7
911020 7
911056 2
911668 6
912463 10
912900 7
913647 2
914092 4
915256 5
915646 2
915708 8
915862 8
915863 9
915913 5
915920 10
915944 8
915980 5
915987 10
916002 3
916466 2
916666 4
916674 9
916906 3
916908 1
916910 6
917022 1
917206 3
917914 8
917946 7
918001 1
918010 9
918014 10
918326 4
918372 3
918414 2
918417 2
919040 4
919216 10
919236 4
919240 6
919241 3
919320 5
919456 3
919481 6
919564 6
920316 4
920676 6
921030 4
921206 3
921212 5
921228 7
921229 8
921230 7
921233 2
921234 6
921242 5
921244 1
921248 4
921540 10
921589 8
921600 4
921602 5
921605 9
921806 1
921946 4
921970 4
922036 3
922040 7
922097 5
922178 10
922250 1
922254 4
922756 1
924570 9
924572 2
925990 6
926622 10
926732 4
926743 7
926789 2
926875 6
926886 6
926908 8
927011 8
927041 7
927080 4
927101 3
927114 8
927119 7
927120 6
927135 6
927145 1
927147 2
927156 1
927171 8
927189 3
927222 7
927228 2
927255 10
927357 2
927363 10
927367 3
927368 8
927506 5
927605 4
927617 8
927618 1
927666 7
927735 10
927832 9
927835 3
927879 10
928037 2
928196 1
928245 8
928270 5
928778 7
928793 5
930746 4
932650 8
933316 9
933484 1
933507 3
934447 9
934573 10
934642 3
935180 10
935543 8
935632 5
935677 10
935863 6
936002 6
936032 4
936097 7
936331 3
936503 7
936600 2
936859 3
936924 6
939176 9
939611 3
939666 10
939856 6
940299 10
940308 7
940909 5
941060 10
941294 7
941334 7
941474 5
941836 1
942240 9
942396 5
942426 9
942576 4
942626 6
942665 5
942777 4
942852 9
942854 8
942899 6
942907 9
943280 5
943451 3
943590 6
943592 2
944233 2
944650 3
945996 9
946574 1
946916 1
951175 4
951298 5
951316 7
952816 4
956875 4
962094 3
962095 4
964068 6
964076 4
964081 8
964082 2
964085 2
964098 6
964123 9
964477 10
964525 10
964607 9
964693 8
964714 6
964767 2
964916 10
964947 10
965118 1
965220 1
965221 6
965264 2
965266 6
965269 2
965382 5
966053 7
966057 1
966058 6
966293 8
966615 3
966665 4
966671 7
967275 5
967285 2
967286 8
967487 1
967757 5
969618 3
969711 5
969712 7
972668 1
973435 1
973624 5
976047 10
976892 2
977136 6
977232 7
977256 7
977330 6
977358 1
977367 8
977558 6
978036 10
980023 5
980513 6
981176 5
981177 5
982601 3
982756 10
983359 7
983927 4
984162 1
985551 3
985843 7
986623 3
986725 8
986726 7
986730 4
986732 4
986738 9
986839 4
986851 10
986938 2
986953 9
987088 3
987157 8
987159 1
987160 2
987161 3
987162 9
987163 4
987256 3
987385 10
987407 4
987514 8
987641 1
987642 2
987643 1
987644 4
987645 4
987646 5
987647 6
987648 8
987649 2
987807 2
987860 8
988063 2
988153 7
988155 7
988156 7
988157 3
988158 1
988582 7
988729 9
988827 8
988849 7
988924 9
989172 6
989178 5
989200 5
989215 4
989287 6
989288 8
989289 2
989290 8
989291 1
989292 2
989458 5
989624 10
989640 3
989644 8
989699 10
989832 3
989834 8
990244 10
990434 8
990621 5
991176 10
993121 3
993395 4
994406 5
994768 3
994775 4
994778 4
994781 4
994784 8
994807 5
994848 3
994849 10
994850 1
994872 9
994875 2
994950 1
994965 6
995003 8
995221 10
995530 9
995532 10
995545 4
995607 5
995760 2
997082 8
997083 3
997084 9
998546 4
