64 42 3 66 5 48 56 34 62 7 60 36 40 29 52 58:7030840:1530:1:129:2.09
64 42 3 5 48 56 34 62 7 60 36 40 29 52 58:7062044:1604:1:129:1.99
42 3 25 5 48 56 34 62 7 60 36 40 29 52 58:7147126:1572:1:58:2.03
42 3 25 5 48 56 34 62 7 60 36 40 52 58:7060214:1572:1:58:2.03
42 3 25 5 48 56 34 62 7 60 36 29 52 58:7088900:1579:1:58:2.02
42 3 25 5 48 56 34 62 7 60 36 52 58:7001469:1579:1:58:2.02
42 3 25 5 48 56 34 62 60 36 40 29 52 58:7089750:1641:1:58:1.95
42 3 25 5 48 56 34 62 60 36 29 52 58:7026022:1648:1:58:1.94
42 3 25 5 48 56 62 7 60 36 40 29 52 58:7097596:1619:1:58:1.97
42 3 25 5 48 56 62 7 60 36 40 52 58:7008291:1619:1:58:1.97
42 3 25 5 48 56 62 7 60 36 29 52 58:7040633:1627:1:58:1.96
42 3 25 5 48 56 62 60 36 40 29 52 58:7018362:1688:1:58:1.89
42 3 25 48 56 34 62 7 60 36 40 29 52 58:7001696:1639:1:58:1.95
42 3 25 48 56 62 7 60 36 40 29 52 58:7057959:1716:1:58:1.86
42 3 66 5 48 56 34 62 7 60 36 40 29 52 58:7125965:1665:1:49:1.92
42 3 66 5 48 56 34 62 7 60 36 40 52 58:7033625:1665:1:49:1.92
42 3 66 5 48 56 34 62 7 60 36 29 52 58:7060705:1672:1:49:1.91
42 3 66 5 48 56 34 62 60 36 40 29 52 58:7037297:1734:1:49:1.84
42 3 66 5 48 56 62 7 60 36 40 29 52 58:7045959:1711:1:49:1.87
42 3 5 48 56 34 62 7 60 36 40 29 52 58:7266924:1771:1:49:1.8
42 3 5 48 56 34 62 7 60 36 40 29 58:7090882:1775:1:49:1.8
42 3 5 48 56 34 62 7 60 36 40 52 58:7168363:1771:1:49:1.8
42 3 5 48 56 34 62 7 60 36 29 52 58:7194622:1778:1:49:1.8
42 3 5 48 56 34 62 7 60 36 29 58:7017456:1782:1:49:1.79
42 3 5 48 56 34 62 7 60 36 52 58:7095542:1778:1:49:1.8
42 3 5 48 56 34 62 7 36 40 29 52 58:7073850:1811:1:49:1.76
42 3 5 48 56 34 62 60 36 40 29 52 58:7135512:1840:1:49:1.74
42 3 5 48 56 34 62 60 36 40 52 58:7033013:1840:1:49:1.74
42 3 5 48 56 34 62 60 36 29 52 58:7057708:1847:1:49:1.73
42 3 5 48 56 62 7 60 36 40 29 52 58:7164840:1818:1:49:1.76
42 3 5 48 56 62 7 60 36 40 52 58:7063886:1818:1:49:1.76
42 3 5 48 56 62 7 60 36 29 52 58:7093401:1826:1:49:1.75
42 3 5 48 56 62 60 36 40 29 52 58:7011570:1887:1:49:1.69
42 3 5 56 34 62 7 60 36 40 29 52 58:7046404:1842:1:43:1.73
42 3 48 56 34 62 7 60 36 40 29 52 58:7070262:1846:1:46:1.73
42 3 48 56 62 7 60 36 40 29 52 58:7073850:1927:1:43:1.66
42 25 5 48 56 34 62 7 60 36 40 29 52 58:7109118:1759:1:58:1.82
42 25 5 48 56 34 62 7 60 36 40 52 58:7019244:1761:1:58:1.81
42 25 5 48 56 34 62 7 60 36 29 52 58:7037895:1766:1:58:1.81
42 25 5 48 56 34 62 60 36 40 29 52 58:7030597:1842:1:58:1.73
42 25 5 48 56 62 7 60 36 40 29 52 58:7020518:1810:1:58:1.76
42 5 48 56 34 62 7 60 36 40 29 52 58:7055178:1959:1:43:1.63
3 25 66 5 48 56 34 62 7 60 36 40 29 52 58:7312187:1722:1:58:1.85
3 25 66 5 48 56 34 62 7 60 36 40 29 58:7137615:1725:1:58:1.85
3 25 66 5 48 56 34 62 7 60 36 40 52 58:7216993:1722:1:58:1.85
3 25 66 5 48 56 34 62 7 60 36 40 58:7042242:1725:1:58:1.85
3 25 66 5 48 56 34 62 7 60 36 29 52 58:7258681:1733:1:58:1.84
3 25 66 5 48 56 34 62 7 60 36 29 58:7082656:1736:1:58:1.84
3 25 66 5 48 56 34 62 7 60 36 52 58:7162711:1733:1:58:1.84
3 25 66 5 48 56 34 62 60 36 40 29 52 58:7212822:1792:1:58:1.78
3 25 66 5 48 56 34 62 60 36 40 29 58:7030022:1795:1:58:1.78
3 25 66 5 48 56 34 62 60 36 40 52 58:7113629:1792:1:58:1.78
3 25 66 5 48 56 34 62 60 36 29 52 58:7152893:1803:1:58:1.77
3 25 66 5 48 56 34 62 60 36 52 58:7052924:1803:1:58:1.77
3 25 66 5 48 56 62 7 60 36 40 29 52 58:7231751:1771:1:58:1.8
3 25 66 5 48 56 62 7 60 36 40 29 58:7051278:1774:1:58:1.8
3 25 66 5 48 56 62 7 60 36 40 52 58:7134028:1771:1:58:1.8
3 25 66 5 48 56 62 7 60 36 29 52 58:7178377:1783:1:58:1.79
3 25 66 5 48 56 62 7 60 36 52 58:7079812:1783:1:58:1.79
3 25 66 5 48 56 62 60 36 40 29 52 58:7110260:1841:1:58:1.74
3 25 66 5 48 56 62 60 36 40 52 58:7008538:1841:1:58:1.74
3 25 66 5 48 56 62 60 36 29 52 58:7050071:1853:1:58:1.72
3 25 66 5 56 34 62 7 60 36 40 29 52 58:7003760:1763:1:58:1.81
3 25 66 48 56 34 62 7 60 36 40 29 52 58:7181402:1808:1:58:1.77
3 25 66 48 56 34 62 7 60 36 40 52 58:7081783:1808:1:58:1.77
3 25 66 48 56 34 62 7 60 36 29 52 58:7124451:1820:1:58:1.76
3 25 66 48 56 34 62 7 60 36 52 58:7024002:1820:1:58:1.76
3 25 66 48 56 34 62 60 36 40 29 52 58:7055079:1881:1:58:1.7
3 25 66 48 56 62 7 60 36 40 29 52 58:7206179:1892:1:58:1.69
3 25 66 48 56 62 7 60 36 40 29 58:7011530:1895:1:58:1.69
3 25 66 48 56 62 7 60 36 40 52 58:7102221:1892:1:58:1.69
3 25 66 48 56 62 7 60 36 29 52 58:7150688:1906:1:58:1.68
3 25 66 48 56 62 7 60 36 52 58:7045792:1906:1:58:1.68
3 25 66 48 56 62 60 36 40 29 52 58:7049636:1965:1:58:1.63
3 25 9 5 48 56 34 62 7 60 36 40 29 52 58:7143699:1666:1:77:1.92
3 25 9 5 48 56 34 62 7 60 36 40 52 58:7051491:1666:1:77:1.92
3 25 9 5 48 56 34 62 7 60 36 29 52 58:7086334:1675:1:77:1.91
3 25 9 5 48 56 34 62 60 36 40 29 52 58:7044861:1735:1:58:1.84
3 25 9 5 48 56 62 7 60 36 40 29 52 58:7064751:1712:1:77:1.87
3 25 9 5 48 56 62 7 60 36 29 52 58:7007952:1722:1:77:1.85
3 25 9 48 56 34 62 7 60 36 40 29 52 58:7051708:1756:1:77:1.82
3 25 9 48 56 62 7 60 36 40 29 52 58:7115955:1846:1:74:1.73
3 25 9 48 56 62 7 60 36 40 52 58:7014257:1846:1:74:1.73
3 25 9 48 56 62 7 60 36 29 52 58:7056431:1858:1:74:1.72
3 25 5 48 56 34 62 7 60 36 40 29 52 58:7516140:1848:1:58:1.73
3 25 5 48 56 34 62 7 60 36 40 29 58:7327932:1851:1:58:1.73
3 25 5 48 56 34 62 7 60 36 40 52 58:7413806:1848:1:58:1.73
3 25 5 48 56 34 62 7 60 36 40 58:7225419:1851:1:58:1.73
3 25 5 48 56 34 62 7 60 36 29 52 58:7453446:1859:1:58:1.72
3 25 5 48 56 34 62 7 60 36 29 58:7263785:1862:1:58:1.72
3 25 5 48 56 34 62 7 60 36 52 58:7350336:1859:1:58:1.72
3 25 5 48 56 34 62 7 60 36 58:7160496:1862:1:58:1.72
3 25 5 48 56 34 62 7 36 40 29 52 58:7321160:1895:1:47:1.69
3 25 5 48 56 34 62 7 36 40 29 58:7126842:1898:1:47:1.68
3 25 5 48 56 34 62 7 36 40 52 58:7216182:1895:1:47:1.69
3 25 5 48 56 34 62 7 36 40 58:7021685:1898:1:47:1.68
3 25 5 48 56 34 62 7 36 29 52 58:7252964:1906:1:47:1.68
3 25 5 48 56 34 62 7 36 29 58:7057193:1909:1:47:1.67
3 25 5 48 56 34 62 7 36 52 58:7147210:1906:1:47:1.68
3 25 5 48 56 34 62 60 36 40 29 52 58:7369399:1918:1:58:1.67
3 25 5 48 56 34 62 60 36 40 29 58:7172963:1921:1:58:1.66
3 25 5 48 56 34 62 60 36 40 52 58:7263066:1918:1:58:1.67
3 25 5 48 56 34 62 60 36 40 58:7066451:1921:1:58:1.66
3 25 5 48 56 34 62 60 36 29 52 58:7300282:1929:1:58:1.66
3 25 5 48 56 34 62 60 36 29 58:7102393:1932:1:58:1.65
3 25 5 48 56 34 62 60 36 52 58:7193173:1929:1:58:1.66
3 25 5 48 56 34 62 36 40 29 52 58:7147743:1965:1:44:1.63
3 25 5 48 56 34 62 36 40 52 58:7038766:1965:1:44:1.63
3 25 5 48 56 34 62 36 29 52 58:7073124:1976:1:44:1.62
3 25 5 48 56 34 7 60 36 40 29 52 58:7071364:1893:1:58:1.69
3 25 5 48 56 34 7 60 36 29 52 58:7026063:1911:1:58:1.67
3 25 5 48 56 62 7 60 36 40 29 52 58:7418915:1900:1:58:1.68
3 25 5 48 56 62 7 60 36 40 29 58:7224412:1903:1:58:1.68
3 25 5 48 56 62 7 60 36 40 52 58:7313851:1900:1:58:1.68
3 25 5 48 56 62 7 60 36 40 58:7119169:1903:1:58:1.68
3 25 5 48 56 62 7 60 36 29 52 58:7355974:1912:1:58:1.67
3 25 5 48 56 62 7 60 36 29 58:7159976:1915:1:58:1.67
3 25 5 48 56 62 7 60 36 52 58:7250068:1912:1:58:1.67
3 25 5 48 56 62 7 60 36 58:7053891:1915:1:58:1.67
3 25 5 48 56 62 7 36 40 29 52 58:7203525:1947:1:47:1.64
3 25 5 48 56 62 7 36 40 29 58:7002912:1950:1:47:1.64
3 25 5 48 56 62 7 36 40 52 58:7095817:1947:1:47:1.64
3 25 5 48 56 62 7 36 29 52 58:7134894:1959:1:47:1.63
3 25 5 48 56 62 7 36 52 58:7026344:1959:1:47:1.63
3 25 5 48 56 62 60 36 40 29 52 58:7248992:1970:1:58:1.62
3 25 5 48 56 62 60 36 40 29 58:7046261:1973:1:58:1.62
3 25 5 48 56 62 60 36 40 52 58:7139929:1970:1:58:1.62
3 25 5 48 56 62 60 36 29 52 58:7179236:1982:1:58:1.61
3 25 5 48 56 62 60 36 52 58:7069331:1982:1:58:1.61
3 25 5 48 56 62 36 40 29 52 58:7006926:2017:1:44:1.58
3 25 5 48 34 62 7 60 36 40 29 52 58:7086192:1922:1:58:1.66
3 25 5 48 34 62 7 60 36 29 52 58:7016391:1933:1:58:1.65
3 25 5 56 34 62 7 60 36 40 29 52 58:7191450:1898:1:58:1.68
3 25 5 56 34 62 7 60 36 40 52 58:7086228:1898:1:58:1.68
3 25 5 56 34 62 7 60 36 29 52 58:7123094:1909:1:58:1.67
3 25 5 56 34 62 7 60 36 52 58:7017096:1909:1:58:1.67
3 25 5 56 34 62 7 36 40 29 52 58:7002151:1953:1:47:1.64
3 25 5 56 34 62 60 36 40 29 52 58:7016082:1968:1:58:1.62
3 25 5 56 62 7 60 36 40 29 52 58:7070878:1950:1:58:1.64
3 25 5 56 62 7 60 36 29 52 58:7002060:1962:1:58:1.63
3 25 48 56 34 62 7 60 36 40 29 52 58:7405149:1951:1:58:1.64
3 25 48 56 34 62 7 60 36 40 29 58:7204387:1954:1:58:1.63
3 25 48 56 34 62 7 60 36 40 52 58:7297369:1951:1:58:1.64
3 25 48 56 34 62 7 60 36 40 58:7096428:1954:1:58:1.63
3 25 48 56 34 62 7 60 36 29 52 58:7337696:1963:1:58:1.63
3 25 48 56 34 62 7 60 36 29 58:7135395:1966:1:58:1.62
3 25 48 56 34 62 7 60 36 52 58:7229086:1963:1:58:1.63
3 25 48 56 34 62 7 60 36 58:7026606:1966:1:58:1.62
3 25 48 56 34 62 7 36 40 29 52 58:7195097:2002:1:45:1.6
3 25 48 56 34 62 7 36 40 52 58:7084413:2002:1:45:1.6
3 25 48 56 34 62 7 36 29 52 58:7121638:2014:1:45:1.59
3 25 48 56 34 62 7 36 52 58:7010124:2014:1:45:1.59
3 25 48 56 34 62 60 36 40 29 52 58:7226910:2024:1:58:1.58
3 25 48 56 34 62 60 36 40 29 58:7017382:2027:1:58:1.58
3 25 48 56 34 62 60 36 40 52 58:7115030:2024:1:58:1.58
3 25 48 56 34 62 60 36 29 52 58:7152836:2036:1:58:1.57
3 25 48 56 34 62 60 36 52 58:7040126:2036:1:58:1.57
3 25 48 56 62 7 60 36 40 29 52 58:7472769:2056:1:58:1.55
3 25 48 56 62 7 60 36 40 29 58:7260172:2059:1:58:1.55
3 25 48 56 62 7 60 36 40 52 58:7359612:2056:1:58:1.55
3 25 48 56 62 7 60 36 40 58:7146836:2059:1:58:1.55
3 25 48 56 62 7 60 36 29 52 58:7405457:2070:1:58:1.54
3 25 48 56 62 7 60 36 29 58:7191257:2073:1:58:1.54
3 25 48 56 62 7 60 36 52 58:7291362:2070:1:58:1.54
3 25 48 56 62 7 60 36 58:7076983:2073:1:58:1.54
3 25 48 56 62 7 36 40 29 52 58:7229010:2107:1:45:1.52
3 25 48 56 62 7 36 40 29 58:7009957:2110:1:45:1.51
3 25 48 56 62 7 36 40 52 58:7112949:2107:1:45:1.52
3 25 48 56 62 7 36 29 52 58:7155216:2121:1:45:1.51
3 25 48 56 62 7 36 52 58:7038217:2121:1:45:1.51
3 25 48 56 62 60 36 40 29 52 58:7258998:2129:1:58:1.5
3 25 48 56 62 60 36 40 29 58:7037635:2132:1:58:1.5
3 25 48 56 62 60 36 40 52 58:7141741:2129:1:58:1.5
3 25 48 56 62 60 36 29 52 58:7184393:2143:1:58:1.49
3 25 48 56 62 60 36 52 58:7066198:2143:1:58:1.49
3 25 56 34 62 7 60 36 40 29 52 58:7037394:2001:1:58:1.6
3 25 56 62 7 60 36 40 29 52 58:7065967:2106:1:58:1.52
3 66 5 48 56 34 62 7 60 36 40 29 52 58:7294408:1918:1:43:1.67
3 66 5 48 56 34 62 7 60 36 40 29 58:7101956:1922:1:43:1.66
3 66 5 48 56 34 62 7 60 36 40 52 58:7187680:1918:1:43:1.67
3 66 5 48 56 34 62 7 60 36 29 52 58:7225369:1929:1:43:1.66
3 66 5 48 56 34 62 7 60 36 29 58:7031403:1933:1:43:1.65
3 66 5 48 56 34 62 7 60 36 52 58:7117865:1929:1:43:1.66
3 66 5 48 56 34 62 60 36 40 29 52 58:7121599:1988:1:43:1.61
3 66 5 48 56 34 62 60 36 40 52 58:7010872:1988:1:43:1.61
3 66 5 48 56 34 62 60 36 29 52 58:7046137:1999:1:43:1.6
3 66 5 48 56 62 7 60 36 40 29 52 58:7159817:1967:1:43:1.62
3 66 5 48 56 62 7 60 36 40 52 58:7050560:1967:1:43:1.62
3 66 5 48 56 62 7 60 36 29 52 58:7090510:1979:1:43:1.61
3 66 5 56 34 62 7 60 36 40 29 52 58:7023289:1989:1:43:1.61
3 66 48 56 34 62 7 60 36 40 29 52 58:7103480:2012:1:43:1.59
3 66 48 56 34 62 7 60 36 29 52 58:7030093:2024:1:43:1.58
3 66 48 56 62 7 60 36 40 29 52 58:7070350:2100:1:43:1.52
3 9 5 48 56 34 62 7 60 36 40 29 52 58:7175772:1868:1:77:1.71
3 9 5 48 56 34 62 7 60 36 40 52 58:7071655:1868:1:77:1.71
3 9 5 48 56 34 62 7 60 36 29 52 58:7103596:1877:1:77:1.7
3 9 5 48 56 34 62 60 36 40 29 52 58:7006014:1938:1:43:1.65
3 9 5 48 56 62 7 60 36 40 29 52 58:7044393:1914:1:77:1.67
3 9 48 56 34 62 7 60 36 40 29 52 58:7017723:1966:1:77:1.62
3 9 48 56 62 7 60 36 40 29 52 58:7020863:2060:1:74:1.55
3 5 48 56 34 62 7 60 36 40 29 52 58:7430955:2051:1:43:1.56
3 5 48 56 34 62 7 60 36 40 29 58:7223863:2055:1:43:1.55
3 5 48 56 34 62 7 60 36 40 52 58:7316674:2051:1:43:1.56
3 5 48 56 34 62 7 60 36 40 58:7109325:2055:1:43:1.55
3 5 48 56 34 62 7 60 36 29 52 58:7352318:2062:1:43:1.55
3 5 48 56 34 62 7 60 36 29 58:7143712:2066:1:43:1.55
3 5 48 56 34 62 7 60 36 52 58:7237261:2062:1:43:1.55
3 5 48 56 34 62 7 60 36 58:7028398:2066:1:43:1.55
3 5 48 56 34 62 7 36 40 29 52 58:7186615:2103:1:39:1.52
3 5 48 56 34 62 7 36 40 52 58:7069317:2103:1:39:1.52
3 5 48 56 34 62 7 36 29 52 58:7102119:2114:1:39:1.51
3 5 48 56 34 62 60 36 40 29 52 58:7212502:2122:1:43:1.51
3 5 48 56 34 62 60 36 40 52 58:7094176:2122:1:43:1.51
3 5 48 56 34 62 60 36 29 52 58:7127370:2133:1:43:1.5
3 5 48 56 34 62 60 36 52 58:7008268:2133:1:43:1.5
3 5 48 56 62 7 60 36 40 29 52 58:7277750:2103:1:43:1.52
3 5 48 56 62 7 60 36 40 29 58:7064174:2107:1:43:1.52
3 5 48 56 62 7 60 36 40 52 58:7160739:2103:1:43:1.52
3 5 48 56 62 7 60 36 29 52 58:7198466:2115:1:43:1.51
3 5 48 56 62 7 60 36 52 58:7080613:2115:1:43:1.51
3 5 48 56 62 7 36 40 29 52 58:7012385:2155:1:39:1.48
3 5 48 56 62 60 36 40 29 52 58:7035929:2174:1:43:1.47
3 5 56 34 62 7 60 36 40 29 52 58:7157918:2139:1:43:1.49
3 5 56 34 62 7 60 36 40 52 58:7038724:2139:1:43:1.49
3 5 56 34 62 7 60 36 29 52 58:7071425:2150:1:43:1.49
3 48 56 34 62 7 60 36 40 29 52 58:7246805:2162:1:43:1.48
3 48 56 34 62 7 60 36 40 29 58:7026171:2166:1:43:1.47
3 48 56 34 62 7 60 36 40 52 58:7126637:2162:1:43:1.48
3 48 56 34 62 7 60 36 29 52 58:7162506:2174:1:43:1.47
3 48 56 34 62 7 60 36 52 58:7041508:2174:1:43:1.47
3 48 56 62 7 60 36 40 29 52 58:7245349:2271:1:43:1.41
3 48 56 62 7 60 36 40 29 58:7012223:2275:1:43:1.4
3 48 56 62 7 60 36 40 52 58:7119622:2271:1:43:1.41
3 48 56 62 7 60 36 29 52 58:7160049:2285:1:43:1.4
3 48 56 62 7 60 36 52 58:7033384:2285:1:43:1.4
25 66 5 48 56 34 62 7 60 36 40 29 52 58:7209940:1923:1:58:1.66
25 66 5 48 56 34 62 7 60 36 40 29 58:7015022:1927:1:58:1.66
25 66 5 48 56 34 62 7 60 36 40 52 58:7110927:1925:1:58:1.66
25 66 5 48 56 34 62 7 60 36 29 52 58:7140691:1934:1:58:1.65
25 66 5 48 56 34 62 7 60 36 52 58:7040778:1936:1:58:1.65
25 66 5 48 56 34 62 60 36 40 29 52 58:7091918:2010:1:58:1.59
25 66 5 48 56 34 62 60 36 29 52 58:7015181:2021:1:58:1.58
25 66 5 48 56 62 7 60 36 40 29 52 58:7101538:1980:1:58:1.61
25 66 5 48 56 62 7 60 36 29 52 58:7031255:1992:1:58:1.6
25 66 48 56 34 62 7 60 36 40 29 52 58:7014237:2019:1:58:1.58
25 9 5 48 56 34 62 7 60 36 40 29 52 58:7041408:1860:1:58:1.72
25 5 48 56 34 62 7 60 36 40 29 52 58:7358978:2065:1:58:1.55
25 5 48 56 34 62 7 60 36 40 29 58:7148428:2069:1:58:1.54
25 5 48 56 34 62 7 60 36 40 52 58:7251279:2067:1:58:1.55
25 5 48 56 34 62 7 60 36 40 58:7040311:2071:1:58:1.54
25 5 48 56 34 62 7 60 36 29 52 58:7279654:2076:1:58:1.54
25 5 48 56 34 62 7 60 36 29 58:7067557:2080:1:58:1.54
25 5 48 56 34 62 7 60 36 52 58:7171055:2078:1:58:1.54
25 5 48 56 34 62 7 36 40 29 52 58:7131657:2122:1:47:1.51
25 5 48 56 34 62 7 36 40 52 58:7020088:2124:1:47:1.5
25 5 48 56 34 62 7 36 29 52 58:7046105:2133:1:47:1.5
25 5 48 56 34 62 60 36 40 29 52 58:7185816:2152:1:58:1.48
25 5 48 56 34 62 60 36 40 52 58:7080040:2156:1:58:1.48
25 5 48 56 34 62 60 36 29 52 58:7099004:2163:1:58:1.48
25 5 48 56 62 7 60 36 40 29 52 58:7227130:2125:1:58:1.5
25 5 48 56 62 7 60 36 40 29 58:7009284:2129:1:58:1.5
25 5 48 56 62 7 60 36 40 52 58:7116015:2127:1:58:1.5
25 5 48 56 62 7 60 36 29 52 58:7146393:2137:1:58:1.49
25 5 48 56 62 7 60 36 52 58:7034312:2139:1:58:1.49
25 5 48 56 62 60 36 40 29 52 58:7031483:2214:1:58:1.44
25 48 56 34 62 7 60 36 40 29 52 58:7179040:2182:1:58:1.46
25 48 56 34 62 7 60 36 40 52 58:7064942:2184:1:58:1.46
25 48 56 34 62 7 60 36 29 52 58:7094146:2194:1:58:1.46
25 48 56 62 7 60 36 40 29 52 58:7180470:2295:1:58:1.39
25 48 56 62 7 60 36 40 52 58:7072926:2301:1:58:1.39
25 48 56 62 7 60 36 29 52 58:7094407:2309:1:58:1.38
66 5 48 56 34 62 7 60 36 40 29 52 58:7024622:2122:1:43:1.51
5 48 56 34 62 7 60 36 40 29 52 58:7093006:2271:1:43:1.41
