64 42 3 5 66 48 56 34 62 7 36 60 40 29 52 58:7570326:1623:1:129:1.97
64 42 3 5 66 48 56 34 62 36 60 40 29 52 58:7506962:1692:1:129:1.89
42 3 5 66 48 56 34 62 7 36 60 40 29 52 58:7584697:1749:1:49:1.83
42 3 5 66 48 56 34 62 7 36 60 29 52 58:7515025:1756:1:49:1.82
42 3 5 48 56 34 62 7 36 60 40 29 52 58:7517295:1816:1:49:1.76
3 25 5 66 48 56 34 62 7 36 60 40 29 52 58:7760664:1807:1:58:1.77
3 25 5 66 48 56 34 62 7 36 60 40 29 58:7576956:1810:1:58:1.76
3 25 5 66 48 56 34 62 7 36 60 40 52 58:7660369:1807:1:58:1.77
3 25 5 66 48 56 34 62 7 36 60 29 52 58:7702733:1818:1:58:1.76
3 25 5 66 48 56 34 62 7 36 60 29 58:7517572:1821:1:58:1.75
3 25 5 66 48 56 34 62 7 36 60 52 58:7601662:1818:1:58:1.76
3 25 5 66 48 56 34 62 36 60 40 29 52 58:7637479:1877:1:58:1.7
3 25 5 66 48 56 34 62 36 60 40 52 58:7533185:1877:1:58:1.7
3 25 5 66 48 56 34 62 36 60 29 52 58:7573125:1888:1:58:1.69
3 25 5 66 48 56 62 7 36 60 40 29 52 58:7674215:1858:1:58:1.72
3 25 5 66 48 56 62 7 36 60 40 52 58:7571268:1858:1:58:1.72
3 25 5 66 48 56 62 7 36 60 29 52 58:7616323:1870:1:58:1.71
3 25 5 66 48 56 62 7 36 60 52 58:7512534:1870:1:58:1.71
3 25 5 66 48 56 62 36 60 40 29 52 58:7528220:1928:1:58:1.66
3 25 5 48 56 34 62 7 36 60 40 29 52 58:7732017:1889:1:58:1.69
3 25 5 48 56 34 62 7 36 60 40 29 58:7538953:1892:1:58:1.69
3 25 5 48 56 34 62 7 36 60 40 52 58:7627107:1889:1:58:1.69
3 25 5 48 56 34 62 7 36 60 29 52 58:7666755:1900:1:58:1.68
3 25 5 48 56 34 62 7 36 60 52 58:7561069:1900:1:58:1.68
3 25 5 48 56 34 62 36 60 40 29 52 58:7573776:1959:1:58:1.63
3 25 5 48 56 34 62 36 60 29 52 58:7502091:1970:1:58:1.62
3 25 5 48 56 62 7 36 60 40 29 52 58:7625528:1941:1:58:1.65
3 25 5 48 56 62 7 36 60 40 52 58:7517888:1941:1:58:1.65
3 25 5 48 56 62 7 36 60 29 52 58:7560019:1953:1:58:1.64
3 25 66 48 56 34 62 7 36 60 40 29 52 58:7635176:1899:1:58:1.68
3 25 66 48 56 34 62 7 36 60 40 52 58:7530053:1899:1:58:1.68
3 25 66 48 56 34 62 7 36 60 29 52 58:7573478:1911:1:58:1.67
3 25 66 48 56 62 7 36 60 40 29 52 58:7652391:1985:1:58:1.61
3 25 66 48 56 62 7 36 60 40 52 58:7542806:1985:1:58:1.61
3 25 66 48 56 62 7 36 60 29 52 58:7592060:1999:1:58:1.6
3 25 48 56 34 62 7 36 60 40 29 52 58:7629765:1996:1:58:1.6
3 25 48 56 34 62 7 36 60 40 52 58:7519149:1996:1:58:1.6
3 25 48 56 34 62 7 36 60 29 52 58:7559568:2008:1:58:1.59
3 25 48 56 62 7 36 60 40 29 52 58:7687428:2101:1:58:1.52
3 25 48 56 62 7 36 60 40 52 58:7571435:2101:1:58:1.52
3 25 48 56 62 7 36 60 29 52 58:7617372:2115:1:58:1.51
3 25 48 56 62 7 36 60 52 58:7500441:2115:1:58:1.51
3 5 66 48 56 34 62 7 36 60 40 29 52 58:7724865:2007:1:43:1.59
3 5 66 48 56 34 62 7 36 60 40 29 58:7522969:2011:1:43:1.59
3 5 66 48 56 34 62 7 36 60 40 52 58:7612763:2007:1:43:1.59
3 5 66 48 56 34 62 7 36 60 29 52 58:7651212:2018:1:43:1.58
3 5 66 48 56 34 62 7 36 60 52 58:7538334:2018:1:43:1.58
3 5 66 48 56 34 62 36 60 40 29 52 58:7527044:2077:1:43:1.54
3 5 66 48 56 62 7 36 60 40 29 52 58:7583348:2058:1:43:1.55
3 5 66 48 56 62 7 36 60 29 52 58:7509334:2070:1:43:1.54
3 5 48 56 34 62 7 36 60 40 29 52 58:7648341:2096:1:43:1.52
3 5 48 56 34 62 7 36 60 40 52 58:7531178:2096:1:43:1.52
3 5 48 56 34 62 7 36 60 29 52 58:7566918:2107:1:43:1.52
3 66 48 56 34 62 7 36 60 40 29 52 58:7539260:2108:1:43:1.52
25 5 66 48 56 34 62 7 36 60 40 29 52 58:7611589:2010:1:58:1.59
25 5 66 48 56 34 62 7 36 60 40 52 58:7507378:2012:1:58:1.59
25 5 66 48 56 34 62 7 36 60 29 52 58:7537793:2021:1:58:1.58
25 5 48 56 34 62 7 36 60 40 29 52 58:7539856:2105:1:58:1.52
