31 1 88 41 90 36:5191669:2016:1:1977:4.17
31 1 88 41 90 36 94:5408489:2016:1:1977:4.17
31 1 79 41 90 36 94:5174864:2016:1:1993:4.17
31 1 71 67 41:5038945:2472:1:1969:3.4
31 1 71 67 41 90:5415127:2280:1:1969:3.69
31 1 71 67 41 90 36:6541756:2280:1:1969:3.69
31 1 71 67 41 90 36 94:6791496:2280:1:1969:3.69
31 1 71 67 41 90 94:5664867:2280:1:1969:3.69
31 1 71 67 41 36:5783260:2280:1:1969:3.69
31 1 71 67 41 36 94:6033000:2280:1:1969:3.69
31 1 71 67 90 36:5810206:2394:1:1897:3.51
31 1 71 67 90 36 94:6071150:2394:1:1897:3.51
31 1 71 67 36:5011954:2394:1:1897:3.51
31 1 71 67 36 94:5272898:2394:1:1897:3.51
31 1 71 41 90:5471569:2608:1:1969:3.23
31 1 71 41 90 36:6758128:2608:1:1969:3.23
31 1 71 41 90 36 94:7043220:2608:1:1969:3.23
31 1 71 41 90 94:5756661:2608:1:1969:3.23
31 1 71 41 36:5893834:2608:1:1969:3.23
31 1 71 41 36 94:6178926:2608:1:1969:3.23
31 1 71 90 36:5891799:2740:1:1897:3.07
31 1 71 90 36 94:6190027:2740:1:1897:3.07
31 1 71 36 94:5279533:2740:1:1897:3.07
31 1 67 41 90:5168386:2608:1:1969:3.23
31 1 67 41 90 36:6454999:2608:1:1969:3.23
31 1 67 41 90 36 94:6741135:2608:1:1969:3.23
31 1 67 41 90 94:5454522:2608:1:1969:3.23
31 1 67 41 36:5584333:2608:1:1969:3.23
31 1 67 41 36 94:5870469:2608:1:1969:3.23
31 1 67 90 36:5670966:2788:1:1825:3.02
31 1 67 90 36 94:5975890:2788:1:1825:3.02
31 1 67 36 94:5043634:2788:1:1825:3.02
31 1 41 90:5565858:3273:1:1969:2.57
31 1 41 90 36:7177542:3273:1:1969:2.57
31 1 41 90 36 94:7534770:3273:1:1969:2.57
31 1 41 90 94:5923086:3273:1:1969:2.57
31 1 41 36:6090108:3273:1:1969:2.57
31 1 41 36 94:6447336:3273:1:1969:2.57
31 1 90 36:6129724:3489:1:1825:2.41
31 1 90 36 94:6509642:3489:1:1825:2.41
31 1 36 94:5348108:3489:1:1825:2.41
31 71 67 41 90 36:5582351:2352:1:1825:3.58
31 71 67 41 90 36 94:5839965:2352:1:1825:3.58
31 71 67 41 36 94:5057877:2352:1:1825:3.58
31 71 67 90 36 94:5051030:2474:1:1825:3.4
31 71 41 90 36:5624551:2680:1:1825:3.14
31 71 41 90 36 94:5917517:2680:1:1825:3.14
31 71 41 36 94:5029631:2680:1:1825:3.14
31 67 41 90 36:5306938:2680:1:1825:3.14
31 67 41 90 36 94:5600948:2680:1:1825:3.14
31 41 90 36:5708081:3352:1:1825:2.51
31 41 90 36 94:6074053:3352:1:1825:2.51
120 38 90 97 36 94:5260584:3089:1:1026:2.72
120 38 97 36 94:5031774:3664:1:1026:2.3
120 90 97 36 94:5257172:3305:1:1026:2.55
104 71 67 90 36:6047922:3136:1:1817:2.68
104 71 67 90 36 94:6386372:3136:1:1817:2.68
104 71 67 36:5006316:3136:1:1817:2.68
104 71 67 36 94:5344766:3136:1:1817:2.68
104 71 90 36:5360188:3244:1:1817:2.59
104 71 90 36 94:5711394:3244:1:1817:2.59
104 67 90 36:5350659:3472:1:1817:2.42
104 67 90 36 94:5726119:3472:1:1817:2.42
104 90 36 94:5031664:3668:1:1817:2.29
1 88 79 90 36 94:5265916:2528:1:1828:3.33
1 88 67 41 90 36 94:5216087:2064:1:1977:4.08
1 88 41 90 36:5807276:2720:1:1977:3.09
1 88 41 90 36 94:6099260:2720:1:1977:3.09
1 88 41 36 94:5203274:2720:1:1977:3.09
1 88 90 36:5031565:2960:1:1826:2.84
1 88 90 36 94:5349043:2960:1:1826:2.84
1 79 41 90 36:5497750:2720:1:1993:3.09
1 79 41 90 36 94:5791192:2720:1:1993:3.09
1 79 90 36 94:5144294:3032:1:1827:2.77
1 71 67 41 90:5387023:2792:1:1969:3.01
1 71 67 41 90 36:6777883:2792:1:1969:3.01
1 71 67 41 90 36 94:7081677:2792:1:1969:3.01
1 71 67 41 90 94:5690817:2792:1:1969:3.01
1 71 67 41 36:5851777:2792:1:1969:3.01
1 71 67 41 36 94:6155571:2792:1:1969:3.01
1 71 67 90 36:5958601:3002:1:1897:2.8
1 71 67 90 36 94:6284133:3002:1:1897:2.8
1 71 67 36 94:5289063:3002:1:1897:2.8
1 71 41 90:5157059:3120:1:1969:2.7
1 71 41 90 36:6707849:3120:1:1969:2.7
1 71 41 90 36 94:7046995:3120:1:1969:2.7
1 71 41 90 94:5496205:3120:1:1969:2.7
1 71 41 36:5675945:3120:1:1969:2.7
1 71 41 36 94:6015091:3120:1:1969:2.7
1 71 90 36:5719779:3348:1:1897:2.51
1 71 90 36 94:6082595:3348:1:1897:2.51
1 67 41 90:5092588:3312:1:1969:2.54
1 67 41 90 36:6742153:3312:1:1969:2.54
1 67 41 90 36 94:7103453:3312:1:1969:2.54
1 67 41 90 94:5453888:3312:1:1969:2.54
1 67 41 36:5639599:3312:1:1969:2.54
1 67 41 36 94:6000899:3312:1:1969:2.54
1 67 90 36:5719626:3588:1:1825:2.34
1 67 90 36 94:6110248:3588:1:1825:2.34
1 41 90 36:6973971:3977:1:1969:2.12
1 41 90 36 94:7406363:3977:1:1969:2.12
1 41 90 94:5431727:3977:1:1969:2.12
1 41 36:5654649:3977:1:1969:2.12
1 41 36 94:6087041:3977:1:1969:2.12
1 90 36:5645394:4289:1:1825:1.96
1 90 36 94:6111010:4289:1:1825:1.96
88 79 67 90 36 94:5018709:2684:1:1297:3.13
88 79 41 90 36 94:5140354:2540:1:1828:3.31
88 79 90 97 36 94:5316651:2936:1:1297:2.87
88 79 90 36:5015592:3376:1:1297:2.49
88 79 90 36 94:5380722:3376:1:1297:2.49
88 71 67 90 97 36 94:5019848:2280:1:1345:3.69
88 71 67 90 36 94:5058615:2552:1:1345:3.3
88 71 90 97 36 94:5152064:2680:1:1345:3.14
88 71 90 36 94:5153820:3024:1:1345:2.78
88 67 90 97 36:5087955:2988:1:1297:2.82
88 67 90 97 36 94:5409917:2988:1:1297:2.82
88 67 90 36 94:5309947:3332:1:1297:2.53
88 41 90 36 94:5202023:2972:1:1826:2.83
88 90 97 36:5352081:3752:1:1297:2.24
88 90 97 36 94:5756155:3752:1:1297:2.24
88 90 36:5123792:4240:1:1297:1.98
88 90 36 94:5581208:4240:1:1297:1.98
88 97 36 94:5003994:4152:1:1297:2.03
24 97 36:5129597:4232:1:1729:1.99
24 97 36 94:5585194:4224:1:1729:1.99
24 36 94:5009638:4552:1:1729:1.85
79 67 90 97 36 94:5147411:3024:1:1297:2.78
79 90 97 36 94:5295258:3717:1:1297:2.26
79 90 36 94:5069772:4205:1:1297:2.0
56 71 67 90 97 36 94:5120866:2584:1:1537:3.26
56 71 90 97 36:5097998:3200:1:1537:2.63
56 71 90 97 36 94:5448178:3200:1:1537:2.63
56 67 90 97 36 94:5207180:3268:1:1537:2.57
56 90 97 36:5126166:4249:1:1537:1.98
56 90 97 36 94:5589380:4249:1:1537:1.98
71 67 41 90 36:5673122:2936:1:1825:2.87
71 67 41 90 36 94:5992696:2936:1:1825:2.87
71 67 41 36 94:5019022:2936:1:1825:2.87
71 67 38 90 97 36:5844138:3192:1:1361:2.64
71 67 38 90 97 36 94:6188630:3192:1:1361:2.64
71 67 38 90 36:5610645:3488:1:1361:2.41
71 67 38 90 36 94:5988317:3488:1:1361:2.41
71 67 38 97 36 94:5125820:3192:1:1361:2.64
71 67 90 97 36:6280512:3666:1:1345:2.3
71 67 90 97 36 94:6677236:3666:1:1345:2.3
71 67 90 36:6019704:4034:1:1345:2.09
71 67 90 36 94:6457340:4034:1:1345:2.09
71 67 97 36:5068266:3666:1:1345:2.3
71 67 97 36 94:5464990:3666:1:1345:2.3
71 67 36 94:5121542:4034:1:1345:2.09
71 41 90 36:5466589:3300:1:1825:2.55
71 41 90 36 94:5826219:3300:1:1825:2.55
71 38 90 97 36:5510579:3552:1:1361:2.37
71 38 90 97 36 94:5896005:3552:1:1361:2.37
71 38 90 36:5122531:3848:1:1361:2.19
71 38 90 36 94:5541137:3848:1:1361:2.19
71 90 97 36:6166879:4300:1:1345:1.96
71 90 97 36 94:6633769:4300:1:1345:1.96
71 90 36:5756757:4740:1:1345:1.78
71 90 36 94:6272611:4740:1:1345:1.78
71 97 36 94:5389983:4444:1:1345:1.89
67 41 90 36:5440631:3528:1:1825:2.38
67 41 90 36 94:5825335:3528:1:1825:2.38
67 38 90 97 36:5556919:3860:1:1313:2.18
67 38 90 97 36 94:5974389:3860:1:1313:2.18
67 38 90 36:5060006:4156:1:1313:2.02
67 38 90 36 94:5510656:4156:1:1313:2.02
67 90 97 36:6099778:4608:1:1297:1.83
67 90 97 36 94:6599672:4608:1:1297:1.83
67 90 36:5569047:5048:1:1297:1.67
67 90 36 94:6118129:5048:1:1297:1.67
67 97 36 94:5156931:4684:1:1297:1.8
41 38 90 36 94:5360609:3596:1:1769:2.34
41 38 36 94:5038255:4352:1:1769:1.93
41 90 36:6205453:4908:1:1769:1.71
41 90 36 94:6740021:4908:1:1769:1.71
41 36:5286659:5664:1:1769:1.49
41 36 94:5904549:5664:1:1769:1.49
38 90 97 36:5780623:4977:1:1025:1.69
38 90 97 36 94:6321531:4977:1:1025:1.69
38 90 36 94:5577885:5313:1:1025:1.58
38 97 36:5209180:6272:1:1025:1.34
38 97 36 94:5894670:6272:1:1025:1.34
90 97 36:6575192:6281:1:528:1.34
90 97 36 94:7247475:6273:1:587:1.34
90 36:5705454:6905:1:192:1.22
90 36 94:6449703:6897:1:192:1.22
97 36:5431623:7576:1:528:1.11
97 36 94:6250990:7568:1:584:1.11
