31 1 71 67 41 36:5733092:2258:1:1969:3.73
31 1 71 67 41 36 94:5980122:2258:1:1969:3.73
31 1 71 67 41 36 94 90:6731214:2258:1:1969:3.73
31 1 71 67 41 36 90:6484184:2258:1:1969:3.73
31 1 71 67 41 94 90:5614575:2258:1:1969:3.73
31 1 71 67 41 90:5812889:2450:1:1969:3.43
31 1 71 67 36 94:5228548:2372:1:1897:3.55
31 1 71 67 36 94 90:6019396:2372:1:1897:3.55
31 1 71 67 36 90:5761162:2372:1:1897:3.55
31 1 71 41 36:5117102:2258:1:1969:3.73
31 1 71 41 36 94:5364132:2258:1:1969:3.73
31 1 71 41 36 94 90:6115224:2258:1:1969:3.73
31 1 71 41 36 90:5868194:2258:1:1969:3.73
31 1 71 41 90:5140239:2450:1:1969:3.43
31 1 71 36 94 90:5414255:2390:1:1897:3.52
31 1 71 36 90:5154089:2390:1:1897:3.52
31 1 67 41 36:5542670:2586:1:1969:3.25
31 1 67 41 36 94:5826096:2586:1:1969:3.25
31 1 67 41 36 94 90:6689358:2586:1:1969:3.25
31 1 67 41 36 90:6405932:2586:1:1969:3.25
31 1 67 41 94 90:5412735:2586:1:1969:3.25
31 1 67 41 90:5505647:2778:1:1969:3.03
31 1 67 36 94:5007789:2766:1:1825:3.04
31 1 67 36 94 90:5932641:2766:1:1825:3.04
31 1 67 36 90:5630427:2766:1:1825:3.04
31 1 41 36:5462615:2930:1:1969:2.87
31 1 41 36 94:5782651:2930:1:1969:2.87
31 1 41 36 94 90:6760015:2930:1:1969:2.87
31 1 41 36 90:6439979:2930:1:1969:2.87
31 1 41 94 90:5314381:2930:1:1969:2.87
31 1 41 90:5314023:3122:1:1969:2.69
31 1 36 94 90:5883655:3146:1:1825:2.67
31 1 36 90:5540929:3146:1:1825:2.67
31 71 67 41 36 94:5013738:2330:1:1825:3.61
31 71 67 41 36 94 90:5788422:2330:1:1825:3.61
31 71 67 41 36 90:5533518:2330:1:1825:3.61
31 71 41 36 94 90:5154077:2330:1:1825:3.61
31 67 41 36 94 90:5557910:2658:1:1825:3.17
31 67 41 36 90:5266610:2658:1:1825:3.17
31 41 36 94 90:5446133:3002:1:1825:2.8
31 41 36 90:5118223:3002:1:1825:2.8
5 97 36 94 90:5296804:3552:1:1736:2.37
104 71 36 94 90:5508361:3123:1:1817:2.69
104 71 36 90:5170253:3123:1:1817:2.69
120 38 97 36 94:5031774:3664:1:1026:2.3
120 38 97 36 94 90:6252354:3664:1:1026:2.3
120 38 97 36 90:5850604:3664:1:1026:2.3
120 38 36 94 90:5568347:3752:1:1026:2.24
120 38 36 90:5157327:3752:1:1026:2.24
120 97 36 94 90:6185074:3880:1:1026:2.17
120 97 36 90:5759928:3880:1:1026:2.17
120 36 94 90:5443227:3968:1:1026:2.12
120 36 90:5008811:3968:1:1026:2.12
88 1 79 36 94 90:5217468:2504:1:1828:3.36
88 1 67 41 36 94 90:5216087:2064:1:1977:4.08
88 1 41 36 94:5203274:2720:1:1977:3.09
88 1 41 36 94 90:6099260:2720:1:1977:3.09
88 1 41 36 90:5807276:2720:1:1977:3.09
88 1 36 94 90:5306870:2936:1:1826:2.87
88 79 41 36 94 90:5282997:2612:1:1828:3.22
88 79 41 36 90:5000669:2612:1:1828:3.22
88 79 97 36 94 90:5738436:3168:1:1298:2.66
88 79 97 36 90:5396096:3168:1:1298:2.66
88 79 36 94 90:5748343:3608:1:1298:2.33
88 79 36 90:5357737:3608:1:1298:2.33
88 71 97 36 94 90:5430562:2824:1:1345:2.98
88 71 97 36 90:5126600:2824:1:1345:2.98
88 71 36 94 90:5399530:3168:1:1345:2.66
88 71 36 90:5058490:3168:1:1345:2.66
88 41 36 94 90:5324791:3044:1:1826:2.76
88 97 36 94 90:5944121:3876:1:1298:2.17
88 97 36 90:5526607:3876:1:1298:2.17
88 36 94 90:5738674:4364:1:1298:1.93
88 36 90:5267818:4364:1:1298:1.93
1 79 41 36 94 90:5791192:2720:1:1993:3.09
1 79 41 36 90:5497750:2720:1:1993:3.09
1 79 36 94 90:5144294:3032:1:1827:2.77
1 71 67 41 36:5851777:2792:1:1969:3.01
1 71 67 41 36 94:6155571:2792:1:1969:3.01
1 71 67 41 36 94 90:7081677:2792:1:1969:3.01
1 71 67 41 36 90:6777883:2792:1:1969:3.01
1 71 67 41 94 90:5690817:2792:1:1969:3.01
1 71 67 41 90:5750207:2984:1:1969:2.82
1 71 67 36 94:5289063:3002:1:1897:2.8
1 71 67 36 94 90:6284133:3002:1:1897:2.8
1 71 67 36 90:5958601:3002:1:1897:2.8
1 71 41 36:5675945:3120:1:1969:2.7
1 71 41 36 94:6015091:3120:1:1969:2.7
1 71 41 36 94 90:7046995:3120:1:1969:2.7
1 71 41 36 90:6707849:3120:1:1969:2.7
1 71 41 94 90:5496205:3120:1:1969:2.7
1 71 41 90:5463583:3312:1:1969:2.54
1 71 36 94 90:6082595:3348:1:1897:2.51
1 71 36 90:5719779:3348:1:1897:2.51
1 67 41 36:5639599:3312:1:1969:2.54
1 67 41 36 94:6000899:3312:1:1969:2.54
1 67 41 36 94 90:7103453:3312:1:1969:2.54
1 67 41 36 90:6742153:3312:1:1969:2.54
1 67 41 94 90:5453888:3312:1:1969:2.54
1 67 41 90:5386766:3504:1:1969:2.4
1 67 36 94 90:6110248:3588:1:1825:2.34
1 67 36 90:5719626:3588:1:1825:2.34
1 41 36:5665152:3984:1:1969:2.11
1 41 36 94:6098414:3984:1:1969:2.11
1 41 36 94 90:7420868:3984:1:1969:2.11
1 41 36 90:6987606:3984:1:1969:2.11
1 41 94 90:5442362:3984:1:1969:2.11
1 41 90:5246618:4176:1:1969:2.01
1 36 94 90:6122059:4296:1:1825:1.96
1 36 90:5655573:4296:1:1825:1.96
79 71 97 36 94 90:5186587:2860:1:1345:2.94
79 71 36 94 90:5106625:3204:1:1345:2.63
79 67 97 36 94 90:5194769:3049:1:1297:2.76
79 67 36 94 90:5037045:3393:1:1297:2.48
79 41 36 94 90:5044266:3080:1:1827:2.73
79 97 36 94 90:6075370:4256:1:1297:1.98
79 97 36 90:5615540:4256:1:1297:1.98
79 36 94 90:5724700:4744:1:1297:1.77
79 36 90:5210612:4744:1:1297:1.77
56 71 67 97 36 94 90:5120866:2584:1:1537:3.26
56 71 97 36 94 90:5698587:3344:1:1537:2.52
56 71 97 36 90:5332105:3344:1:1537:2.52
56 67 97 36 94 90:5331093:3344:1:1537:2.52
56 97 36 94 90:6416069:4864:1:1537:1.73
56 97 36 90:5883877:4864:1:1537:1.73
56 36 94 90:5344525:4864:1:1537:1.73
24 97 36:5446825:4496:1:1729:1.87
24 97 36 94:5929690:4488:1:1729:1.87
24 97 36 94 90:7419952:4488:1:1729:1.87
24 97 36 90:6939589:4496:1:1729:1.87
24 97 94 90:5205421:4488:1:1729:1.87
24 36 94:5295278:4816:1:1729:1.75
24 36 94 90:6893240:4816:1:1729:1.75
24 36 90:6374091:4824:1:1729:1.74
71 67 41 36 94:5019022:2936:1:1825:2.87
71 67 41 36 94 90:5992696:2936:1:1825:2.87
71 67 41 36 90:5673122:2936:1:1825:2.87
71 67 38 97 36 94:5125820:3192:1:1361:2.64
71 67 38 97 36 94 90:6188630:3192:1:1361:2.64
71 67 38 97 36 90:5844138:3192:1:1361:2.64
71 67 38 36 94 90:5988317:3488:1:1361:2.41
71 67 38 36 90:5610645:3488:1:1361:2.41
71 67 97 36 94:5390096:3615:1:1345:2.33
71 67 97 36 94 90:6585560:3615:1:1345:2.33
71 67 97 36 90:6194618:3615:1:1345:2.33
71 67 36 94:5057264:3983:1:1345:2.11
71 67 36 94 90:6376280:3983:1:1345:2.11
71 67 36 90:5944426:3983:1:1345:2.11
71 41 36 94 90:5887788:3336:1:1825:2.52
71 41 36 90:5524370:3336:1:1825:2.52
71 38 97 36 94 90:6137115:3696:1:1361:2.28
71 38 97 36 90:5735387:3696:1:1361:2.28
71 38 36 94 90:5749459:3992:1:1361:2.11
71 38 36 90:5314551:3992:1:1361:2.11
71 97 36 94:5389983:4444:1:1345:1.89
71 97 36 94 90:6858129:4444:1:1345:1.89
71 97 36 90:6374937:4444:1:1345:1.89
71 36 94 90:6464183:4884:1:1345:1.72
71 36 90:5932027:4884:1:1345:1.72
67 41 36 94 90:5825335:3528:1:1825:2.38
67 41 36 90:5440631:3528:1:1825:2.38
67 38 97 36 94 90:6094404:3936:1:1313:2.14
67 38 97 36 90:5668766:3936:1:1313:2.14
67 38 36 94 90:5613707:4232:1:1313:1.99
67 38 36 90:5154889:4232:1:1313:1.99
67 97 36 94:5103030:4633:1:1297:1.82
67 97 36 94 90:6640020:4633:1:1297:1.82
67 97 36 90:6137740:4633:1:1297:1.82
67 36 94 90:6152129:5073:1:1297:1.66
67 36 90:5600661:5073:1:1297:1.66
41 38 36 94:5038255:4352:1:1769:1.93
41 38 36 94 90:6486031:4352:1:1769:1.93
41 38 36 90:6010801:4352:1:1769:1.93
41 36:5286659:5664:1:1769:1.49
41 36 94:5904549:5664:1:1769:1.49
41 36 94 90:7781745:5664:1:1769:1.49
41 36 90:7163855:5664:1:1769:1.49
38 97 36:5209180:6272:1:1025:1.34
38 97 36 94:5894670:6272:1:1025:1.34
38 97 36 94 90:7976604:6272:1:1025:1.34
38 97 36 90:7291114:6272:1:1025:1.34
38 36 94 90:6940286:6608:1:1025:1.27
38 36 90:6216998:6608:1:1025:1.27
97 36:5431623:7576:1:528:1.11
97 36 94:6250990:7568:1:584:1.11
97 36 94 90:8758936:7568:1:584:1.11
97 36 90:7942071:7576:1:528:1.11
97 94 90:5006386:7568:1:584:1.11
36 94 90:7668492:8192:1:192:1.03
36 90:6779661:8200:1:192:1.03
