31 1 71 67 41:5038945:2472:1:1969:3.4
31 1 41 90:5046668:3017:1:1969:2.79
31 1 41 90 36:5366711:2587:1:1969:3.25
31 1 41 90 36 94:5642727:2587:1:1969:3.25
31 1 41 90 94:5030674:2825:1:1969:2.98
31 1 41 36:5077595:2865:1:1969:2.94
31 1 41 36 94:5387563:2865:1:1969:2.94
120 38 90 36 97:5001173:3229:1:1026:2.61
120 38 90 36 97 94:5350361:3229:1:1026:2.61
120 90 36 97 94:5285269:3422:1:1026:2.46
1 71 67 41 36 94:5123183:2422:1:1969:3.47
1 67 41 90 36 94:5099607:2532:1:1969:3.32
1 67 41 36 94:5136628:2933:1:1969:2.87
1 41 90 36:5223191:3158:1:1969:2.66
1 41 90 36 94:5558025:3158:1:1969:2.66
1 41 36 94:5242597:3559:1:1969:2.36
88 79 90 36 97 94:5026914:2866:1:1297:2.94
88 79 90 36 94:5026558:3255:1:1297:2.58
88 90 36 97 94:5201941:3531:1:1297:2.38
79 90 36 97 94:5000827:3649:1:1297:2.31
56 90 36 97 94:5125936:4075:1:1537:2.06
24 90 36:5745285:4440:1:1730:1.9
24 90 36 97:6252325:4138:1:1730:2.03
24 90 36 97 94:6690732:4130:1:1730:2.04
24 90 36 94:6219280:4432:1:1730:1.9
24 36 97:5218658:4349:1:1729:1.93
24 36 97 94:5685407:4341:1:1729:1.94
24 36 94:5066677:4648:1:1729:1.81
71 90 36 97 94:5234288:3595:1:1345:2.34
41 38 90 36 94:5185295:3641:1:1769:2.31
41 90 36:5756614:4786:1:1769:1.76
41 90 36 94:6270230:4786:1:1769:1.76
41 36 94:5276093:5210:1:1769:1.62
38 90 36:5090650:5689:1:1026:1.48
38 90 36 97:6003876:5407:1:1026:1.56
38 90 36 97 94:6586164:5407:1:1026:1.56
38 90 36 94:5703946:5689:1:1026:1.48
38 36 97 94:5474229:5926:1:1026:1.42
90 36:5539545:7083:1:192:1.19
90 36 97:6520179:6539:1:528:1.29
90 36 97 94:7214052:6531:1:584:1.29
90 36 94:6295396:7075:1:192:1.19
36 97 94:5769194:7128:1:584:1.18
