31 1 41 71 67:5038945:2472:1:1969:3.4
31 1 41 71 67 94 36:6033000:2280:1:1969:3.69
31 1 41 71 67 36:5783260:2280:1:1969:3.69
31 1 41 71 94 36:5556030:2346:1:1969:3.59
31 1 41 71 36:5300132:2346:1:1969:3.59
31 1 41 67 94 36:5382750:2391:1:1969:3.52
31 1 41 67 36:5584333:2608:1:1969:3.23
31 1 41 94 36:5349548:2713:1:1969:3.1
31 1 41 36:5559060:2984:1:1969:2.82
31 1 71 67 94 36:5235106:2376:1:1969:3.54
31 41 71 67 94 36:5057877:2352:1:1825:3.58
120 38 97 94 90 36:6188540:3628:1:1026:2.32
120 38 97 90 36:5850604:3664:1:1026:2.3
120 38 94 90 36:5489725:3700:1:1026:2.27
120 38 90 36:5135811:3736:1:1026:2.25
120 97 94 90 36:6125372:3844:1:1026:2.19
120 97 90 36:5759928:3880:1:1026:2.17
120 94 90 36:5370123:3916:1:1026:2.15
104 71 67 94 36:5344766:3136:1:1817:2.68
104 71 67 36:5006316:3136:1:1817:2.68
104 67 90 36:5000242:3247:1:1819:2.59
1 41 71 67 94 36:6036973:2740:1:1969:3.07
1 41 71 67 36:5737965:2740:1:1969:3.07
1 41 71 94 36:5404933:2806:1:1969:3.0
1 41 71 36:5099767:2806:1:1969:3.0
1 41 67 94 36:5511437:3043:1:1969:2.76
1 41 67 36:5547746:3260:1:1969:2.58
1 41 94 36:5151998:3365:1:1969:2.5
1 41 36:5172132:3636:1:1969:2.31
1 71 67 94 36:5257767:2984:1:1969:2.82
88 79 97 94 90 36:5376019:2966:1:1297:2.84
88 79 97 90 36:5363840:3149:1:1297:2.67
88 79 94 90 36:5065413:3182:1:1297:2.64
88 79 90 36:5099571:3437:1:1297:2.45
88 71 97 94 90 36:5002846:2599:1:1345:3.24
88 67 97 94 90 36:5070398:2798:1:1297:3.01
88 67 97 90 36:5012248:2943:1:1297:2.86
88 97 94 90 36:5808063:3782:1:1297:2.22
88 97 90 36:5656709:3965:1:1297:2.12
88 94 90 36:5258724:3998:1:1297:2.1
88 90 36:5133037:4253:1:1297:1.98
79 97 94 90 36:5548916:3886:1:1297:2.17
79 97 90 36:5371040:4069:1:1297:2.07
56 71 67 97 94 90 36:5120866:2584:1:1537:3.26
56 71 97 94 90 36:5525555:3240:1:1537:2.6
56 71 97 90 36:5169565:3240:1:1537:2.6
56 97 94 90 36:6003888:4553:1:1537:1.85
56 97 90 36:5771433:4772:1:1537:1.76
24 97 94 90 36:6897259:4169:1:1729:2.02
24 97 94 36:5601449:4235:1:1729:1.99
24 97 90 36:6838277:4430:1:1729:1.9
24 97 36:5446825:4496:1:1729:1.87
24 94 90 36:6207824:4337:1:1729:1.94
24 90 36:6190494:4686:1:1729:1.8
71 67 38 97 94 90 36:5955202:3071:1:1361:2.74
71 67 38 97 94 36:5125820:3192:1:1361:2.64
71 67 38 97 90 36:5623528:3071:1:1361:2.74
71 67 38 94 90 36:5395788:3143:1:1361:2.68
71 67 38 90 36:5056240:3143:1:1361:2.68
71 67 97 94 90 36:6457232:3545:1:1345:2.37
71 67 97 94 36:5464990:3666:1:1345:2.3
71 67 97 90 36:6073326:3545:1:1345:2.37
71 67 97 36:5068266:3666:1:1345:2.3
71 67 94 90 36:5785460:3617:1:1345:2.33
71 67 94 36:5121542:4034:1:1345:2.09
71 67 90 36:5393680:3617:1:1345:2.33
71 38 97 94 90 36:5937452:3575:1:1361:2.35
71 38 97 90 36:5548542:3575:1:1361:2.35
71 38 94 90 36:5248755:3647:1:1361:2.31
71 97 94 90 36:6516366:4219:1:1345:1.99
71 97 94 36:5344226:4406:1:1345:1.91
71 97 90 36:6056484:4219:1:1345:1.99
71 94 90 36:5677663:4291:1:1345:1.96
71 90 36:5209907:4291:1:1345:1.96
67 38 97 94 90 36:5851134:3779:1:1313:2.23
67 38 97 90 36:5495140:3815:1:1313:2.21
67 38 94 90 36:5113030:3851:1:1313:2.18
67 97 94 90 36:6278741:4382:1:1297:1.92
67 97 90 36:6042439:4563:1:1297:1.84
67 94 90 36:5399683:4454:1:1297:1.89
67 90 36:5198014:4707:1:1297:1.79
38 97 94 90 36:7731834:6081:1:1025:1.38
38 97 94 36:5827371:6202:1:1025:1.36
38 97 90 36:7151253:6151:1:1025:1.37
38 97 36:5209180:6272:1:1025:1.34
38 94 90 36:6484718:6177:1:1025:1.36
38 90 36:5894992:6263:1:1025:1.34
97 94 90 36:8251185:7128:1:584:1.18
97 94 36:6042782:7315:1:584:1.15
97 90 36:7748486:7389:1:528:1.14
97 36:5431623:7576:1:528:1.11
94 90 36:6893313:7368:1:240:1.14
90 36:6381390:7717:1:224:1.09
