3 25 66 5 48 56 34 60 62 7 36 40 29 52 58:7144245:1691:1:58:1.89
3 25 66 5 48 56 34 60 62 7 36 40 52 58:7050780:1691:1:58:1.89
3 25 66 5 48 56 34 60 62 7 36 29 52 58:7092425:1702:1:58:1.88
3 25 66 5 48 56 34 60 62 36 40 29 52 58:7053068:1761:1:58:1.81
3 25 66 5 48 56 60 62 7 36 40 29 52 58:7064805:1739:1:58:1.84
3 25 66 5 48 56 60 62 7 36 29 52 58:7013166:1751:1:58:1.82
3 25 66 48 56 34 60 62 7 36 40 29 52 58:7074171:1786:1:58:1.79
3 25 66 48 56 34 60 62 7 36 29 52 58:7018480:1798:1:58:1.78
3 25 66 48 56 60 62 7 36 40 29 52 58:7119752:1873:1:58:1.71
3 25 66 48 56 60 62 7 36 40 52 58:7016665:1873:1:58:1.71
3 25 66 48 56 60 62 7 36 29 52 58:7065457:1887:1:58:1.69
3 25 5 48 56 34 60 62 7 36 40 29 52 58:7248148:1795:1:58:1.78
3 25 5 48 56 34 60 62 7 36 40 29 58:7066122:1798:1:58:1.78
3 25 5 48 56 34 60 62 7 36 40 52 58:7148869:1795:1:58:1.78
3 25 5 48 56 34 60 62 7 36 29 52 58:7188095:1806:1:58:1.77
3 25 5 48 56 34 60 62 7 36 29 58:7004616:1809:1:58:1.77
3 25 5 48 56 34 60 62 7 36 52 58:7088040:1806:1:58:1.77
3 25 5 48 56 34 60 62 36 40 29 52 58:7117047:1865:1:58:1.71
3 25 5 48 56 34 60 62 36 40 52 58:7013769:1865:1:58:1.71
3 25 5 48 56 34 60 62 36 29 52 58:7050571:1876:1:58:1.7
3 25 5 48 56 34 62 7 36 40 29 52 58:7160654:1864:1:48:1.71
3 25 5 48 56 34 62 7 36 40 52 58:7057344:1864:1:48:1.71
3 25 5 48 56 34 62 7 36 29 52 58:7094172:1875:1:48:1.7
3 25 5 48 56 60 62 7 36 40 29 52 58:7160862:1847:1:58:1.73
3 25 5 48 56 60 62 7 36 40 52 58:7058853:1847:1:58:1.73
3 25 5 48 56 60 62 7 36 29 52 58:7100562:1859:1:58:1.72
3 25 5 48 56 60 62 36 40 29 52 58:7006579:1917:1:58:1.67
3 25 5 48 56 62 7 36 40 29 52 58:7049928:1916:1:48:1.67
3 25 48 56 34 60 62 7 36 40 29 52 58:7176786:1902:1:58:1.68
3 25 48 56 34 60 62 7 36 40 52 58:7071801:1902:1:58:1.68
3 25 48 56 34 60 62 7 36 29 52 58:7111798:1914:1:58:1.67
3 25 48 56 34 60 62 7 36 52 58:7005983:1914:1:58:1.67
3 25 48 56 34 60 62 36 40 29 52 58:7013167:1975:1:58:1.62
3 25 48 56 34 62 7 36 40 29 52 58:7045786:1971:1:46:1.62
3 25 48 56 60 62 7 36 40 29 52 58:7253652:2007:1:58:1.59
3 25 48 56 60 62 7 36 40 29 58:7046891:2010:1:58:1.59
3 25 48 56 60 62 7 36 40 52 58:7143290:2007:1:58:1.59
3 25 48 56 60 62 7 36 29 52 58:7188805:2021:1:58:1.58
3 25 48 56 60 62 7 36 52 58:7077505:2021:1:58:1.58
3 25 48 56 60 62 36 40 29 52 58:7054501:2080:1:58:1.54
3 25 48 56 62 7 36 40 29 52 58:7086608:2076:1:46:1.54
3 25 48 56 62 7 36 29 52 58:7014528:2090:1:46:1.53
3 66 5 48 56 34 60 62 7 36 40 29 52 58:7152123:1887:1:43:1.69
3 66 5 48 56 34 60 62 7 36 40 52 58:7047155:1887:1:43:1.69
3 66 5 48 56 34 60 62 7 36 29 52 58:7084774:1898:1:43:1.68
3 66 5 48 56 60 62 7 36 40 29 52 58:7019091:1935:1:43:1.65
3 66 48 56 34 60 62 7 36 40 29 52 58:7021608:1991:1:43:1.6
3 66 48 56 60 62 7 36 40 29 52 58:7007811:2082:1:43:1.53
3 5 48 56 34 60 62 7 36 40 29 52 58:7195758:2000:1:43:1.6
3 5 48 56 34 60 62 7 36 40 52 58:7084531:2000:1:43:1.6
3 5 48 56 34 60 62 7 36 29 52 58:7119724:2011:1:43:1.59
3 5 48 56 34 60 62 7 36 52 58:7007721:2011:1:43:1.59
3 5 48 56 34 62 7 36 40 29 52 58:7115207:2088:1:39:1.53
3 5 48 56 34 62 7 36 29 52 58:7031611:2099:1:39:1.52
3 5 48 56 60 62 7 36 40 29 52 58:7051604:2052:1:43:1.56
3 48 56 34 60 62 7 36 40 29 52 58:7052510:2116:1:43:1.51
3 48 56 60 62 7 36 40 29 52 58:7059226:2225:1:43:1.44
25 66 5 48 56 34 60 62 7 36 40 29 52 58:7073083:1894:1:58:1.69
25 66 5 48 56 34 60 62 7 36 29 52 58:7005398:1905:1:58:1.68
25 5 48 56 34 60 62 7 36 40 29 52 58:7121651:2011:1:58:1.59
25 5 48 56 34 60 62 7 36 40 52 58:7017107:2013:1:58:1.59
25 5 48 56 34 60 62 7 36 29 52 58:7044989:2022:1:58:1.58
25 5 48 56 60 62 7 36 40 29 52 58:7000015:2071:1:58:1.54
