31 1 71 67 41 90:5364703:2257:1:1969:3.73
31 1 71 67 41 90 36:6480460:2257:1:1969:3.73
31 1 71 67 41 90 36 94:6727356:2257:1:1969:3.73
31 1 71 67 41 90 94:5611599:2257:1:1969:3.73
31 1 71 67 41 36:5729686:2257:1:1969:3.73
31 1 71 67 41 36 94:5976582:2257:1:1969:3.73
31 1 71 67 90 36:5757686:2371:1:1897:3.55
31 1 71 67 90 36 94:6015786:2371:1:1897:3.55
31 1 71 67 36 94:5225256:2371:1:1897:3.55
31 1 71 41 90 36:5864895:2257:1:1969:3.73
31 1 71 41 90 36 94:6111791:2257:1:1969:3.73
31 1 71 41 36:5681542:2513:1:1969:3.35
31 1 71 41 36 94:5955738:2513:1:1969:3.35
31 1 71 90 36:5151038:2389:1:1897:3.52
31 1 71 90 36 94:5411070:2389:1:1897:3.52
31 1 71 36 94:5097697:2645:1:1897:3.18
31 1 67 41 90:5544724:2800:1:1969:3.0
31 1 67 41 90 36:6454999:2608:1:1969:3.23
31 1 67 41 90 36 94:6741135:2608:1:1969:3.23
31 1 67 41 90 94:5454522:2608:1:1969:3.23
31 1 67 41 36:5584333:2608:1:1969:3.23
31 1 67 41 36 94:5870469:2608:1:1969:3.23
31 1 67 90 36:5670966:2788:1:1825:3.02
31 1 67 90 36 94:5975890:2788:1:1825:3.02
31 1 67 36 94:5043634:2788:1:1825:3.02
31 1 41 90:5472094:3216:1:1969:2.62
31 1 41 90 36:6643212:3024:1:1969:2.78
31 1 41 90 36 94:6974010:3024:1:1969:2.78
31 1 41 90 94:5483214:3024:1:1969:2.78
31 1 41 36:6103827:3280:1:1969:2.57
31 1 41 36 94:6461925:3280:1:1969:2.57
31 1 90 36:5703058:3240:1:1825:2.6
31 1 90 36 94:6056546:3240:1:1825:2.6
31 1 36 94:5359241:3496:1:1825:2.41
31 71 67 41 90 36:5368663:2257:1:1969:3.73
31 71 67 41 90 36 94:5615559:2257:1:1969:3.73
31 67 41 90 36:5266144:2657:1:1848:3.17
31 67 41 90 36 94:5557756:2657:1:1848:3.17
31 41 90 36:5242326:3073:1:1848:2.74
31 41 90 36 94:5578600:3073:1:1848:2.74
120 38 90 36 94:5215549:3517:1:1282:2.39
88 1 41 36 94:5039155:2636:1:1977:3.19
1 71 67 41 90 36:6267548:2581:1:1969:3.26
1 71 67 41 90 36 94:6549090:2581:1:1969:3.26
1 71 67 41 90 94:5265663:2581:1:1969:3.26
1 71 67 41 36:5808307:2769:1:1969:3.04
1 71 67 41 36 94:6109257:2769:1:1969:3.04
1 71 67 90 36:5363166:2695:1:1897:3.12
1 71 67 90 36 94:5655912:2695:1:1897:3.12
1 71 67 36 94:5199849:2949:1:1897:2.85
1 71 41 90 36:5563343:2581:1:1969:3.26
1 71 41 90 36 94:5844885:2581:1:1969:3.26
1 71 41 36:5507341:3025:1:1969:2.78
1 71 41 36 94:5835591:3025:1:1969:2.78
1 67 41 90:5097971:3316:1:1969:2.54
1 67 41 90 36:6331618:3112:1:1969:2.7
1 67 41 90 36 94:6672006:3112:1:1969:2.7
1 67 41 90 94:5145685:3124:1:1969:2.69
1 67 41 36:5618866:3300:1:1969:2.55
1 67 41 36 94:5978662:3300:1:1969:2.55
1 67 90 36:5255849:3292:1:1825:2.56
1 67 90 36 94:5615025:3292:1:1825:2.56
1 41 90 36:6192872:3528:1:1969:2.38
1 41 90 36 94:6577922:3528:1:1969:2.38
1 41 36:5647219:3972:1:1969:2.12
1 41 36 94:6078977:3972:1:1969:2.12
1 90 36 94:5353762:3744:1:1825:2.25
71 67 41 90 36 94:5280342:2581:1:1969:3.26
71 67 97 38 36 94:5125820:3192:1:1361:2.64
71 67 97 90 36 94:5209312:2854:1:1897:2.95
71 67 97 36 94:5266265:3532:1:1361:2.38
71 67 90 36 94:5021258:3127:1:1897:2.69
24 90 36:5774907:4368:1:1921:1.93
24 90 36 94:6255137:4368:1:1921:1.93
24 36 94:5193801:4720:1:1729:1.78
67 41 90 36 94:5340057:3233:1:1825:2.6
67 97 38 90 36 94:5057039:3267:1:1489:2.58
67 97 90 36:5055685:3815:1:1489:2.21
67 97 90 36 94:5470069:3815:1:1489:2.21
67 90 36 94:5192004:4277:1:1489:1.97
41 38 90 36:5603568:4057:1:1769:2.07
41 38 90 36 94:6047582:4057:1:1769:2.07
41 90 36:6470194:5113:1:1769:1.65
41 90 36 94:7029568:5113:1:1769:1.65
41 36:5256171:5629:1:1769:1.49
41 36 94:5870159:5629:1:1769:1.49
97 38 90 36 94:5032935:3953:1:1281:2.13
97 90 36 94:5516338:4757:1:596:1.77
38 90 36:5605909:5961:1:1281:1.41
38 90 36 94:6259839:5961:1:1281:1.41
90 36:5870541:7089:1:285:1.19
90 36 94:6647561:7089:1:285:1.19
