64 42 3 5 48 66 56 34 62 7 36 40 29 52 60 58:7734367:1650:1:129:1.94
64 42 3 5 48 66 56 34 62 7 36 40 29 60 58:7560458:1651:1:129:1.93
64 42 3 5 48 66 56 34 62 7 36 40 52 60 58:7642528:1650:1:129:1.94
64 42 3 5 48 66 56 34 62 7 36 29 52 60 58:7642058:1650:1:129:1.94
64 42 3 5 48 66 56 34 62 7 36 52 60 58:7550219:1650:1:129:1.94
64 42 3 5 48 66 56 34 62 36 40 29 52 60 58:7507607:1682:1:129:1.9
64 42 3 5 48 66 56 34 62 36 29 52 60 58:7567588:1719:1:129:1.86
64 42 3 5 48 56 34 62 7 36 40 29 52 60 58:7504886:1681:1:129:1.9
64 42 3 5 66 56 34 62 7 36 40 29 52 60 58:7526092:1707:1:129:1.87
64 42 3 48 66 56 34 62 7 36 40 29 52 60 58:7563964:1714:1:129:1.86
64 42 3 48 66 56 34 62 7 36 29 52 60 58:7511264:1723:1:129:1.85
42 3 25 5 48 66 56 34 62 7 36 40 29 52 60 58:7582018:1578:1:58:2.02
42 3 25 5 48 66 56 34 62 7 36 29 52 60 58:7524733:1585:1:58:2.02
42 3 5 48 66 56 34 62 7 36 40 29 52 60 58:7762865:1780:1:49:1.79
42 3 5 48 66 56 34 62 7 36 40 29 60 58:7586015:1784:1:49:1.79
42 3 5 48 66 56 34 62 7 36 40 52 60 58:7663271:1780:1:49:1.79
42 3 5 48 66 56 34 62 7 36 29 52 60 58:7691322:1787:1:49:1.79
42 3 5 48 66 56 34 62 7 36 29 60 58:7513348:1791:1:49:1.78
42 3 5 48 66 56 34 62 7 36 52 60 58:7591209:1787:1:49:1.79
42 3 5 48 66 56 34 62 36 29 52 60 58:7564988:1856:1:49:1.72
42 3 5 48 56 34 62 7 36 40 29 52 60 58:7517295:1816:1:49:1.76
42 3 5 66 56 34 62 7 36 40 29 52 60 58:7517877:1842:1:49:1.73
42 3 48 66 56 34 62 7 36 40 29 52 60 58:7549309:1847:1:48:1.73
42 3 48 66 56 34 62 7 36 29 52 60 58:7512706:1863:1:48:1.71
42 25 5 48 66 56 34 62 7 36 40 29 52 60 58:7513428:1752:1:58:1.82
42 5 48 66 56 34 62 7 36 40 29 52 60 58:7523446:1955:1:48:1.63
3 25 5 48 66 56 34 62 7 36 40 29 52 60 58:7800552:1809:1:58:1.77
3 25 5 48 66 56 34 62 7 36 40 29 60 58:7616606:1812:1:58:1.76
3 25 5 48 66 56 34 62 7 36 40 52 60 58:7801018:1832:1:58:1.74
3 25 5 48 66 56 34 62 7 36 40 60 58:7614149:1835:1:58:1.74
3 25 5 48 66 56 34 62 7 36 29 52 60 58:7742402:1820:1:58:1.76
3 25 5 48 66 56 34 62 7 36 29 60 58:7557003:1823:1:58:1.75
3 25 5 48 66 56 34 62 7 36 52 60 58:7740843:1843:1:58:1.73
3 25 5 48 66 56 34 62 7 36 60 58:7552521:1846:1:58:1.73
3 25 5 48 66 56 34 62 36 40 29 52 60 58:7528085:1842:1:58:1.73
3 25 5 48 66 56 34 62 36 40 52 60 58:7522097:1865:1:58:1.71
3 25 5 48 66 56 34 62 36 29 52 60 58:7610302:1890:1:58:1.69
3 25 5 48 66 56 34 62 36 52 60 58:7600160:1913:1:58:1.67
3 25 5 48 66 56 62 7 36 40 29 60 58:7528938:1864:1:58:1.71
3 25 5 48 66 56 62 7 36 40 60 58:7519560:1887:1:58:1.69
3 25 5 48 56 34 62 7 36 40 29 52 60 58:7634698:1866:1:58:1.71
3 25 5 48 56 34 62 7 36 40 52 60 58:7627107:1889:1:58:1.69
3 25 5 48 56 34 62 7 36 29 52 60 58:7570685:1877:1:58:1.7
3 25 5 48 56 34 62 7 36 52 60 58:7561069:1900:1:58:1.68
3 25 48 66 56 34 62 7 36 40 29 52 60 58:7591330:1879:1:58:1.7
3 25 48 66 56 34 62 7 36 40 52 60 58:7679675:1927:1:58:1.66
3 25 48 66 56 34 62 7 36 29 52 60 58:7530598:1891:1:58:1.69
3 25 48 66 56 34 62 7 36 52 60 58:7615575:1939:1:58:1.65
3 25 48 66 56 62 7 36 40 52 60 58:7511440:1966:1:58:1.62
3 25 48 66 56 62 7 36 40 60 58:7504347:2021:1:58:1.58
3 25 48 56 34 62 7 36 40 52 60 58:7519149:1996:1:58:1.6
3 9 5 48 66 56 34 62 7 36 40 29 52 60 58:7539698:1846:1:77:1.73
3 5 48 66 56 34 62 7 36 40 29 52 60 58:7795118:2015:1:43:1.59
3 5 48 66 56 34 62 7 36 40 29 60 58:7592238:2019:1:43:1.58
3 5 48 66 56 34 62 7 36 40 52 60 58:7773377:2038:1:43:1.57
3 5 48 66 56 34 62 7 36 40 60 58:7567496:2042:1:43:1.56
3 5 48 66 56 34 62 7 36 29 52 60 58:7720843:2026:1:43:1.58
3 5 48 66 56 34 62 7 36 29 60 58:7516449:2030:1:43:1.57
3 5 48 66 56 34 62 7 36 52 60 58:7697077:2049:1:43:1.56
3 5 48 66 56 34 62 36 29 52 60 58:7512559:2096:1:43:1.52
3 5 48 56 34 62 7 36 40 29 52 60 58:7561014:2073:1:43:1.54
3 5 48 56 34 62 7 36 40 52 60 58:7531178:2096:1:43:1.52
3 48 66 56 34 62 7 36 40 52 60 58:7553058:2133:1:43:1.5
3 48 66 56 34 62 7 36 52 60 58:7506513:2154:1:43:1.48
25 5 48 66 56 34 62 7 36 40 29 52 60 58:7644313:2012:1:58:1.59
25 5 48 66 56 34 62 7 36 40 52 60 58:7628137:2037:1:58:1.57
25 5 48 66 56 34 62 7 36 29 52 60 58:7570298:2023:1:58:1.58
25 5 48 66 56 34 62 7 36 52 60 58:7551973:2048:1:58:1.56
