23 31 57 104 71 67 41 90 36:5037546:1635:1:2394:5.14
23 31 57 104 71 67 41 90 36 94:5214752:1635:1:2394:5.14
23 31 1 71 67 41 90 38:5023799:1935:1:2177:4.35
23 31 1 71 67 41 90 38 94:5235509:1935:1:2177:4.35
23 31 1 71 67 41 90 94:5020781:1935:1:2177:4.35
23 1 71 67 41 90 38 94:5105322:2258:1:2129:3.73
31 57 104 71 67 41 90 36 94:5035968:1635:1:2394:5.14
31 1 71 67 41 90:5210254:2191:1:2129:3.84
31 1 71 67 41 90 38 94:5025017:1935:1:2177:4.35
31 1 71 67 41 90 94:5450528:2191:1:2129:3.84
31 1 71 67 90 36 97:5050194:1907:1:2547:4.41
31 1 71 67 90 36 97 94:5256606:1907:1:2547:4.41
31 1 67 41 90 94:5275449:2519:1:1973:3.34
31 1 67 90 36 97:5032126:2229:1:2546:3.77
31 1 67 90 36 97 94:5274242:2229:1:2546:3.77
31 1 41 90 94:5306949:2928:1:1973:2.87
31 1 90 36 97 94:5261361:2515:1:2546:3.34
31 1 90 36 94:5045086:2701:1:2021:3.11
57 41 90 38 36 97:5393657:3049:1:2688:2.76
57 41 90 38 36 97 94:5726525:3049:1:2688:2.76
57 41 90 38 36 94:5123508:3091:1:2449:2.72
57 41 90 36 97:5054999:3049:1:2688:2.76
57 41 90 36 97 94:5387867:3049:1:2688:2.76
104 71 67 41 90 38 97:5097339:2311:1:2509:3.64
1 71 67 41 90:5225225:2706:1:2129:3.11
1 71 67 41 90 94:5135887:2514:1:2129:3.35
1 67 41 90 94:5006085:3032:1:1969:2.77
1 67 41 36 94:5057625:2791:1:2035:3.01
1 41 36 94:5249138:3428:1:2035:2.45
24 36 97:5403195:4461:1:1729:1.89
24 36 97 94:5882432:4453:1:1729:1.89
24 36 94:5255668:4781:1:1729:1.76
41 90 38 36 97:5473013:3413:1:2688:2.47
41 90 38 36 97 94:5845535:3413:1:2688:2.47
41 90 38 36 94:5157534:3455:1:2449:2.44
41 90 36:5778394:4565:1:2033:1.84
41 90 36 97:6266628:4211:1:2688:2.0
41 90 36 97 94:6725432:4211:1:2688:2.0
41 90 36 94:6276694:4565:1:2033:1.84
41 90 97 94:5117102:4654:1:2688:1.81
41 36 97:5315826:4597:1:2688:1.83
41 36 97 94:5816394:4597:1:2688:1.83
41 36 94:5249867:5036:1:1846:1.67
90 36 97 94:5517680:4761:1:1221:1.77
38 36 97 94:5511342:5864:1:1025:1.43
36 97:5111996:7133:1:528:1.18
36 97 94:5883887:7125:1:584:1.18
