1 9
2 6
3 4
4 6
5 6
6 1
7 6
8 6
9 3
10 1
11 7
12 4
13 8
14 9
15 6
16 5
17 6
18 4
19 8
20 6
21 9
22 2
23 2
24 9
25 7
26 4
27 4
28 4
29 2
30 5
31 8
32 2
33 5
34 3
36 9
38 2
39 4
41 8
42 7
43 6
44 9
45 1
46 1
47 7
48 8
49 1
50 7
51 6
52 6
53 9
54 9
55 7
56 3
57 3
58 10
60 5
62 2
63 8
64 5
65 6
66 5
67 5
68 9
69 1
70 9
71 7
72 9
73 10
74 5
75 7
76 4
77 8
78 10
79 5
80 3
81 4
82 7
83 5
84 3
85 2
86 4
87 6
88 7
89 4
90 6
92 8
93 4
94 2
95 3
96 3
97 4
98 3
100 1
101 6
102 7
103 1
104 8
107 8
108 8
109 4
110 3
111 5
112 3
113 9
114 3
115 9
116 9
117 8
118 3
119 3
120 8
121 1
122 5
123 4
124 4
125 8
126 2
127 2
128 9
