5 1 88 79 67 41 36:2100352:784:1:2865:10.72
23 57 104 79 56 71 41 38 36:1850118:720:1:2692:11.67
23 5 120 71 67 36 94:1221397:570:1:2622:14.74
53 104 88 67 97 36:1124919:488:1:2344:17.21
9 55 104 88 79 24 36 90:1003377:336:1:3841:24.97
11 23 57 31 71 97 36:1914933:868:1:2609:9.68
42 120 71 67 97 36 94 90:2148407:818:1:2754:10.28
13 56 71 67 36:1524316:856:1:2345:9.82
16 23 57 104 41 94 90:1273154:680:1:2513:12.36
23 79 67 41 90:2294740:1624:1:2131:5.18
122 5 24 97 94 90:1269288:728:1:3674:11.54
6 57 71 67 36 94 90:1835700:1008:1:2945:8.34
64 100 31 1 97 36:1077730:548:1:3627:15.33
5 31 1 79 71 97 94:1319211:588:1:2785:14.29
122 5 88 41 97 94:1320832:760:1:3778:11.06
128 2 120 88 24 36:1018240:384:2:3906:21.86
55 104 67 36 94 90:3058301:1504:1:2753:5.59
6 71 41 38 97 36 94 90:2012371:936:1:3041:8.98
6 120 90:1370269:1644:1:1890:5.12
42 55 2 88 97 36 90:1144390:456:1:2753:18.42
86 11 120 38 97 94:1022089:684:1:2614:12.29
13 31 71 41:1634404:952:1:2135:8.83
5 31 88 36:1649792:1000:1:2361:8.41
9 128 57 5 38 97 36:1162781:588:1:3996:14.29
16 104 56 71 67 97 36:1354495:600:1:2748:14.0
128 31 120 1 67 38 36 90:2722332:888:2:2976:9.47
128 6 120 67 38 97 36 90:1318491:540:2:3042:15.56
128 88 38 36 94 90:1925238:1008:1:2177:8.34
2 5 120 79 24 97 36 94:1050012:392:1:3906:21.41
23 57 120 104 56 71 41 38 36 94:2676900:936:1:2692:8.98
104 88 41 38 94:2449900:1672:1:2393:5.03
6 11 1 71 67 41 38 90:1174264:472:1:3473:17.79
5 120 24 38:1390077:1008:1:3074:8.34
23 120 67 41 38 36 90:2244891:1024:1:2394:8.21
50 56 67 41 97 36 90:1406567:608:1:2712:13.82
13 31 1 71 67 41 36:2077060:696:1:2135:12.07
23 57 88 56 71 67 38 97 36 90:1698101:648:1:2700:12.97
23 31 71 90:2593505:2032:1:2177:4.14
16 23 104 56 71 41 97 94:1343921:624:1:2740:13.47
2 104 88 79 67 90:1346126:672:1:2753:12.51
9 79 71 36 94:1250511:874:1:2078:9.62
23 88 71 67 41 97 36 94:2803459:1160:1:2700:7.25
53 23 104 88 41 38 36 94 90:1430916:488:1:2397:17.21
128 5 120 71:1100455:672:1:2130:12.51
6 104 88 41 97 36:1071934:528:1:2688:15.91
121 9 97 36 90:1033552:804:1:3351:10.45
24 71 97 36:2706698:1700:1:1733:4.95
5 31 79 97 36 94 90:1950689:888:1:2377:9.47
11 57 104 97 36 94 90:1863830:868:1:2609:9.68
31 120 79 71 41 38 36 94 90:1119984:376:1:2394:22.32
11 79 56 71 38 97 36 90:1185772:504:1:2609:16.67
50 121 57 41 38 97 36 94 90:1010288:432:1:3081:19.44
77 128 56 71 67 38 97 36 90:1893883:648:1:2221:12.97
6 56 71 41 38 97 36:1757168:936:1:3041:8.98
50 23 67 41 38 36 94 90:1228081:544:1:2712:15.44
12 71 67 38 36:1288358:868:1:2817:9.68
23 5 104 88 79 67 38 36 90:1826862:664:1:2617:12.66
2 5 104 79 71 97 36 94:1003084:392:1:2881:21.41
23 88 56 71 67 41 38 97 36 94:1727440:648:1:2700:12.97
77 71 67 97 36:1445700:792:1:2219:10.61
5 1 79 71 36:1945308:988:1:2785:8.51
42 128 2 24 38 94:1368074:704:1:3905:11.94
23 120 104 88 79 71 67 97 94 90:1043715:356:1:2700:23.57
88 56 71 38 36 90:2136920:1152:1:2177:7.3
64 88 56 36 90:1087138:656:1:3273:12.81
86 120 41 38 97 36 94:1036565:504:1:3030:16.67
23 5 31 1 71 67 41 90:2657636:944:1:2833:8.91
11 23 31 1 79 71 67 41 38 36:1198894:352:1:2609:23.84
53 57 1 67 94 90:1007035:532:1:2323:15.79
57 104 88 79 71 38 97 94 90:1037712:432:1:2692:19.44
57 120 88 41 38 97 36 94:1014049:432:1:2688:19.44
23 31 120 104 79 71 67 38 36 90:1221597:376:1:2394:22.32
23 57 5 56 97 90:1402678:1056:1:2832:7.96
42 12 2 88 67 97 36 90:1168150:440:1:2817:19.08
53 104 71 38 97 94:1182923:672:1:2724:12.51
6 31 104 71 38 36:1840045:948:1:2409:8.87
128 5 56 67 97 94 90:1944803:1008:1:3067:8.34
119 39 88 79 24 71 36 90:1038853:376:2:3794:22.32
11 23 57 104 71 41 94:1858898:916:1:2609:9.18
9 5 88 79 24 36 90:1057720:432:1:3937:19.44
104 56 67 41 97 94 90:3708310:1872:1:2696:4.49
53 23 56 71 67 41 36 94 90:1288616:456:1:2732:18.42
121 6 57 41 38 97 36 94:1252048:756:1:3041:11.12
100 31 1 88 67 41:1274260:608:1:3705:13.82
120 88 71 67 97 94 90:1934799:908:1:1347:9.26
23 57 5 104 71 67 41 38 97:2228092:900:1:2844:9.34
5 120 104 41 36:1090504:512:1:2610:16.41
13 6 31 1 71 36 94 90:1101480:396:1:2215:21.2
42 128 2 24 71 67 97 36 94 90:1191407:336:1:3905:24.97
5 104 88 79 71 94:1720354:888:1:2405:9.47
120 88 71 67 38 97 36 94:1843441:764:1:1363:11.0
53 57 31 104 67 41:1107588:488:1:2397:17.21
6 57 120 104 56 41 97 36:1223628:504:1:3042:16.67
2 120 71 67 38 36 90:1689544:716:1:2754:11.74
6 11 90:1026454:1323:1:2321:6.36
16 104 56 41 38 97 36:1438905:672:1:2736:12.51
57 5 120 1 71 67 97 36 94:1409433:486:1:2761:17.28
23 57 5 120 104 67 41 36:1280008:476:1:2618:17.64
39 100 31 24 67 94 90:1063658:548:1:3633:15.33
5 31 24 97 36 90:1381957:600:1:3729:14.0
12 88 79 38 90:1324944:1012:1:2817:8.31
16 56 67 41 38 97 36 90:1444538:624:1:2744:13.47
16 23 57 67 41 36 94 90:1391887:632:1:2521:13.3
68 31 79 36 94:1091434:596:1:3217:14.1
9 57 71 67 36 94 90:1958383:1017:1:2559:8.27
16 23 57 104 56 71 38 94 90:1306280:624:1:2740:13.47
23 120 56 71 67 41 90:1941610:900:1:2700:9.34
57 5 1 71 67 97 36 90:2475520:918:1:2761:9.16
57 31 71 67 41:3132668:1832:1:2393:4.59
6 57 1 71 67 97 36 94 90:2321571:918:1:2945:9.16
42 120 88 24 67 94:1241703:600:1:3010:14.0
53 5 1 67 41 38 36 94 90:1127199:360:1:2941:23.31
11 57 31 120 104 41 94 90:1294371:476:1:2610:17.64
20 11 38 36 94 90:1313612:750:1:2753:11.21
11 120 104 36 94 90:1163848:540:1:2402:15.56
50 31 67 97 36 90:1291706:596:1:2980:14.1
11 120 71 36 90:1995028:990:1:1843:8.49
104 71 67 41 38 97 94 90:5345371:2312:1:2700:3.64
5 104 56 41 97 94 90:2061799:1008:1:2832:8.34
16 57 5 41 97 36 94:1346052:660:1:2880:12.73
11 23 1 88 71 67 36 94 90:1822673:608:1:2138:13.82
128 31 120 1 88 67 97 36 94 90:1149935:312:2:2976:26.89
50 57 120 41 38 36 94 90:1186155:480:1:2704:17.5
128 11 120 71 67 38 97 94 90:1387170:504:2:2610:16.67
42 55 104 88 79 97 94:1205634:552:1:2753:15.22
5 120 104 38 97 36 94:1347631:632:1:2832:13.3
11 23 57 104 71 67 97 94:1814322:868:1:2609:9.68
6 57 104 41 36 94:1816030:1064:1:3041:7.9
122 6 24 97 36:1120613:728:1:3026:11.54
128 11 5 56 97 90:1016030:528:1:3355:15.91
120 104 79 56 71 67 41 38 97 94 90:1027105:324:1:2700:25.9
120 56 67 38 36 94 90:3463088:1800:1:2178:4.67
42 88 79 97 90:1801384:1128:1:2753:7.45
100 31 79 24 97 36 94 90:2730637:1128:1:3625:7.45
11 57 5 38 36 94:1221204:766:1:3439:10.97
6 120 104 41 97 36 94:1108111:504:1:3042:16.67
57 104 88 79 41 36 94:1326221:584:1:2393:14.39
23 57 88 56 36 94:1358258:960:1:2688:8.76
57 5 104 56 71 67 38 36 94:2218431:900:1:2844:9.34
53 104 88 79 71 67 38 36 90:1028709:320:1:2397:26.22
53 104 88 67 94 90:1195840:592:1:1817:14.19
77 120 71 38 94 90:1313946:720:1:2219:11.67
57 56 71 67 41 97 90:3579820:1800:1:2700:4.67
9 57 1 71 67 97 36 90:2315193:921:1:2559:9.13
128 31 1 67 97 36 90:4889964:1776:1:2976:4.74
128 6 120 36 94:1292758:800:1:2946:10.51
11 31 1 79 67 38 36 94:1032331:400:1:2609:20.99
11 23 104 88 79 67 41 94:1431110:596:1:2401:14.1
5 120 104 71 97 36 94 90:1902878:692:1:2836:12.14
120 79 41 36 94 90:1061832:520:1:2394:16.15
53 23 104 67 41 97 94:1404634:672:1:2728:12.51
6 24 71 97 36 90:1177817:588:1:3653:14.29
128 11 57 97 90:1725869:1080:1:3024:7.79
57 88 38 97 90:1151229:960:1:2688:8.76
1 88 38 90:2036752:1552:1:2130:5.42
6 104 88 36 94:1165760:790:1:2139:10.64
88 56 36 94 90:4192937:2848:1:1545:2.95
2 120 79 71 67 38 36 94:1200440:500:1:2754:16.8
16 104 71 38 97 36 90:1587842:704:1:2740:11.94
53 23 104 79 67 38 97 90:1006864:448:1:2728:18.74
23 104 88 79 56 71 97 36 94 90:1237029:432:1:2692:19.44
6 31 120 104 67 36 94:1102577:492:1:2410:17.07
88 56 71 41 97 36 90:2964115:1232:1:2692:6.83
23 57 56 41 97 94:2440559:2016:1:2688:4.17
13 56 71 67 38 97 94 90:1622843:792:1:2465:10.61
57 5 38 97 36 94 90:3101198:1752:1:2832:4.8
128 56 71 97 36 94:3966481:2112:1:2203:3.98
42 55 88 79 67 36 90:1522285:600:1:2753:14.0
128 5 31 1 67 38 90:2189699:888:1:3000:9.47
5 31 120 1 67 38 90:1185022:492:2:2778:17.07
77 128 56 38 97:1228919:864:1:2221:9.73
57 5 56 67 94:1021906:984:1:2840:8.54
57 120 88 56 71 97 36 90:1170362:456:1:2692:18.42
16 23 56 71 38 36 90:1161927:624:1:2740:13.47
23 5 104 56 71 67 41 36 94:2473365:900:1:2844:9.34
42 2 120 88 24 71 38 97:1317046:480:1:3906:17.5
128 11 120 56 97 36 90:1830505:720:2:2610:11.67
55 2 57 5 24 36 90:2121444:840:1:3905:10.01
6 23 104 88 41 38 97 94 90:1149532:528:1:2688:15.91
21 55 67 97 36 94 90:1091001:472:1:2785:17.79
23 71 90:2522836:3040:1:2121:2.77
53 104 79 71 67 38 36:1037776:416:1:2397:20.18
23 88 79 41 38 97 36 94 90:2918730:1184:1:2688:7.1
11 23 120 104 71 67 36 94:1395998:540:1:2402:15.56
23 5 1 88 79 67 41 38 36:1397934:480:1:2865:17.5
5 104 56 67 41 36:2003850:936:1:2840:8.98
31 1 88 79 24 67 97:1699498:656:1:3225:12.81
39 100 1 79 24 67 97 94:1189499:548:1:3633:15.33
23 88 56 71 67 41 38:1192912:648:1:2700:12.97
120 104 88 56 67 97 94 90:1062616:456:1:2696:18.42
11 79 71 38 97 36:1654893:888:1:2513:9.47
104 88 56 71 38 97 36 94 90:1883361:720:1:2692:11.67
55 2 104 88 67 38 36 94 90:1192204:424:1:2753:19.8
2 5 88 79 38 97 36:1094638:512:1:2881:16.41
31 24 71 67 97 90:1204585:562:1:3637:14.95
55 2 88 79 71 97 94 90:1096288:456:1:2753:18.42
128 120 88 56 67 90:1093507:528:1:2211:15.91
16 23 56 71 67 38 97 94 90:1195967:600:1:2748:14.0
11 41 36 94:3080767:2140:1:1809:3.93
31 1 88 79 71:2033984:1024:1:2001:8.21
23 57 79 41 38 36 94 90:1950454:968:1:2393:8.69
5 1 79 71 94:1561590:988:1:2785:8.51
42 12 2 120 79 24 97 36 90:1524672:480:1:3906:17.5
88 24 67 97 36 94:2528696:1280:1:1737:6.57
23 5 104 56 71 38 97 94:1756460:936:1:2836:8.98
11 104 88 71 97 90:1436878:676:1:2344:12.43
128 11 57 5 97 36 94 90:1369543:540:1:3672:15.56
11 23 5 1 88 67 41 36 94 90:1323145:392:1:2873:21.41
128 57 5 41 38 36 90:2575118:1082:1:3438:7.77
23 5 120 104 56 36:1083257:552:1:2832:15.22
23 57 104 56 71 67 41 97 94:4158110:1800:1:2700:4.67
57 120 56 67 41 38 97:1708873:936:1:2696:8.98
39 79 97 36 90:1989171:1296:1:2344:6.49
42 55 2 104 71 67 97 94 90:1288768:456:1:2753:18.42
6 31 120 71 67 97 36:1054330:454:2:2571:18.5
50 23 57 56 71 41 38 97 36:1189861:480:1:2708:17.5
12 2 79 24 97 94 90:1044715:528:1:3905:15.91
55 5 88 79 38 90:1211415:664:1:2881:12.66
50 23 57 104 71 67 41 97 36 90:1485570:456:1:2716:18.42
23 57 120 88 56 71 41 36 94 90:1085007:360:1:2692:23.31
11 5 31 71 41 36 94 90:1377369:472:1:2865:17.79
38 94 90:3666222:6632:1:1025:1.27
6 23 104 56 71 67 41 97 36 94:2427852:900:1:3041:9.34
23 5 104 88 79 97:1357991:768:1:2832:10.94
6 23 57 120 104 67 38 97 36:1079204:468:1:3042:17.94
23 5 104 88 79 71 67 38 97 36 94:1619954:516:1:2844:16.28
12 1 79 94 90:1451945:1024:1:3953:8.21
128 88 79 97 94 90:1214043:672:1:2081:12.51
128 11 56 67 36 94:1942648:1008:1:2609:8.34
23 57 5 104 88 56 38 36 90:1076877:432:1:2832:19.44
1 79 24 71 67 36 94:1128654:442:1:3637:19.0
55 2 104 88 79 97 36 94:1181961:456:1:2753:18.42
6 23 57 31 120 67 36 90:1103697:476:1:3042:17.64
23 120 104 79 56 71 67 41 38 97 36 94 90:1220960:324:1:2700:25.9
50 56 71 41 97 94:1036818:608:1:2708:13.82
20 86 120 56 38 97 36:1049531:528:1:2352:15.91
16 57 104 67 41 38 97 36:1509819:624:1:2744:13.47
12 2 88 71 38 94 90:1059900:572:1:2817:14.69
12 88 67 41 97 94 90:1292285:656:1:3529:12.81
42 12 2 24 38 97 36 94:2166726:912:1:3905:9.22
23 57 31 71 38 94 90:3038969:1832:1:2393:4.59
120 104 88 56 41 97 90:1037102:432:1:2688:19.44
12 31 88 79 67 41 94 90:1009023:404:1:3817:20.78
2 120 38 97 36 90:5255650:2728:1:2754:3.08
16 23 57 56 36 90:1029180:672:1:2736:12.51
20 31 67 38 36 90:1223368:624:1:2360:13.47
42 2 5 120 88 38 97 36 94:1113186:400:1:2882:20.99
121 128 31 1 67 38 94:1760185:888:2:2977:9.47
23 57 104 88 71 67 38 97:1337649:648:1:2700:12.97
57 120 71 38 90:1538179:1072:1:2394:7.84
11 57 120 1 97 36 94:1078387:468:1:2610:17.94
128 120 24 36 94:1934343:944:1:3906:8.91
11 5 31 71 41 36:1170745:472:1:2865:17.79
5 24 71 67 36 90:1209650:526:1:2253:15.97
39 100 31 1 79 24 67 97 36:1635336:548:1:3633:15.33
6 23 104 88 79 67 36 94 90:1211197:494:1:2139:17.0
20 31 38 36 94 90:1123196:624:1:2360:13.47
6 31 97 90:1590097:1516:1:1789:5.55
21 104 88 79 97 36 94:1458101:600:1:2785:14.0
5 31 88 71 67 41 36:1349421:488:1:2841:17.21
12 55 88 71 67 36 94 90:1591751:616:1:2817:13.64
104 79 56 38 97 94 90:1415995:864:1:2688:9.73
11 57 31 104 71 67 36 94 90:2777934:920:1:2609:9.14
100 31 79 36:1548372:1224:1:3625:6.87
16 23 57 120 104 71 41 38 36 94 90:1045878:316:1:2518:26.55
6 11 31 1 67 41 38 36 94 90:1486841:472:1:3473:17.79
100 79 71 97 94 90:1346109:980:1:3629:8.58
23 88 71 67 41 38 97 36 94 90:3312189:1160:1:2700:7.25
23 71 67 38 97 36 94 90:5254563:2568:1:2700:3.28
9 5 67 97 36:1054826:718:1:2606:11.71
23 56 38 94 90:1668829:2016:1:2688:4.17
88 56 24 71 97 94 90:1977023:944:1:3933:8.91
23 57 104 79 71 67 41 97 90:1691488:648:1:2700:12.97
11 23 1 79 71 67 36 94 90:1743203:608:1:2139:13.82
6 23 120 104 71 67 97 94:1138735:562:1:2700:14.95
122 88 71 97 36 94 90:2147796:968:1:3270:8.69
12 104 79 71 67 38 97 36 90:1387785:504:1:2817:16.67
119 12 88 41 97 36:1027219:528:1:3522:15.91
31 1 38 97 90:3287301:2064:1:2785:4.08
31 1 38 97 94 90:3194267:1872:1:2976:4.49
11 2 120 38 97:1892896:1268:1:3272:6.63
12 88 56 90:1413102:1280:1:3521:6.57
42 88 79 71 38 36 94:1431376:664:1:2753:12.66
31 120 97 94:1252570:1040:1:2312:8.08
23 57 5 104 67 41 36 94 90:2566135:952:1:2617:8.83
12 2 88 36 94 90:1825223:980:1:2817:8.58
128 11 120 56 71 38 90:1331388:576:2:2610:14.59
5 71 67 38:1855297:1684:1:1549:4.99
11 57 97 94:1374147:1552:1:2609:5.42
57 120 71 41 38 97 36 94 90:2531496:936:1:2692:8.98
50 88 56 41 97 36 94 90:1239735:496:1:2704:16.93
55 57 5 38 36 90:1392795:764:1:3905:11.0
42 2 5 88 67 36 94 90:1229509:464:1:2881:18.1
31 71 67 41:3932387:2544:1:1825:3.31
6 23 31 104 71 67 41 38 36 94:2629762:916:1:3041:9.18
16 23 56 71 38 97 90:1000537:624:1:2740:13.47
53 57 31 1 67 36:1198647:500:1:2323:16.8
55 120 97 36 90:1968766:1048:1:2754:8.02
23 79 67 97 94 90:2335750:1784:1:2344:4.71
12 5 88 67 97 36:1129461:584:1:2505:14.39
88 79 56 67 41 94 90:1660728:848:1:2696:9.91
51 128 31 1 67 90:1055001:444:1:2978:18.91
12 55 104 79 36 94 90:1519587:676:1:2817:12.43
6 57 56 71 67 41 36:1792805:900:1:3041:9.34
6 79 97 36 94:1840276:1594:1:1537:5.28
119 88 97 36:1568474:1232:1:2690:6.83
23 5 1 88 79 71 67 38 36:1110516:384:1:2865:21.86
5 104 41 38 36 94:2663018:1380:1:2597:6.09
23 57 5 120 71 41 38 36 94 90:1385511:476:1:2614:17.64
6 120 67 41 38 97 36 94 90:1163352:468:1:3042:17.94
6 104 71 41:1361186:1036:1:3041:8.12
88 71 67 41 38 36:2836783:1360:1:2130:6.18
16 5 56 71 67 41 36 94 90:1017752:364:1:2892:23.06
53 23 57 31 71 38 36 94 90:1316143:488:1:2397:17.21
13 23 31 71 41 36 94:1545807:632:1:2465:13.3
128 31 1 79 97 36 90:1709339:624:1:2976:13.47
53 23 104 88 38 97 36 94:1163759:496:1:2720:16.93
16 23 57 104 71 67 41 38 97 36:1754206:600:1:2748:14.0
42 12 2 88 71 67 97 36 94 90:1043672:332:1:2817:25.27
39 9 100 31 1 97 90:1055685:548:1:3625:15.33
53 23 104 56 71 67 41 90:1203285:456:1:2732:18.42
39 9 31 1 97 90:1025032:548:1:3625:15.33
23 5 104 56 67 38 36 94 90:2207514:936:1:2840:8.98
12 88 79 71 97 36 94:2171920:1036:1:1989:8.12
42 12 2 79 38 94 90:1074134:608:1:2817:13.82
23 5 31 67 36 94:1652782:944:1:2833:8.91
31 104 79 71 67 41 38 36 90:2153776:680:1:2393:12.36
68 31 1 79 24 97 94:1506964:596:1:3217:14.1
11 57 31 120 104 71 67 41 36 94 90:1843071:476:1:2610:17.64
100 56 67 36 90:1817322:1376:1:3937:6.11
31 88 97 94 90:2597297:1752:1:2344:4.8
68 88 79 56 97 36 94 90:1624697:656:1:3269:12.81
23 104 71 41 38 97 36 94:5520665:2384:1:2692:3.53
6 23 57 71 67 38 94 90:1472536:952:1:3041:8.83
12 88 79 71 67 38 97 94:1093389:558:1:2817:15.06
128 5 120 56 71 36:1319552:576:1:3067:14.59
6 23 67 41 38 36 94:1834896:1148:1:2241:7.32
42 2 24 71 97:1905394:1056:1:3905:7.96
5 31 1 24 36:1545808:692:1:3729:12.14
5 88 79 41 38 97 36 94:1399488:592:1:2832:14.19
79 56 71 97 36 94 90:3458661:1760:1:1561:4.78
42 128 2 24 71 97:1118373:480:1:3905:17.5
11 23 104 79 38 36 94 90:2045214:916:1:2401:9.18
128 11 57 5 41 94 90:1226773:541:1:3440:15.53
23 5 1 88 71 67 36 94 90:1874237:640:1:2841:13.13
68 31 88 79 24 90:1359401:560:1:3217:15.0
6 23 57 104 56 67 36 94:1785884:984:1:2945:8.54
121 55 38 97 36 94 90:1405882:816:1:3202:10.3
20 31 1 71 67 38 90:1462645:624:1:2360:13.47
42 55 2 104 88 67 97 90:1240522:456:1:2753:18.42
11 57 31 120 1 71 67:1149926:449:2:2610:18.7
5 88 56 67 41 97:1104953:616:1:2840:13.64
23 104 88 56 38 97 90:1504280:864:1:2688:9.73
16 23 104 67 41 38 97:1173456:624:1:2744:13.47
88 56 67 41 36 90:2554567:1232:1:2696:6.83
12 120 24 67 36 94 90:1126359:480:1:3906:17.5
5 31 1 71 67 97 94:2326533:1030:1:2761:8.16
57 24 38 97:1390740:1392:1:3905:6.04
42 12 2 88 79 97 36 94 90:1210894:440:1:2817:19.08
120 104 88 79 38 97 36 90:1238286:464:1:2688:18.1
47 55 2 24 38 36 90:1167186:456:1:3905:18.42
11 104 88 79 67 94 90:1587939:728:1:2129:11.54
50 104 71 67 41 38 36:1156736:456:1:2716:18.42
12 100 31 1 36 90:1235540:608:1:3953:13.82
68 100 31 79 36 94 90:1220159:548:1:3626:15.33
42 120 67 38 97:1569083:1112:1:2754:7.56
11 23 5 79 41 38 36 94 90:1011892:392:1:2889:21.41
122 31 41 94 90:2134449:1348:1:3554:6.24
16 23 56 41 38 36:1065123:672:1:2736:12.51
23 104 67 38 97:3251691:2832:1:2696:2.97
121 128 31 38 97 36:1620838:888:2:2977:9.47
13 5 31 1 71 67 41 38 90:1163860:356:1:2857:23.57
23 104 88 79 56 67 97 36:1003060:432:1:2696:19.44
20 128 67 36 94 90:1457735:720:1:2347:11.67
9 5 31 1 71 36 90:1642459:622:1:3193:13.51
13 31 1 71 67 97 36 90:2173236:700:1:2547:12.01
53 57 31 67 41 38 90:1117028:488:1:2397:17.21
55 79 67 38 97 94 90:2042009:1200:1:2976:7.01
23 57 31 79 67 38 94:1005481:680:1:2393:12.36
6 1 88 67 41 38 36 90:1120981:432:1:2241:19.44
16 23 71 41 38 36:1143130:632:1:2517:13.3
23 120 104 88 56 71 97 36 94:1244563:456:1:2692:18.42
100 1 36 90:1755520:1288:1:3625:6.53
23 120 67 38 97 36 94:1863589:1064:1:2696:7.9
2 104 71 67 38 97 36 90:1085337:424:1:2753:19.8
6 23 57 31 104 79 71 67 41 36 94 90:1191253:340:1:3041:24.68
86 128 57 38 36 90:1315853:720:1:3030:11.67
13 23 31 1 67 36 90:1645873:632:1:2465:13.3
50 23 104 56 71 36:1016518:512:1:2708:16.41
6 57 104 56 71 67 41 97 36 94:2480817:900:1:3041:9.34
128 11 31 67 38 90:1849332:912:1:2976:9.22
9 31 24 97 90:1096950:660:1:3625:12.73
23 120 104 88 71 67 38 94:1195535:540:1:2394:15.56
13 1 88 79 41 36 90:1236084:436:1:2138:19.26
5 56 67 36:1918159:1528:1:2401:5.5
6 57 31 1 71 67 97 36:2210000:870:1:3041:9.66
6 23 104 41 90:1584228:1156:1:2409:7.27
13 5 56 38 36 94 90:1160162:576:1:3209:14.59
11 120 67 38 97 94 90:1775956:952:1:1490:8.83
23 57 88 56 67 97 36 94 90:1819062:816:1:2696:10.3
77 13 120 97 94 90:1062644:528:1:2478:15.91
5 120 79 67 38 36 94 90:1107275:472:1:1544:17.79
6 120 67 38 97 36 90:1643063:848:1:1890:9.91
128 11 67 38 36 94 90:2330397:1056:1:2609:7.96
16 57 104 56 71 41 36 94:1538194:624:1:2740:13.47
53 23 5 104 71 41 97 36 94 90:1027601:304:1:2868:27.59
50 57 104 71 67 41 90:1097723:456:1:2716:18.42
6 57 31 104 71 41 38 36 90:2636656:916:1:3041:9.18
57 104 71 41 38 94:3259134:1976:1:2393:4.26
9 31 1 71 67:1988315:1133:1:2329:7.42
2 88 24:1280304:1056:1:3905:7.96
13 31 1 71 67 36 94:2006696:756:1:2135:11.12
6 23 31 120 104 41 36 90:1310866:476:1:3042:17.64
23 57 120 88 56 71 41 97 36 90:1126863:360:1:2692:23.31
120 104 79 67:1145479:816:1:2394:10.3
57 104 79 67 41 38 90:1650455:824:1:2393:10.2
12 5 67 36 94 90:1273274:720:1:2505:11.67
5 88 24 71 36 90:1617537:672:1:2245:12.51
128 11 5 71 67 38 97 94:1051718:456:1:3355:18.42
50 57 104 56 71 67 97 90:1147950:488:1:2716:17.21
53 104 88 79 38 97 36 94:1000975:400:1:2720:20.99
23 79 56 41 36 94:1362881:864:1:2688:9.73
23 56 97 36 94 90:3021332:2112:1:2688:3.98
12 104 88 79 71 36 94:1836658:796:1:2817:10.56
6 120 104 71 67 41 36:1247003:494:1:3042:17.0
5 1 79 71 41 90:1998988:896:1:2857:9.38
12 88 79 41 97:1622411:1056:1:3521:7.96
5 88 79 67 41 97 36:1863053:776:1:2840:10.83
53 56 71 41 97 36 94:1112418:480:1:2724:17.5
11 104 79 71 38 90:1375427:724:1:2401:11.61
23 57 104 38 36 90:3502153:2120:1:2393:3.97
23 57 5 104 88 71 41 97 36 90:1174168:360:1:2836:23.31
57 104 56 71 97 90:3359422:1968:1:2692:4.27
122 11 55 38 36 90:1042177:522:1:3269:16.09
64 122 88 56 97 94 90:1036555:584:1:3274:14.39
13 23 1 38 36 94:1282675:728:1:2135:11.54
11 1 79 38 97:1160389:784:1:2976:10.72
42 12 2 120 24 71 97 90:1323273:480:1:3906:17.5
5 88 79 56 36 94 90:1950399:944:1:2433:8.91
2 57 104 88 36 90:1188129:560:1:3905:15.0
13 5 56 71 38 97 36 94 90:1137280:432:1:3209:19.44
42 12 2 24 67 38 36 94:1174981:480:1:3905:17.5
6 1 71 97:1456523:1260:1:2474:6.67
6 23 57 120 104 71 41 38 97 36 90:1500587:468:1:3042:17.94
21 55 88 79 71 67 38 90:1147980:440:1:2785:19.08
121 5 31 1 36 94 90:1071056:472:1:2766:17.79
12 88 24 67 36 90:1420295:640:1:2105:13.13
55 5 79 90:1185186:904:1:2881:9.3
5 88 56 67 38 36 90:1037441:504:1:2409:16.67
6 31 79 67 97 36 94:1149776:614:1:2346:13.68
53 31 1 71 36 90:1716634:644:1:2177:13.05
128 6 11 57 41 94 90:1062124:541:1:3473:15.53
55 88 79 71 67 38 36 90:2958496:1112:1:2753:7.56
39 31 1 79 24 71 67 90:1013917:346:1:3637:24.25
12 31 1 79 71 41 90:1019356:392:1:3957:21.41
42 128 2 120 79 24 94:1057705:416:1:3906:20.18
12 55 79 71 36 94 90:1438266:652:1:2817:12.89
12 88 71 67 97 36 94:1753655:836:1:1997:10.05
11 55 5 38 97 94 90:1192306:640:1:3397:13.13
57 120 41 38 97 90:2843224:1656:1:2688:5.08
128 55 2 57 24:1159504:624:1:3905:13.47
122 5 24 41 94:1343361:824:1:3243:10.2
120 88 79 56 90:1212704:768:1:2082:10.94
122 79 67 41 97 90:1690470:936:1:3274:8.98
11 57 120 71 67 41 38 36 94 90:1484211:476:1:2610:17.64
23 71 67 97 36 90:4870991:2672:1:2344:3.15
23 88 56 71 38 36 90:1411129:720:1:2692:11.67
100 88 79 67 90:1021656:776:1:3705:10.83
50 23 104 71 38 36 90:1236162:544:1:2708:15.44
88 97:2503234:4152:1:1297:2.03
100 1 88 36:1584940:1120:1:3697:7.51
5 104 67 94 90:2600868:1752:1:2409:4.8
23 57 31 88 67 41:1229429:680:1:2393:12.36
23 5 1 88 79 71 67 41 36 94:1272192:384:1:2865:21.86
9 31 79 67 36 94 90:1527256:730:1:2353:11.51
57 120 104 79 97 36 94 90:1514101:624:1:2688:13.47
88 79 56 24 97 36:2948507:1456:1:3929:5.78
77 13 120 56 97 90:1090757:528:1:2478:15.91
42 120 71 67 38 97 36 94:1583012:656:1:2754:12.81
128 11 67 90:1568169:1056:1:2609:7.96
68 56 41 97 36 94:1256196:656:1:3269:12.81
16 5 56 71 67 41 97 36 94 90:1099332:364:1:2892:23.06
128 2 24 67 36 90:1171527:480:1:3905:17.5
120 104 88 79 71 97 94:1204056:536:1:2692:15.67
42 79 24 36 90:2588469:1304:1:3009:6.45
23 57 31 120 104 79 71 67 41 38 94:1177804:376:1:2394:22.32
11 23 57 31 104 79 71 67 41 38 94 90:1166714:340:1:2609:24.68
23 57 120 79 71 41 38 36 94:1117564:448:1:2394:18.74
23 5 104 88 56 71 41 97 36:1056721:360:1:2836:23.31
23 31 1 67 41 36 94:4605218:1952:1:2177:4.31
6 23 57 120 56 71 67 41 38 97:1073383:450:1:3042:18.66
5 120 79 56 38 97 36:1014020:504:1:2427:16.67
42 128 120 67 36 94 90:1274360:504:1:3810:16.67
11 1 88 90:1356439:848:1:2138:9.91
6 23 57 31 120 71 67 41 94 90:1312198:476:1:3042:17.64
6 23 57 104 88 71 67 36 94:1025205:426:1:2945:19.71
128 79 56 71 67 38 97 36:1571707:648:1:2227:12.97
6 23 31 104 88 71 67 41 38 94 90:1048557:340:1:3041:24.68
1 88 79 67 38:1716021:1120:1:2132:7.51
57 104 88 79 56 41 97 94 90:1194372:480:1:2688:17.5
21 122 31 88 79 41 90:1081202:412:1:3746:20.38
5 79 71 67 97 94:1894460:1186:1:1778:7.09
11 88 67 38 97:1552761:1128:1:1497:7.45
23 31 1 36 94:3208935:1952:1:2177:4.31
57 104 88 79 56 71 41 97 36 94:1017154:336:1:2692:24.97
23 57 88 56 71 67 38 36 94 90:1624559:648:1:2700:12.97
57 31 71:1863859:1876:1:2177:4.48
57 120 79 56 71 41 38 97 36 94:1005507:360:1:2692:23.31
42 2 79 24 38 97 90:2131455:992:1:3905:8.48
2 5 88 24 71 97 36 94 90:1033967:336:1:3905:24.97
53 23 31 67 41 90:1229243:584:1:2177:14.39
120 104 79 71 67 38 97 90:1358561:548:1:2700:15.33
11 23 57 104 79 71 67 36 94 90:1010287:344:1:2609:24.39
1 88 71 67 38 94 90:2737375:1312:1:2130:6.41
6 56 71 67 90:1484668:1220:1:1681:6.89
42 2 120 71 67 38 97 94 90:1563613:608:1:2754:13.82
11 57 31 120 1 71 36 94 90:1477987:458:2:2610:18.34
77 67 38 97 36:1559146:1008:1:2219:8.34
77 128 120 56 71 36 94 90:1245582:432:2:2221:19.44
23 57 31 120 104 79 67 36 90:1096607:376:1:2394:22.32
16 128 120 97 36 94 90:1011710:428:2:3186:19.62
57 104 88 56 71 67 38 97 36:1696505:648:1:2700:12.97
128 79 56 71 67 97 90:1590822:744:1:2227:11.3
2 5 24 71 36 94 90:1184300:480:1:3905:17.5
104 88 56 67 41 38 36 94:1722519:720:1:2696:11.67
56 71 67 41 38 97:2881989:1800:1:2700:4.67
56 41 38:1445757:2016:1:2688:4.17
57 31 120 71 67 97 90:2003650:882:2:2547:9.53
53 104 56 71 36 90:1182621:512:1:2724:16.41
53 23 38 97 94 90:1088903:784:1:2720:10.72
42 2 5 71 67 38 36 94 90:1015525:368:1:2881:22.81
64 39 100 24 36 94 90:1081722:548:1:3627:15.33
104 79 67 41 97 36 94 90:3665041:1424:1:2696:5.91
42 12 120 88 24 38 36 94 90:1361284:456:1:3906:18.42
6 23 57 120 104 41 36 94 90:1413142:548:1:3042:15.33
119 104 79 36 90:1464579:864:1:2755:9.73
50 104 56 71 67 97 36 94 90:1371874:488:1:2716:17.21
42 5 88 79 67 97 90:1102947:496:1:2881:16.93
2 79 71 67 94 90:1382559:816:1:2753:10.3
23 5 79 36 94:1341809:1008:1:2425:8.34
42 2 120 88 67 38 36 94 90:1731726:608:1:2754:13.82
9 5 67 97 36 94 90:1377778:718:1:2606:11.71
42 12 120 67 38 97 36 90:1286818:520:1:2818:16.15
55 36 94:3310858:3328:1:2753:2.53
21 104 71 67 97 36 90:1387670:528:1:2785:15.91
23 57 104 88 67 36 94 90:2114564:928:1:2121:9.06
57 31 104 71 41 38 90:4247355:1832:1:2393:4.59
77 128 120 56 38 97 94:1156262:576:2:2221:14.59
6 23 41 36 90:1750568:1220:1:2241:6.89
42 2 120 79 24 38 94:2025501:944:1:3906:8.91
120 88 71 41 36 94:1000537:448:1:2394:18.74
23 57 120 79 56 71 41 97 36 94 90:1120025:360:1:2692:23.31
104 1 88 67 94 90:3327674:1648:1:3993:5.1
9 128 97 94:1229404:1240:1:2316:6.78
55 57 5 24 38 36 94:1565559:748:1:3905:11.24
120 1 71 97 94:1712213:1044:1:2545:8.05
23 104 88 56 67 38 97 36 94 90:1880417:720:1:2696:11.67
57 120 67 38 97 94 90:1629615:984:1:2696:8.54
11 57 31 104 88 71 67 38 36 94 90:1193635:340:1:2609:24.68
2 88 67 97 36 94 90:2200654:1032:1:2753:8.15
12 88 79 56 36:1641452:1064:1:3521:7.9
120 88 24 38 97 36 90:2433153:984:1:3010:8.54
6 31 104 67 97 90:1672984:946:1:2251:8.89
11 57 31 104:1315575:928:1:2609:9.06
39 79 24 36:2190311:1480:1:2017:5.68
120 104 79 71 97:1275153:728:1:2692:11.54
2 120 24 71 38 97 36 94:2348626:912:1:3906:9.22
128 11 31 120 1 67 36:1364465:456:2:2976:18.42
23 88 71 67 36 94:3018546:1720:1:2121:4.89
23 104 79 56 71 97 90:1555155:816:1:2692:10.3
57 79 67 41 36 94 90:1700900:824:1:2393:10.2
119 88 79 67 41 97 94 90:1492945:680:1:3274:12.36
23 57 31 120 104 71 41 94 90:2719167:952:1:2394:8.83
23 57 31 120 104 71 67 41 38 36 94:3233805:952:1:2394:8.83
57 120 88 71 67 41 38 97 36 94 90:1088069:324:1:2700:25.9
6 23 104 56 67 38:1083846:936:1:3041:8.98
23 5 88 79 41 97 90:1225650:592:1:2832:14.19
23 57 88 97 36 90:1630099:968:1:2344:8.69
23 57 31 88 41 36 94 90:1676382:680:1:2393:12.36
11 55 5 41 38 97:1025944:548:1:3717:15.33
9 31 1 79 71 90:1525402:730:1:2353:11.51
50 57 104 71 67 41 94 90:1148085:456:1:2716:18.42
23 57 120 104 88 67 97 36:1139088:456:1:2696:18.42
6 23 57 41 38 97 36 94:1716129:1008:1:3041:8.34
13 88 56 38 97 36 94 90:1400876:624:1:2465:13.47
12 104 79 71 67 97 36:1383730:600:1:2817:14.0
11 31 71 67 41 38 36 94:2676928:1012:1:2609:8.31
16 23 104 71 41 38 94:1185207:632:1:2517:13.3
23 57 104 67 38 36 90:3805218:1976:1:2393:4.26
23 5 104 79 36 94:1726767:976:1:2609:8.61
11 23 104 88 79 71 38 36 94:1419874:532:1:2401:15.79
23 57 56 67 41 97 36 94 90:4333945:1872:1:2696:4.49
23 57 120 104 88 67 97 36 94:1187312:456:1:2696:18.42
57 56 67 36 94:2377627:1968:1:2696:4.27
11 5 71 67 38 36 94:1533370:736:1:2865:11.42
20 23 31 71 41 38 94 90:1408346:624:1:2360:13.47
23 57 104 41 97 36 90:4440531:2016:1:2688:4.17
42 12 2 79 24 38 36 90:1271261:480:1:3905:17.5
68 39 31 79 24 94:1126289:548:1:3626:15.33
5 1 79 71 97 36 94:2049785:892:1:2785:9.42
23 79 71 97 36:2377815:1592:1:2344:5.28
16 122 41 36 94 90:1755571:920:1:2233:9.14
100 24 97 36 94:3918987:2856:1:3625:2.95
16 23 57 120 104 56 41 38 97 36 94 90:1111876:336:1:2736:24.97
11 23 31 71 41 36 94 90:2732854:1012:1:2609:8.31
57 5 31 71 67 97 94:1674669:870:1:2761:9.66
125 55 41 38 36 94:1143306:568:1:3298:14.79
2 57 5 24 36:1526781:840:1:3905:10.01
6 23 104 88 67 41 38 36 94 90:1397662:508:1:2409:16.53
42 2 120 79 71 90:1403806:656:1:2754:12.81
6 11 31 104 71 67 97 36 94:1222291:433:1:3473:19.39
23 31 104 71 67 97 36:4116421:1736:1:2344:4.85
23 120 104 88 41 38 97 90:1056801:432:1:2688:19.44
42 5 120 79 97 36 94 90:1437616:556:1:2882:15.11
11 23 104 79 41 94 90:1627032:788:1:2401:10.67
55 104 79 67 38 90:2259110:1256:1:2753:6.7
122 71 67 97 90:1007144:676:1:3278:12.43
20 128 11 97 36 94 90:1023078:432:1:2753:19.44
79 24 71 38 36 94 90:1392240:624:1:3009:13.47
50 57 97 36 90:1667843:1040:1:2704:8.08
57 31 120 71 97 36 94 90:2334556:900:2:2545:9.34
11 104 79 67 41 38 94:1583805:788:1:2401:10.67
5 1 88 38 97 36 94 90:1729196:696:1:3000:12.07
120 88 24 71 38 97 36 90:1515126:528:1:3010:15.91
50 23 104 67 41 38 36 90:1408021:544:1:2712:15.44
119 79 67 97 36 90:1587331:904:1:2698:9.3
6 23 57 104 71 36 94:1825473:1038:1:2945:8.1
16 23 104 71 67 41 38 36:1542100:608:1:2525:13.82
12 2 104 79 36 90:1130101:548:1:2817:15.33
23 104 88 79 38 97 36:2931520:1440:1:2688:5.84
57 88 79 71 94 90:1201685:736:1:2121:11.42
16 104 67 41 97 36 90:1548101:624:1:2744:13.47
11 23 104 88 71 97:1291692:676:1:2344:12.43
6 23 120 38 36 94 90:1009285:612:1:2410:13.73
122 88 79 56 67 97 36 90:1400342:584:1:3274:14.39
20 23 1 67 36 90:1252413:624:1:2360:13.47
23 31 120 104 79 71 67 41 38 94:1114906:376:1:2394:22.32
16 23 57 41 38 36:1077871:680:1:2513:12.36
128 6 1 67 97 94 90:1853736:936:1:2976:8.98
23 57 120 38 36 90:1795365:1096:1:2394:7.67
53 31 71 67 38 36 94:1366321:584:1:2177:14.39
6 23 57 31 104 67 41 38:1869356:916:1:3041:9.18
23 57 88 56 71 41 97 90:1561630:720:1:2692:11.67
6 2 120 38 97 36 90:2068057:1044:1:3596:8.05
120 104 56 71 67 38:1637786:900:1:2700:9.34
23 57 5 104 88 56 71 41 38 97 36 90:1272852:360:1:2836:23.31
12 1 79 67 36:1224823:696:1:3961:12.07
23 57 88 56 71 67 41 90:1441333:648:1:2700:12.97
53 31 104 67 41 36 90:1567273:536:1:2177:15.67
79 56 41 38 36 94 90:1644189:864:1:2688:9.73
119 104 88 79 71 67 97 94 90:1329746:516:1:2755:16.28
100 88 41 94:1099049:1120:1:3697:7.51
2 5 88 38 97 36:1222789:656:1:2881:12.81
120 104 71 67 41 38 36 94 90:2982850:988:1:2394:8.51
57 104 79 56 71 67 38 97 36 94:1706787:648:1:2700:12.97
119 5 104 88 79 67 97 36 94:1004022:372:1:2883:22.56
6 11 23 57 31 104 71 41 38:1155114:458:1:3473:18.34
5 24 67 94:1021320:852:1:2249:9.87
23 120 104 88 56 67 38 36 94 90:1015019:360:1:2696:23.31
42 128 79 24 38 97 36 94 90:1348629:464:1:3905:18.1
23 57 120 56 41 38 36:1933895:1008:1:2688:8.34
57 67 97 36:2546439:2204:1:2344:3.82
53 23 57 56 41 38 97 90:1082955:528:1:2720:15.91
11 23 31 104 79 41 38 36 90:1010128:340:1:2609:24.68
104 88 79 56 41 36 90:1190032:480:1:2688:17.5
77 41 36:1392085:1008:1:3042:8.34
57 5 120 104 67 41 36 94 90:1439468:476:1:2618:17.64
57 104 67 41 97 36:3809448:1872:1:2696:4.49
6 11 23 31 104 71 41 38 36 94 90:1515763:458:1:3473:18.34
42 12 120 38 36 94:1681893:952:1:2818:8.83
53 104 56 38 36 90:1073454:528:1:2720:15.91
42 2 120 71 67 38 97 90:1497729:608:1:2754:13.82
21 122 88 79 41 97 90:1035873:432:1:3458:19.44
2 88 79 24 67 36 94 90:1102046:408:1:3905:20.58
6 120 56 71 97 94:1118139:804:1:2946:10.45
57 104 88 79 56 71 97 36 94 90:1263159:432:1:2692:19.44
11 23 31 71 67 41 38 94:2280533:1012:1:2609:8.31
12 79 94:1210494:2004:1:1985:4.2
88 71 67 41 97 36 94:3274502:1416:1:2700:5.94
86 71 97 36:1335727:1008:1:2208:8.34
11 5 88 67 97 90:1022446:528:1:2361:15.91
6 67 41 38 97 94:1247023:1032:1:2696:8.15
11 1 71 67 41 38 36 94:3346213:1232:1:2137:6.83
57 120 56 38 36 90:1713581:1008:1:2688:8.34
23 120 104 71 67 38 97 36 94 90:2998535:1028:1:2700:8.18
79 56 38 97 90:1896694:1728:1:2177:4.87
6 11 23 57 31 104 41 36 94 90:1360286:458:1:3473:18.34
119 97 36 94:1221073:1232:1:2690:6.83
128 5 120 56 94:1035257:672:1:3067:12.51
12 24 38 97:1150380:1104:1:3905:7.62
21 122 88 79 71 36:1002775:428:1:3462:19.62
6 23 57 31 104 71 38 90:1875315:916:1:3041:9.18
120 56 67 41 38 36 90:2114519:936:1:2696:8.98
79 71 67 41 38 97 36 90:2933013:1160:1:2700:7.25
11 41 38 36:3084883:2140:1:1809:3.93
57 120 104 88 41 36 94:1268557:520:1:2394:16.15
11 23 57 104 67 41:1653296:916:1:2609:9.18
11 104 79 71 67 97 90:1550034:676:1:2344:12.43
11 57 71 97 36 94 90:1863436:886:1:2609:9.49
20 128 11 56 71 38 36 94 90:1008331:360:1:2753:23.31
23 57 120 104 79 56 67 41 97 94 90:1052462:360:1:2696:23.31
120 56 67 41 97 36:1908207:936:1:2696:8.98
21 104 79 71 90:1229818:648:1:2785:12.97
23 5 1 67 41 94:2267086:1296:1:2833:6.49
20 11 97 36 94 90:1344976:720:1:2753:11.67
53 23 104 88 79 38 97 36 94 90:1176173:400:1:2720:20.99
55 5 104 79 71 67 36:1673826:648:1:3889:12.97
13 79 97 90:1542113:1216:1:1921:6.92
128 6 120 56 71 67 38 97:1041533:480:2:3042:17.5
57 120 104 56 71 41 36 94 90:2786534:936:1:2692:8.98
88 24 67 38 36:1196717:672:1:3009:12.51
104 56 67 41 38 97 94:3291964:1872:1:2696:4.49
23 57 5 120 56 41 38 36 94:1182574:504:1:2832:16.67
57 5 120 71 67 97 36 90:1584936:600:1:2595:14.0
23 57 5 104 56 67 41 36:2259991:936:1:2840:8.98
53 79 41 94 90:1035574:632:1:1831:13.3
121 128 11 57 41 36:1108102:544:2:2791:15.44
16 57 56 71 67 41 38 97 36:1519720:600:1:2748:14.0
23 57 120 104 67 41 38:2015676:1024:1:2394:8.21
13 57 1 71 67 97 36:1462165:588:1:2547:14.29
39 31 1 90:2055016:1384:1:3625:6.08
11 23 57 67 41 94 90:1656614:916:1:2609:9.18
13 5 1 67 41 90:1078163:468:1:2857:17.94
122 55 36 94:1578708:1236:1:2945:6.8
53 128 1 38 97 36 90:1189513:444:1:2982:18.91
50 104 79 67 36 94 90:1082587:472:1:2201:17.79
16 23 57 71 41 38 97 36 90:1579658:624:1:2740:13.47
23 57 120 71 67 38 97 90:1840664:900:1:2700:9.34
31 1 24 67 97 94 90:1641227:692:1:3225:12.14
6 23 104 67 41 36 94 90:2448587:1084:1:2409:7.76
55 5 88 79 97 94:1246387:728:1:3000:11.54
6 1 67 97 90:1895061:1380:1:2475:6.09
42 2 88 24 71 97 36 94 90:1954765:624:1:3905:13.47
57 88 71 41 97 36:1488358:720:1:2692:11.67
55 67 97 90:1859216:1532:1:2753:5.49
86 128 11 57 41 38 97 36 94 90:1087254:360:1:3030:23.31
16 67 41 97 36 94:1589415:880:1:2744:9.55
6 23 79 71 67 36 90:1123781:586:1:2139:14.34
57 5 79 41 38 36 94 90:1006147:448:1:2609:18.74
23 57 5 104 56 71 38 36 94 90:2475410:936:1:2836:8.98
6 11 104 71 67 38 94 90:1087877:522:1:2417:16.09
23 1 71 67 36:4506971:2560:1:2129:3.29
119 88 71 41 94 90:1190791:656:1:3270:12.81
6 23 31 104 79 71 41 36 90:1005193:340:1:3041:24.68
6 11 23 57 31 104 71 67 38 36 94:1363636:458:1:3473:18.34
11 5 31 1 67 38 90:1172547:496:1:2609:16.93
21 55 104 88 79 71 97 36:1397756:456:1:2785:18.42
11 23 79 67 38 94 90:1528417:964:1:2139:8.72
128 11 5 31 1 36 94 90:1397833:457:1:2768:18.38
23 5 104 88 71 67 41 97 94:1554566:580:1:2844:14.49
12 120 24 71 90:1051804:576:1:3906:14.59
57 31 120 104 88 71 67 41 36 90:1421290:376:1:2394:22.32
64 122 79 97 36 90:1095453:584:1:3274:14.39
2 5 120 88 97 90:1044562:520:1:2882:16.15
23 5 56 67 38 97 94:1233351:936:1:2840:8.98
39 5 79 97 94 90:1012935:680:1:2592:12.36
55 104 88 71 97:1921990:1064:1:2753:7.9
23 57 120 104 88 71 41 94 90:1241573:448:1:2394:18.74
11 79 67 97 36 94:2024998:1150:1:1513:7.31
39 100 6 1 24 97 36 90:1269214:536:1:3649:15.67
11 1 88 79 67 97 90:1399987:592:1:2976:14.19
53 23 57 104 56 36 94 90:1289670:560:1:2720:15.0
5 56 67 41 36:2021403:1192:1:2840:7.05
42 120 88 97 94:1921158:1256:1:2754:6.7
31 88 24 67 94:1362658:800:1:3225:10.51
11 1 41 94:2050522:1432:1:2115:5.87
5 31 1 88 79 94 90:1858235:792:1:2385:10.61
21 55 104 79 71 38 94 90:1088473:440:1:2785:19.08
23 5 56 67 36:1347674:984:1:2840:8.54
23 104 79 56 38 94:1038217:864:1:2688:9.73
53 79 41 36:1070484:632:1:1831:13.3
57 5 104 79 41 38 97 94 90:1044097:432:1:2832:19.44
6 23 31 1 88 71 41 38 36 90:1092861:336:1:3041:24.97
23 57 120 104 79 56 41 38 36 94 90:1308883:432:1:2688:19.44
12 2 120 79 38 97 36:1382562:664:1:2818:12.66
23 104 88 56 71 38 36 90:1726457:720:1:2692:11.67
5 104 88 71 67 38 36:2066282:852:1:2621:9.87
6 23 57 120 41 38 97 36 90:1199298:504:1:3042:16.67
13 31 1 71 41 38 36:1783479:632:1:2465:13.3
6 23 57 56 41 36 94:1551127:1008:1:3041:8.34
16 88 56 67 41 97 94 90:1086496:496:1:2744:16.93
100 31 24 71 97 36 94:1202636:548:1:3629:15.33
88 24 71 36 94 90:3036318:1376:1:2009:6.11
53 57 71 67 97 94 90:1025950:514:1:2344:16.34
2 120 79 71 67 94 90:1167219:548:1:2754:15.33
79 41 36 94 90:5044266:3080:1:1827:2.73
16 122 88 79 56 41 90:1198513:560:1:3378:15.0
42 5 88 79 71 67 90:1048164:436:1:2881:19.26
11 57 31 120 38 36 90:1115634:476:1:2610:17.64
42 12 120 24 71 38 94 90:1111209:456:1:3906:18.42
23 57 120 104 79 56 71 67 36 94 90:1322409:420:1:2700:19.99
42 2 120 88 79 24 97 36 94:1645424:528:1:3906:15.91
23 57 5 56 71 38:1185907:936:1:2836:8.98
23 5 88 67 38 97:1196620:840:1:2840:10.01
16 5 97 36 90:1634925:996:1:2880:8.44
23 57 5 104 79 71 41 97 36:1029693:360:1:2836:23.31
23 57 104 88 71 97 36 90:2057952:824:1:2344:10.2
53 56 41 97 36 90:1138170:528:1:2720:15.91
11 23 31 104 71 67 41 94:2357750:916:1:2609:9.18
31 1 71 67 97 94:4045407:2098:1:2547:4.01
9 31 120 38 97 36 94 90:1152295:496:1:2601:16.93
23 5 104 79 71 41 38 97:1422007:616:1:2836:13.64
12 104 79 67 38 36:1134578:628:1:2817:13.38
5 88 67 36:2430259:1632:1:1332:5.15
23 31 120 71 38 94 90:1833170:952:1:2394:8.83
57 31 1 71 94 90:3466423:1796:1:2322:4.68
21 79 97 90:1148315:872:1:2344:9.64
77 5 97 90:1034432:792:1:2189:10.61
128 31 79 97 36 94 90:1552730:656:1:2312:12.81
16 120 41 38 97 90:1209497:660:1:2736:12.73
120 104 67 41 38 97 94 90:2217746:936:1:2696:8.98
12 1 88 79 71 67 41 36 94 90:1573063:460:1:3965:18.26
23 104 67 41 97 94 90:4947750:2576:1:2696:3.27
23 5 120 104 56 71 67 41 38 97 36 94 90:1740497:450:1:2844:18.66
128 6 71 67 38:1220598:912:1:3041:9.22
21 122 88 79 41:1092951:588:1:3458:14.29
23 57 5 120 71 41 38 97 94 90:1239308:468:1:2836:17.94
23 5 104 88 79 67 41 38 97 36 94 90:1826308:520:1:2840:16.15
2 88 79 67 36:1548273:888:1:2753:9.47
79 56 71 67 41 38 97 94:1266433:648:1:2700:12.97
68 122 88 79 56 41 97 36:1596399:584:1:3270:14.39
21 104 88 79 71 97 36:1496655:552:1:2785:15.22
86 56 71 67 38 97 36 94 90:1847228:792:1:2208:10.61
50 56 67 41 97 36 94 90:1473653:608:1:2712:13.82
39 9 100 31 1 79 24:1169997:548:1:3625:15.33
23 31 1 88 71 36 90:1861769:704:1:2177:11.94
128 24 71 97 36 90:1159974:480:1:3905:17.5
42 128 2 24 67 97 36 90:1463399:480:1:3905:17.5
55 2 79 71 67 36 94 90:1351644:528:1:2753:15.91
68 39 31 1 79 97 90:1372895:548:1:3626:15.33
23 104 88 56 71 67 41 97 36 90:2082434:648:1:2700:12.97
23 5 104 88 71 67 41 38 97 36:1848934:580:1:2844:14.49
53 57 104 56 41 38 90:1135285:528:1:2720:15.91
57 79 67 41 94 90:1289987:824:1:2393:10.2
5 104 56 67 38 97 36 94:2000756:936:1:2840:8.98
42 128 2 24 71 67 36 94:1005647:336:1:3905:24.97
13 31 1 71 67 97 36 94:2013838:700:1:2547:12.01
53 31 1 71 67 41 94:1547573:584:1:2177:14.39
9 88 79 71 94 90:1100238:664:1:3841:12.66
86 128 57 41 97 36 94 90:1799579:720:1:3030:11.67
21 104 88 71 67 97:1147253:528:1:2785:15.91
23 57 88 71 41 38 90:1564697:824:1:2393:10.2
23 57 120 56 67 97 36:1920825:1032:1:2696:8.15
2 88 24 67 38 97 90:1138210:528:1:3905:15.91
6 23 120 104 67 41 38 94 90:1177161:512:1:3042:16.41
23 57 79 71 41 38 90:1476160:824:1:2393:10.2
120 56 71 67 97 36 94:2978983:1428:1:2082:5.89
42 2 5 88 79 71 36:1013670:392:1:2881:21.41
42 120 88 79 38 97 36 90:1785547:680:1:2754:12.36
5 1 88 79 71 67 38 36:1158286:416:1:2865:20.18
57 31 104 97 36:3057270:1736:1:2344:4.85
2 104 88 79 71 67 36 94 90:1791339:600:1:2753:14.0
57 79 56 67 41 38 36:1375585:720:1:2696:11.67
86 41 97 36 94 90:1851019:1008:1:3030:8.34
128 11 31 97 94 90:1828513:928:1:2609:9.06
39 100 31 24 36 94:1990854:1096:1:3625:7.67
128 36 94:3452209:3136:1:2081:2.68
55 5 88 79 90:1462812:856:1:2881:9.82
53 23 1 88 79 67 41 38 36 90:1020479:296:1:2136:28.34
57 5 120 104 56 41 38 97 90:1334932:504:1:2832:16.67
50 57 104 71 67 41 38 97 36 94:1381880:456:1:2716:18.42
16 23 57 56 71 67 38 97 36 94 90:1587842:600:1:2748:14.0
31 79 67 90:2133231:1620:1:1817:5.19
20 31 1 71 94:1086275:624:1:2360:13.47
128 31 79 67 36 94:1303699:624:1:2976:13.47
6 23 104 56 41 97 94:1541457:1008:1:3041:8.34
100 31 79 71 36 90:1269070:644:1:3629:13.05
88 79 71 41 38 90:1904264:1000:1:2132:8.41
100 88 56 71 36 94:1505557:944:1:3933:8.91
128 31 1 79 67 38 97 94 90:1705813:624:1:2976:13.47
57 88 67 38 97 36 94 90:1695751:816:1:2696:10.3
9 128 31 120 97 36 94 90:1216909:448:1:2601:18.74
128 11 31 120 67 38 36 94 90:1390777:456:2:2976:18.42
11 56 71 38 90:1789509:1296:1:2609:6.49
16 57 5 36 94 90:1230660:728:1:2657:11.54
6 23 57 56 71 41 97 36:1907589:936:1:3041:8.98
5 120 1 71 97 36 94 90:1421766:508:1:2761:16.53
53 31 104 71 67 97 94:1043332:440:1:2344:19.08
23 5 104 79 71 41 38 36:1638641:632:1:2613:13.3
31 120 104 79 38 36 94 90:1101149:424:1:2394:19.8
57 120 56 67 41 38 97 94 90:2122355:936:1:2696:8.98
12 1 88 79 71 67 41 94:1187737:460:1:3965:18.26
128 88 71 67 38 97:1381545:744:1:2177:11.3
23 57 120 56 41 36 94 90:2267767:1008:1:2688:8.34
50 104 71 67 94:1025087:648:1:2205:12.97
119 104 79 67 38 36 94 90:1308387:600:1:2755:14.0
6 57 104 71 41 90:1794769:988:1:3041:8.51
21 79 71 67 97 36 94 90:1541165:592:1:2344:14.19
53 1 71 97 36 94:1398342:628:1:2545:13.38
120 71 38 97 36 90:4013560:2024:1:1363:4.16
13 120 79 67 97 36 94 90:1095093:424:1:1921:19.8
55 2 104 71 97 36 90:1155722:456:1:2753:18.42
42 12 2 24 67 97 36 94 90:1518819:528:1:3905:15.91
20 67 38 97 94 90:1375402:1008:1:2345:8.34
11 56 36 94 90:2558119:1728:1:2609:4.87
57 5 104 79 71 38 97 90:1029642:456:1:2836:18.42
11 1 79 90:1310621:884:1:2139:9.51
5 88 71 67 41 36:1806140:780:1:2409:10.78
11 57 67 97 36 94:1465460:886:1:2609:9.49
55 57 120 36 94:1446298:904:1:3906:9.3
6 57 120 104 56 71 67 41 36 94:1341005:450:1:3042:18.66
57 104 88 79 38 97 36 90:1384430:576:1:2688:14.59
53 23 57 31 71 38 36:1098579:488:1:2397:17.21
9 6 31 1 71 36 94:1279110:598:1:2581:14.05
42 128 2 120 79 24 38 94 90:1104223:368:1:3906:22.81
13 5 1 67 41 36 94:1078666:420:1:2857:19.99
12 88 71 41 97 36:1413175:656:1:3525:12.81
53 23 104 79 71 67 97 36 94:1119521:400:1:2344:20.99
6 23 104 56 67 41 36 90:2164355:936:1:3041:8.98
2 79 71 38 36 90:1920715:1000:1:2753:8.41
16 23 120 104 71 67 41 38 97 36 94 90:1100965:300:1:2748:27.96
128 120 88 67 38 97 36 94:1266129:504:2:2178:16.67
11 57 5 41 36 94:1482774:766:1:3439:10.97
6 23 57 71 41 97 36:1752672:936:1:3041:8.98
57 56 38 97:1338901:2016:1:2688:4.17
120 88 79 67 38 36:1408886:720:1:1314:11.67
6 11 23 57 104 41 36 90:1109736:458:1:3473:18.34
53 23 57 71 67 97 94 90:1045115:496:1:2344:16.93
13 88 79 67 97 36 90:1368137:572:1:2377:14.69
42 128 24 67 97 94 90:1225562:528:1:3905:15.91
23 31 120 38 36 90:1827307:952:1:2394:8.83
53 31 1 71 67 94 90:1534550:602:1:2177:13.96
42 2 104 79 71 67 90:1099712:456:1:2753:18.42
6 23 31 120 71 41 38 36:1182145:476:1:3042:17.64
11 23 120 104 71 38 36:1247643:540:1:2402:15.56
50 23 41 97 36 90:1174564:592:1:2704:14.19
9 128 57 5 38 97 90:1072526:588:1:3996:14.29
39 31 1 36 94 90:2882440:1384:1:3625:6.08
128 6 31 120 36 94 90:1077829:452:1:3042:18.58
128 88 79 71 97 36 94:1291000:552:1:2081:15.22
11 23 104 88 79 67 36 94:1791822:728:1:2129:11.54
23 120 104 79 71 67 36 94 90:1789318:636:1:2394:13.21
11 31 1 71 41 36:2596372:976:1:2609:8.61
31 79 41 90:3081282:2088:1:1849:4.03
23 5 31 67 41 38:1609630:944:1:2833:8.91
42 120 67 94:1545281:1292:1:2754:6.51
23 120 104 88 67 41 94 90:1111096:448:1:2394:18.74
122 88 79 56 41 36 94 90:2871684:1168:1:3266:7.2
23 57 31 120 104 88 71 94 90:1042744:376:1:2394:22.32
6 23 31 104 71 67 38 36 90:2435768:916:1:3041:9.18
57 5 120 56 71 67 41 38 97 94:1193979:450:1:2844:18.66
23 57 120 56 71 67 41 36 94:2329363:900:1:2700:9.34
104 79 24 71 36 90:1053082:432:1:3793:19.44
100 56 67 97 36 94 90:2265626:1376:1:3937:6.11
12 2 120 94 90:1642014:1156:1:2818:7.27
23 57 104 79 56 71 67 38 97 90:1594404:648:1:2700:12.97
128 120 1 67 97 36 90:2683117:984:1:2976:8.54
42 5 120 88 24 36:1031870:412:1:3074:20.38
23 5 79 56 71 41 38 97 36 90:1025644:360:1:2836:23.31
6 23 57 31 104 88 71 67 36 94 90:1097673:342:1:3041:24.54
100 79 24 71 94 90:1623821:980:1:3629:8.58
128 5 31 97 90:1628341:896:1:2353:9.38
50 71 67 41 38 97 36:1056068:456:1:2716:18.42
57 5 104 88 71 67 41 38 36 94 90:1160936:340:1:2621:24.68
5 104 88 79 41 36 90:1889853:704:1:2433:11.94
13 88 56 67 36 94 90:1178731:536:1:2353:15.67
77 56 36 90:2060575:1440:1:2219:5.84
12 88 79 67:1360048:1184:1:1993:7.1
57 120 104 79 71 38 36 94:1187458:496:1:2394:16.93
6 56 71 67 41 38 97 94:1585525:900:1:3041:9.34
23 57 31 88 71 41 36 94:1713342:680:1:2393:12.36
121 6 31 1 38 97 36 90:1016616:460:2:2977:18.26
6 120 104 41 97 94 90:1026991:504:1:3042:16.67
31 1 88 67 41 38 94 90:1820717:704:1:2177:11.94
12 5 104 88 79 97 36:1079529:456:1:2945:18.42
11 57 31 120 1 67 94 90:1200504:458:1:2610:18.34
104 88 79 71 67 94 90:3495118:1600:1:1817:5.26
23 71 67 97 36 94 90:5160029:2672:1:2344:3.15
23 57 120 104 88 71 41 38 97 94 90:1123458:360:1:2692:23.31
100 6 88 79 36 94 90:1148664:672:1:3761:12.51
12 2 71 97 36 94 90:1670205:800:1:2817:10.51
42 120 97 36 90:4140299:2224:1:2754:3.78
23 57 120 104 88 97 36 94 90:1397813:528:1:2688:15.91
5 56 71 67 41 97:1874509:1028:1:2844:8.18
2 88 67 38 97 94:1312609:928:1:2753:9.06
120 79 24 71 38 97 94:1085859:528:1:3010:15.91
119 122 79 56 41 97 36 94:1247825:584:2:3267:14.39
23 57 5 120 56 67 38 97 36:1076540:468:1:2840:17.94
68 1 88 97 94 90:1133799:560:1:3217:15.0
31 88 67 41 94 90:2830906:1432:1:1833:5.87
31 120 104 71 94:1803749:1000:1:2394:8.41
57 104 88 79 56 41 36:1118227:480:1:2688:17.5
12 2 88 79 71 94 90:1033007:512:1:2817:16.41
57 31 41 36 94:3054186:1848:1:2377:4.55
23 79 71 67 41 94:2144227:1360:1:2131:6.18
120 88 24 67 36:1247650:600:1:3010:14.0
128 120 1 38 36 94:1880622:888:2:2976:9.47
57 31 79 71 67 38 36 94 90:1754882:680:1:2393:12.36
86 128 41 97 36 94 90:1678376:720:1:3030:11.67
50 11 38 97 36 94 90:1102101:540:1:2980:15.56
6 1 71 97 90:1872695:1260:1:2474:6.67
128 5 31 120 1 67 38 94:1182475:444:2:3000:18.91
16 57 56 67 97 36 90:1201068:624:1:2744:13.47
11 57 1 71 67 97 36 90:2421700:873:1:2609:9.63
21 104 88 71 38 36 94 90:1343610:488:1:2785:17.21
128 120 24 38:1398502:896:1:3906:9.38
88 24 97:2445121:2224:1:1729:3.78
16 23 71 41 38 97 36 94:1337031:624:1:2740:13.47
5 104 56 71 67 97 36 94:2291617:948:1:2844:8.87
21 55 104 88 71 67:1190740:516:1:2785:16.28
6 23 57 120 104 56 67 41 38 97 36:1365239:468:1:3042:17.94
11 23 31 120 71 38 36 90:1271699:476:1:2610:17.64
23 57 5 120 104 71 67 41 38 97 36:1536334:450:1:2844:18.66
1 79 38 97 36:2283839:1424:1:2976:5.91
77 128 120 36 90:1448120:648:2:2190:12.97
23 104 67 41 36 90:5606136:2680:1:2393:3.14
39 31 79 71 97 36 94 90:1369211:556:1:3629:15.11
9 5 31 1 67 36 94 90:1633173:622:1:3193:13.51
2 88 24 36:1793664:1056:1:3905:7.96
23 120 88 71 67 38 97 94 90:1061260:452:1:2700:18.58
9 57 31 120 1 71 67 97 94:1190411:441:2:2559:19.04
21 55 88 71 67 97 36:1205387:456:1:2785:18.42
57 120 104 79 71 41 38 36:1215898:448:1:2394:18.74
128 2 5 24 38 97 94 90:1239632:512:1:3905:16.41
31 120 104 79 71 67 41 38 36 90:1342241:376:1:2394:22.32
5 1 67 41 94:2620598:1600:1:2833:5.26
42 12 38 97 36:1502556:1040:1:2817:8.08
31 41:3111456:3544:1:1825:2.37
6 120 71 67 97 36 90:1605396:728:1:1890:11.54
11 23 57 31 38 36:1557216:916:1:2609:9.18
16 128 41 38 97 94 90:1567915:792:1:3186:10.61
5 31 1 88 71 67 36 94:1519722:520:1:2841:16.15
122 12 88 79 67 41 36:1288829:546:1:3530:15.39
16 23 56 67 41 38 94 90:1139459:624:1:2744:13.47
86 6 57 41 38 97 36 94 90:1085529:504:1:3045:16.67
42 88 97:1546471:1560:1:2753:5.39
42 12 120 79 24 38 36 94:1154239:456:1:3906:18.42
16 23 56 41 38 97 36 90:1441987:672:1:2736:12.51
77 128 11 67 38 97 36 94 90:1046626:360:1:2621:23.31
11 57 120 104 67 38 36 94:1131045:476:1:2610:17.64
23 5 1 88 79 67 41:1098071:480:1:2865:17.5
119 55 104 79 67 90:1198184:648:1:3794:12.97
16 23 104 41 97 94:1075076:672:1:2736:12.51
20 23 31 1 67 38:1075057:624:1:2360:13.47
9 57 120 97 36 90:1610859:888:1:2556:9.47
11 23 104 88 67 97 36 94 90:2382520:868:1:2344:9.68
11 23 57 31 88 71 67 38 36 94 90:1085385:340:1:2609:24.68
9 6 57 41 97 94 90:1123006:756:1:3348:11.12
2 24 71 38 36:1740366:960:1:3905:8.76
6 31 104 41 94 90:1671578:920:1:3041:9.14
42 12 2 79 71 97 36 90:1170873:440:1:2817:19.08
31 120 1 67 97 94 90:2240413:972:1:2546:8.65
68 100 1 24 97 36 90:1414238:548:1:3626:15.33
77 11 120 56 38 97:1024706:576:1:2622:14.59
13 79 71 67 94 90:1065495:584:1:1921:14.39
9 31 1 24 67 36 94 90:1232821:442:1:3633:19.0
120 104 79 71 67 94 90:1737883:780:1:2394:10.78
23 57 5 120 104 71 67 38 97 36 90:1487504:450:1:2844:18.66
122 5 79 56 41 97 36 94:1331089:584:1:3778:14.39
23 120 104 79 71 67 41 38 36 90:1338583:412:1:2394:20.38
77 11 57 41 38 94 90:1007552:504:1:3042:16.67
42 2 5 120 88 24 94 90:1062767:384:1:3906:21.86
31 120 104 88 71 41 36 94 90:1293438:376:1:2394:22.32
120 79 24 67 38 97 94:1057564:552:1:3010:15.22
56 71 67 38 36 94 90:4194874:2232:1:2177:3.77
77 128 56 67 38 97 36:1584594:720:1:2221:11.67
125 97 36:1269681:1104:2:3298:7.62
6 31 79 71 67 41 38 36 94 90:1082199:372:1:3041:22.56
104 79 56 67 36 94:1418503:816:1:2696:10.3
100 31 1 79 71 67 41 36 94:1057005:352:1:3709:23.84
57 31 104 88 71 38 94:1373282:680:1:2393:12.36
77 13 56 97 94 90:1075473:624:1:2477:13.47
86 57 5 41 38 97 36 94 90:1237002:504:1:3678:16.67
16 23 56 71 67 41 36 94 90:1554165:600:1:2748:14.0
53 23 31 1 71 67 41 36 90:1959825:560:1:2177:15.0
128 120 88 56 67 38 36 90:1158430:432:2:2211:19.44
6 56 71 67 38 94:1158368:1044:1:3041:8.05
42 120 71 38 94 90:1911173:1088:1:2754:7.73
68 39 1 24 97 94 90:1298917:548:1:3626:15.33
42 2 120 79 24 38 97 36 90:2897506:944:1:3906:8.91
16 23 57 104 71 97 90:1207620:624:1:2740:13.47
53 104 88 79 71 38 36 94 90:1044968:344:1:2397:24.39
23 1 71 41 90:4350448:2464:1:2129:3.41
128 11 120 56 67 38 97 36:1490371:576:2:2610:14.59
6 23 57 120 56 71 67 41 38 36:1196763:450:1:3042:18.66
2 120 24 97 36 94:5244775:2504:1:3906:3.36
23 31 120 104 79 71 41 38 94:1012261:376:1:2394:22.32
128 5 120 56 71 67 97 36 90:1657996:528:1:3067:15.91
53 88 67 41 97 36 90:1027726:384:1:2728:21.86
1 88 79 67 38 97 94 90:2274285:1040:1:2976:8.08
6 88 56 71 67 36:1008614:572:1:1689:14.69
23 104 79 41 38 36 94:3290953:1672:1:2393:5.03
42 2 120 79 71 97 94:1395638:656:1:2754:12.81
36 90:6779661:8200:1:192:1.03
53 1 71 36 90:1790099:804:1:2005:10.45
120 104 67 38 97 94 90:2231273:1160:1:2696:7.25
55 2 104 79 71 67 38 36 94 90:1309487:424:1:2753:19.8
53 11 31 1 71 67 41 38 36 94:1013437:280:1:2609:29.95
5 120 104 56 71 97:1027515:516:1:2836:16.28
119 122 67 41 97 36 90:1033677:468:2:3275:17.94
119 88 67 41 97 94:1083633:680:1:3274:12.36
11 5 31 1 97 90:1029161:468:1:2609:17.94
86 56 71 67 38 97 94:1188368:792:1:2208:10.61
57 5 104 67 41 97 94:1851906:936:1:2840:8.98
50 2 57 24 97 36:1008861:480:1:3909:17.5
42 128 120 79 24 97 36:1229761:440:1:3906:19.08
42 104 71 67 97:1105080:648:1:2753:12.97
20 86 120 56 38 97 36 94:1107227:528:1:2352:15.91
57 104 88 71 67 97:1750739:944:1:2344:8.91
16 2 57 38 36 90:1331941:776:1:3969:10.83
119 88 79 67 97 36 90:1935658:904:1:2698:9.3
5 120 104 56 38 36 94 90:1211553:504:1:2832:16.67
57 5 120 56 67 36 94:1015258:516:1:2840:16.28
31 120 1 71 97 94:1977295:948:2:2545:8.87
1 71 97 36 94:5086322:2980:1:2545:2.82
121 128 11 31 1 38 97 36 94 90:1438896:456:2:2977:18.42
22 11 55 41 38 97 36 90:1369154:548:1:3831:15.33
64 39 100 1 24 94 90:1072461:548:1:3627:15.33
128 31 120 1 67 38 94:2086079:888:2:2976:9.47
23 57 88 71 67 36:1536860:856:1:2121:9.82
53 23 57 104 56 67 36 94:1154437:512:1:2728:16.41
120 88 79 71 67 97 36:1496979:608:1:1347:13.82
53 57 71 97 36 94 90:1234164:556:1:2344:15.11
12 2 120 88 79 97 94 90:1079243:472:1:2818:17.79
31 104 1 88 71 41:1946728:752:1:3993:11.18
104 79 56 71 41 94 90:1520810:720:1:2692:11.67
6 23 31 104 71 97 36 90:2153952:866:1:3041:9.71
50 23 57 104 56 71 67 38 36 90:1309630:456:1:2716:18.42
42 12 24 71 36:1033714:528:1:3905:15.91
9 57 31 1 97 94:1426855:900:1:2556:9.34
11 104 88 79 67 97 94:1405466:676:1:2344:12.43
2 5 120 88 71 97 36 94 90:1015398:340:1:2882:24.68
2 120 71 67:1083550:764:1:2754:11.0
2 57 104 88 79 67 36 94:1016077:416:1:3905:20.18
11 88 71 67 97 94:1381387:784:1:2170:10.72
77 41 38 36 94 90:1951841:1008:1:3042:8.34
57 5 56 41 38 97 36:1946692:1008:1:2832:8.34
11 23 57 120 104 67 41 38 36:1340849:476:1:2610:17.64
6 23 31 104 67 41 90:1919736:916:1:3041:9.18
42 2 5 79 71 38 97 36 94 90:1090458:368:1:2881:22.81
53 23 88 71 67 41 38 36 94:1133617:400:1:2134:20.99
121 128 11 1 67 36 94 90:1211944:456:2:2977:18.42
12 120 88 24 97 36 94:1131358:480:1:3906:17.5
79 24 38:1018780:1136:1:3009:7.4
11 5 88 67 38 97 36 90:1340933:528:1:2361:15.91
23 5 104 88 71 97 36 90:2137564:792:1:2836:10.61
23 57 88 56 41 36:1506327:864:1:2688:9.73
6 23 57 120 104 67 38 94 90:1036545:512:1:3042:16.41
53 23 31 104 67 90:1045359:496:1:2177:16.93
23 31 120 104 41 38 94:1977036:952:1:2394:8.83
88 56 24 97 94 90:3214241:1888:1:3929:4.46
6 23 120 104 56 36 94 90:1173088:552:1:2946:15.22
2 88 24 71 97 36:1436587:624:1:3905:13.47
57 120 104 79 67 97 36:1257037:552:1:2696:15.22
57 104 88 79 56 67 41 97 36 90:1050295:336:1:2696:24.97
57 88 79 67 97 90:1038818:632:1:2344:13.3
23 5 88 71 67 41 38 94:1346499:628:1:2409:13.38
23 57 88 41 38 97 90:1502841:864:1:2688:9.73
50 23 57 67 41 97 36 94 90:1217204:480:1:2712:17.5
128 6 71 67 94 90:1595835:960:1:2945:8.76
57 5 120 56 71 67 41 38 97 36 94 90:1564944:450:1:2844:18.66
55 5 104 71 67 36 94 90:1782857:648:1:3889:12.97
53 1 88 67 36 90:1272479:508:1:1830:16.53
6 11 57 41 97 36 94 90:1672917:756:1:3473:11.12
53 57 31 104 71 67 41 94 90:1515636:488:1:2397:17.21
57 104 56 71 41 36:3919357:1872:1:2692:4.49
12 100 1 88 79 41 90:1189403:536:1:3953:15.67
23 5 56 94 90:1110295:1056:1:2832:7.96
23 5 104 56 71 67:1611622:948:1:2844:8.87
23 57 104 88 71 67 36 94 90:2276006:856:1:2121:9.82
31 1 79 71 36:3123450:1492:1:1921:5.64
121 128 11 31 1 67 97:1084603:456:2:2977:18.42
21 55 5 104 88 79 71 36 94 90:1020776:280:1:3953:29.95
57 120 104 56 71 41 94:2014658:936:1:2692:8.98
122 88 71 41:1523079:1020:1:3270:8.24
128 11 57 5 36:1009693:541:1:3440:15.53
23 57 104 88 56 41 38 94:1643456:864:1:2688:9.73
57 5 104 88 71 38 36 94:1128450:472:1:2613:17.79
86 56 97 36 90:2069933:1440:1:2208:5.84
42 2 104 79 71 97 36 94:1193574:456:1:2753:18.42
55 104 79 71 67 97 90:2446517:1064:1:2753:7.9
53 23 5 104 67 41 38 97 36 94 90:1137802:336:1:2872:24.97
23 31 88 71 67 90:1509480:784:1:2177:10.72
12 88 79 67 94:1489230:1184:1:1993:7.1
53 23 104 79 71 41 36 90:1120341:376:1:2397:22.32
128 5 88 56 71 67 97 36 90:1101547:360:1:3075:23.31
6 23 88 71 38 36 90:1067955:572:1:2210:14.69
120 88 56 71 38 36 94:1651346:792:1:2178:10.61
12 88 79 24 67 97 36 94:1140175:460:1:2105:18.26
6 120 104 56 36 94 90:1115246:552:1:2946:15.22
23 79 56 41 97 36 90:1742331:864:1:2688:9.73
23 57 5 104 71 67 38 36 94:2208946:916:1:2621:9.18
57 120 104 56 67 41 38 97 36 94 90:2988911:936:1:2696:8.98
23 57 104 79 56 71 67 41 38 97:1659208:648:1:2700:12.97
9 5 31 79 36 94 90:1069017:496:1:3217:16.93
79 56 24 97 36:3101852:1888:1:3929:4.46
6 23 56 67 97 94 90:1243409:984:1:2945:8.54
86 120 56 67 94 90:1112369:720:1:2208:11.67
23 57 104 88 67 38 36 90:1885966:824:1:2393:10.2
5 120 79 38 97 36:1209209:652:1:1742:12.89
23 57 56 71 67 41 36 90:4274132:1800:1:2700:4.67
6 57 104 88 56 36 94 90:1025524:480:1:2945:17.5
11 1 79 41 36 90:1933878:800:1:2139:10.51
39 1 79 24 97:1870978:1096:1:3625:7.67
6 11 23 104 71 36 94:1039612:523:1:2321:16.06
120 104 88 56 71 67 41 38 97 94 90:1067586:324:1:2700:25.9
57 31 79 71 67 41 38 36 90:1973538:680:1:2393:12.36
22 55 41 38 36 90:1872957:1000:1:3507:8.41
5 31 1 88 79 24 67 90:1082978:360:1:3737:23.31
53 23 31 1 71 38 36 90:1620673:560:1:2177:15.0
11 23 1 88 79 38:1024465:584:1:2140:14.39
42 12 2 120 97 94 90:1983922:976:1:2818:8.61
11 23 57 120 71 67 41 38 36:1322105:476:1:2610:17.64
12 88 79 71 36 94 90:2607380:1184:1:1989:7.1
31 79 97 94:1945108:1856:1:2312:4.53
9 128 120 97 36 94:1248104:652:1:2316:12.89
6 120 104 56 67 41 38 97 90:1162963:468:1:3042:17.94
57 88 79 56 97 36 90:1157210:576:1:2688:14.59
128 6 57 38 97 36 94:1784637:1080:1:3041:7.79
55 2 57 120 38 36:1484710:768:1:3906:10.94
6 23 120 104 71 41 36 94 90:1434349:512:1:3042:16.41
6 104 79 71 38 36:1013167:572:1:2409:14.69
16 88 71 36 94 90:1345065:688:1:2237:12.21
57 79 56 41 38 90:1266467:864:1:2688:9.73
53 23 57 104 56 71 67 38 36 94:1259397:456:1:2732:18.42
12 120 88 24 97 36:1077472:480:1:3906:17.5
5 88 24 71 94:1145674:672:1:2245:12.51
20 120 71 97 36 90:1579455:720:1:2345:11.67
6 57 104 79 56 71 41 38 97 36 90:1102239:360:1:3041:23.31
55 88 79 67 38 36:2618307:1352:1:2753:6.22
16 57 104 56 38 97 36 94 90:1550612:672:1:2736:12.51
128 5 31 120 1 67 38 97 36 94 90:1648678:444:2:3000:18.91
13 57 31 120 1 67 36 94 90:1010087:316:1:2466:26.55
9 120 41 38 97 90:1292153:756:1:3348:11.12
42 120 88 71 97:1443286:800:1:2754:10.51
5 88 24 71 90:1292070:672:1:2245:12.51
121 128 57 41 97 36:2018808:1080:2:3027:7.79
20 128 71 67 38 97:1177534:648:1:2347:12.97
104 88 79 67 41 38 97 36 94:2849688:1040:1:2696:8.08
23 57 120 88 67 41 38 36 90:1218801:448:1:2394:18.74
128 120 94:1998935:1904:1:2082:4.42
12 88 79 71 41:1363377:804:1:3525:10.45
86 67 38 97 36 94 90:1782236:1008:1:2208:8.34
12 104 88 79 67 94 90:1599653:796:1:2817:10.56
20 23 5 31 1 71 67 41 38 94 90:1015599:304:1:2993:27.59
57 104 56 67 41 97 94:3392479:1872:1:2696:4.49
23 31 104 36:2728253:1840:1:2177:4.57
23 57 104 79 67 97 90:1477533:824:1:2344:10.2
6 120 71 67 38 94 90:1229205:718:1:1890:11.71
42 88 79 67 97 36 90:2161432:912:1:2753:9.22
128 11 5 31 38 97 36 94:1177447:460:1:2609:18.26
11 57 120 71 67 97 36 94 90:1236453:441:2:2610:19.04
23 57 79 56 67 41 38 97:1254882:720:1:2696:11.67
31 120 1 38 36 90:2186810:952:2:2754:8.83
42 120 88 71 67 36 94 90:1633579:584:1:2754:14.39
23 57 31 71 36 94 90:3761626:1840:1:2177:4.57
5 1 88 79 41 38 36 94:1267967:480:1:2865:17.5
23 56 67 41 36 94:2986384:1872:1:2696:4.49
128 55 2 5 24 97 36 94 90:1318190:416:1:3905:20.18
53 23 57 31 120 104 71 41 38 36 94 90:1015612:256:1:2398:32.75
57 104 36 94 90:3734587:2432:1:2105:3.46
23 57 5 67 36 94:1478833:1000:1:2617:8.41
12 88:1214185:2004:1:1985:4.2
119 104 88 79 97:1062526:720:1:2755:11.67
42 55 88 38 36 94 90:1093673:496:1:2976:16.93
50 31 1 88 79 94 90:1053320:436:1:2469:19.26
128 79 67 38 36 94 90:1800251:864:1:2177:9.73
16 23 104 56 67 41 38 97 36 90:1789224:624:1:2744:13.47
23 57 104 71 41 97 94 90:4126623:1872:1:2692:4.49
5 31 79 71 94:1051263:684:1:2785:12.29
42 88 24 38 94 90:2011253:1104:1:3009:7.62
86 128 11 56 38 97 36 90:1064591:432:1:2613:19.44
122 12 88 94 90:1334710:1010:1:3522:8.32
6 23 57 31 120 104 71 41 36:1413774:476:1:3042:17.64
16 23 67 41 97 36 90:1342147:624:1:2744:13.47
120 24 38 97 36 94 90:5586349:2528:1:3010:3.33
53 23 79 38 97 36 90:1010357:496:1:2720:16.93
57 120 104 88 71 67 41 38 97 36 94 90:1230429:324:1:2700:25.9
53 23 5 104 71 67 41 38 97 36 94 90:1098713:292:1:2876:28.72
104 56 71 41 97 36:4025621:1872:1:2692:4.49
57 79 67 41 38 97 36:1417360:720:1:2696:11.67
23 57 5 104 38 97 36 94 90:2331387:1008:1:2832:8.34
11 5 41 36 94 90:2160221:1030:1:1905:8.16
6 120 104 56 71 67 41 38 97:1145598:450:1:3042:18.66
2 71 67 36 90:1868195:1032:1:2753:8.15
6 57 104 79 71 67 41 38 97 36 94 90:1063260:324:1:3041:25.9
119 55 79 71 36 94:1001871:552:1:3794:15.22
57 120 104 88 67 41 36 94 90:1361203:448:1:2394:18.74
57 5 104 88 56 71 97 36 90:1175845:408:1:2836:20.58
12 2 57 104 88 79 36 94 90:1139027:420:1:3905:19.99
11 31 120 1 36 90:1286041:500:1:2610:16.8
128 57 5 41 38 36 94 90:2694516:1082:1:3438:7.77
57 24 38 97 90:1853814:1392:1:3905:6.04
23 57 120 104 88 56 41 36 94:1177002:432:1:2688:19.44
55 41 36 94:3762246:2624:1:3297:3.21
23 88 41 38 90:2407265:1768:1:2130:4.76
13 128 97 36 94:1570317:880:1:2465:9.55
53 31 104 71 67 41 36:1530256:512:1:2177:16.41
50 23 104 56 71 67 38 97 36 94 90:1388386:456:1:2716:18.42
53 23 104 88 41 36:1163644:488:1:2397:17.21
6 31 1 67 41 38 90:2131777:992:1:3041:8.48
23 120 79 56 41 97 36 94 90:1095768:432:1:2688:19.44
42 128 120 24 71 36 90:1159170:384:2:3906:21.86
23 57 31 120 104 36 90:2292872:952:1:2394:8.83
57 120 79 71 94 90:1142964:676:1:2323:12.43
42 2 79 71 67 97 36 94 90:1881745:672:1:2753:12.51
120 79 56 67 38 97 36 90:1806008:792:1:2178:10.61
128 5 31 1 38 94:1754964:890:1:2766:9.45
42 128 2 24 71 38 97 36 94 90:1296089:384:1:3905:21.86
42 104 88 71 90:1248388:648:1:2753:12.97
121 128 11 31 1 67 97 36 90:1463176:456:2:2977:18.42
6 11 23 31 104 71 41 38 94 90:1281556:458:1:3473:18.34
121 128 11 36 94 90:1060109:568:2:2741:14.79
13 128 56 36:1402083:864:1:2465:9.73
6 23 57 104 56 71 67 41 97 94:2126352:900:1:3041:9.34
6 104 71 41 38 36:1909541:988:1:3041:8.51
57 31 88 71 41 38 94 90:1600566:680:1:2393:12.36
5 120 71 36 94:1752780:1000:1:1526:8.41
11 23 31 88 71 67 41 36:1132763:388:1:2609:21.63
21 88 41 97 36 94 90:1511442:608:1:3457:13.82
6 57 31 120 1 97 36 94:1103999:456:1:3042:18.42
104 88 41 38 97 36 90:3783006:1568:1:2688:5.36
121 11 38 97 36:1117658:876:1:2977:9.6
53 23 57 67 41 97 36 94 90:1281077:480:1:2728:17.5
128 31 79 67 90:1127369:624:1:2976:13.47
13 56 67 97:1251568:1136:1:2345:7.4
23 57 79 56 71 67 41 38 36 94:1625653:648:1:2700:12.97
23 120 104 71 38 97 90:2169264:1064:1:2692:7.9
128 6 120 67 38 97 36:1138473:540:2:3042:15.56
57 56 71 67 97 94 90:3136009:1896:1:2700:4.44
2 104 88 79 71 67 97 36 94 90:1697553:528:1:2753:15.91
128 88 67 38 36 94:1603933:864:1:2177:9.73
16 57 56 71 67 38 97 36 94:1319494:600:1:2748:14.0
128 11 5 41 94 90:1167642:557:1:3089:15.08
79 56 24 67 97 36 90:2113311:944:1:3937:8.91
11 104 79 41 36:1592166:788:1:2401:10.67
5 31 88 67 36:1335936:696:1:2361:12.07
77 120 97 36 94:2340482:1368:1:2190:6.15
39 12 88 79 24 36 94:1559883:704:1:3889:11.94
42 2 88 71 38 97 94:1504464:784:1:2753:10.72
50 55 97 36 94:1031240:644:1:2980:13.05
68 122 88 56 41 97 36 94:1498103:584:1:3270:14.39
128 5 31 38 97 36:1867503:896:1:2353:9.38
121 11 31 1 67 36 90:1155868:464:2:2762:18.1
6 23 31 41 36 94 90:1948512:980:1:3041:8.58
5 104 56 38 97 94:1387199:1008:1:2832:8.34
57 120 104 79 56 71 41 38 97 90:1065501:360:1:2692:23.31
57 5 120 71 67 38 97 36 94:1259091:498:1:2844:16.87
55 2 120 24 38 97 36 90:2056060:728:1:3906:11.54
50 104 67 38 94 90:1078219:656:1:2712:12.81
119 55 104 36 90:1297535:720:1:3794:11.67
9 79 24 36 94 90:1678998:900:1:1837:9.34
21 55 104 36 90:1329628:624:1:2785:13.47
128 79 56 71 36 94 90:1828175:816:1:2227:10.3
23 57 104 88 56 67 38:1173066:720:1:2696:11.67
100 31 79 24 71 36:1170654:548:1:3629:15.33
6 79 97 36 90:2192816:1594:1:1537:5.28
16 23 71 41 94 90:1047293:632:1:2517:13.3
68 39 31 1 36:1185472:548:1:3626:15.33
11 31 71:1252032:1034:1:2609:8.13
42 55 88 79 67 38 94 90:1119031:496:1:2976:16.93
53 23 31 1 67 41:1263849:560:1:2177:15.0
6 31 1 79 67 41 36:1465567:592:1:2211:14.19
53 23 1 79 41 38 36 94:1056880:416:1:2135:20.18
104 88 79 71 97 94 90:3195599:1496:1:2344:5.62
20 56 67 36:1274533:1008:1:2345:8.34
55 2 104 71 67 90:1110547:528:1:2753:15.91
50 57 41 36 94 90:1858666:960:1:2704:8.76
12 55 104 88 71 67 94 90:1420521:568:1:2817:14.79
23 57 120 104 56 67 41 94 90:2317449:936:1:2696:8.98
31 79 24 36 94:2830959:1560:1:3217:5.39
55 5 104 88 36:1670858:816:1:3889:10.3
23 31 104 67 97 36 94 90:4206662:1736:1:2344:4.85
12 79 67 41 97 36:1260981:656:1:3529:12.81
6 23 31 120 104 67 36:1068074:476:1:3042:17.64
119 79 71 97 36 90:1502245:808:1:2694:10.4
23 57 120 104 88 56 71 41 38 97 90:1145304:360:1:2692:23.31
120 41 38 90:2438716:1840:1:2394:4.57
128 120 56 67 38 97 94:2094272:1152:2:2203:7.3
42 55 88 67 97 94:1055389:600:1:2753:14.0
121 9 57 38 97 36 94 90:1263217:756:1:3351:11.12
31 104 71 94 90:3554164:2080:1:1825:4.04
120 88 79 56 97 36 94 90:1828892:768:1:2082:10.94
23 5 88 67 41 90:1415552:760:1:2409:11.06
11 88 56 67 38 97 36 94 90:1250859:504:1:2609:16.67
11 23 31 1 88 71 41 38 36:1150769:352:1:2609:23.84
122 88 71 67 97 94 90:1349504:676:1:3278:12.43
53 57 56 41 38 97 94 90:1082383:528:1:2720:15.91
13 79 97 94:1265773:1216:1:1921:6.92
57 31 104 88 41 38 90:1561104:680:1:2393:12.36
23 120 104 79 71 67 41 94 90:1133555:412:1:2394:20.38
23 1 88 71 41 38 36 90:3345564:1216:1:2130:6.92
120 88 79 24 38 97 36 94 90:1581503:552:1:3010:15.22
42 120 79 38 36 94:2055416:1144:1:2754:7.35
121 128 6 31 1 38 36 94:1014815:446:2:3041:18.83
5 88 79 24 67 36 94 90:1668041:624:1:2249:13.47
6 57 71 67 41 97 36:1839749:900:1:3041:9.34
6 104 56 41 38 36 94 90:2165028:1008:1:3041:8.34
57 120 104 56 71 41 90:2225534:936:1:2692:8.98
31 104 88 71 67 90:1921368:856:1:1833:9.82
13 5 71 38 36 90:1133478:532:1:2857:15.79
31 1 79 24 36:3348452:1528:1:3217:5.5
16 23 57 120 104 56 41 38 97 36 90:1074912:336:1:2736:24.97
128 79 56 71 38 36 94 90:1700764:720:1:2227:11.67
55 104 88 36 94 90:3534644:1648:1:2753:5.1
42 2 120 88 24 67 97 36:1583618:528:1:3906:15.91
6 31 1 71 41 38 90:2242342:992:1:3041:8.48
9 31 79 24 97 36:1382927:660:1:3625:12.73
23 5 104 88 79 38 36:1587636:736:1:2609:11.42
57 5 120 56 67 38 36 90:1075510:468:1:2840:17.94
23 5 79 41 97 36:1469364:784:1:2832:10.72
42 5 24 36 90:1745719:856:1:3073:9.82
68 41 97 36 94:1146000:656:1:3269:12.81
42 128 2 120 79 24 38 97 94 90:1186239:368:1:3906:22.81
12 31 88 71 41 36:1020557:428:1:3813:19.62
6 31 120 67 38 36 94 90:1138611:504:1:2410:16.67
57 31 71 41 38 36 94 90:4558359:1832:1:2393:4.59
9 5 31 67 97 36 94 90:1415737:598:1:3193:14.05
31 1 88 79 97 36 94 90:3725219:1360:1:2976:6.18
77 5 38 97 36 94:1341086:792:1:2189:10.61
13 1 79 41 90:1125810:576:1:2137:14.59
86 128 56 71 38 97 36 94:1603282:720:1:2210:11.67
11 23 67 36 94:2186335:1592:1:2129:5.28
6 57 120 71 67 41 38 97 36 94:1221583:450:1:3042:18.66
23 5 120 56 41 38 36 90:1211871:504:1:2832:16.67
23 120 104 88 71 36 94 90:1784217:672:1:2394:12.51
12 79 24 71 36 90:1410320:640:1:2105:13.13
16 23 57 104 56 36 94:1173748:672:1:2736:12.51
42 120 67 36 90:2479569:1292:1:2754:6.51
6 31 1 79 71 41 38 36 90:1017073:336:1:3041:24.97
13 5 31 1 71 67 38 90:1052603:372:1:2857:22.56
42 2 104 71 67 97 36 94:1194514:456:1:2753:18.42
88 79 24 71 38 36 90:1033584:408:1:3009:20.58
42 120 88 97 36 94 90:2951304:1256:1:2754:6.7
23 5 104 88 71 41 38 97 36:1797534:616:1:2836:13.64
11 23 1 67 36 94:2674014:1424:1:2137:5.91
6 23 57 120 71 67 36 94:1096934:542:1:2946:15.5
119 104 71 67 38 97 36 94 90:1176944:468:1:2755:17.94
11 23 5 31 71 67 38 36 90:1345826:472:1:2865:17.79
42 55 79 71 67 97 94:1161789:570:1:2753:14.74
23 57 41 38 36 94 90:3738205:2120:1:2393:3.97
128 5 120 67 38 97 36 94 90:1645778:588:2:2178:14.29
128 120 41 36 94:2142768:1080:2:3024:7.79
6 23 104 56 71 67 38 97:1589405:900:1:3041:9.34
13 100 36 94 90:1762692:1232:1:3625:6.83
57 88 56 67 41 38 97 94 90:1565314:720:1:2696:11.67
88 79 24 71 67 97 36 94:1735403:652:1:2009:12.89
77 128 71 67 97 94:1244884:648:1:2221:12.97
16 88 79 71 41 97 36 90:1019763:368:1:2740:22.81
