5 88 71 67 97 36 94 90:2994331:1180:1:1775:7.13
120 79 71 97 36 90:2555364:1196:1:1347:7.03
6 67 38 97 36 90:2257979:1504:1:1889:5.59
11 120 38 97 90:2564015:1724:1:1458:4.88
79 67 38 97 36 90:4025226:2352:1:1313:3.58
31 1 88 79 67 36:2538333:1072:1:1828:7.84
12 88 79 97 36 94:2632833:1544:1:1985:5.45
88 71 97:2800829:2824:1:1345:2.98
1 71 36 94 90:6082595:3348:1:1897:2.51
11 120 38 97 36 94 90:3595516:1724:1:1458:4.88
5 88 67 38 36 94 90:2417956:1184:1:1540:7.1
12 88 79 90:2128489:1764:1:1985:4.77
13 67 36 90:2307288:1488:1:1897:5.65
24 97 94 90:5205421:4488:1:1729:1.87
67 41 36 90:5440631:3528:1:1825:2.38
31 36 94 90:4967442:3608:1:1785:2.33
12 88 79 36 94:2622807:1764:1:1985:4.77
88 71 38:2028977:2312:1:1361:3.64
79 41 36 94:4035516:3080:1:1827:2.73
11 41 38 36 94:3316411:2140:1:1809:3.93
31 1 88 36:3915767:2160:1:1826:3.89
12 71 36 94 90:2433948:1580:1:1989:5.32
31 104 36 94:3319130:2240:1:1825:3.76
104 71 67 36 94:5344766:3136:1:1817:2.68
67 41:2653827:3720:1:1825:2.26
1 79 71 67 36 90:3956895:1754:1:1921:4.8
88 79 24 36 94:3657128:2080:1:1729:4.04
88 71 97 90:3726173:2824:1:1345:2.98
