23 57 120 67 41 97 36 94 90:2419376:936:1:2696:8.98
57 104 36 94:2927035:2432:1:2105:3.46
104 88 71 36:3624430:2128:1:1817:3.95
23 5 104 71 67 41 38 90:2841135:1172:1:2621:7.17
120 104 56 71 67 41 36 94:2478939:900:1:2700:9.34
31 1 41 38:3197658:2160:1:2177:3.89
57 31 120 71 41 38 36:2353648:952:1:2394:8.83
5 31 1 38 97 36 90:2235912:920:1:3000:9.14
23 104 79 41 38:2267413:1672:1:2393:5.03
23 57 120 104 71 94 90:2206323:1120:1:2394:7.51
55 5 97 36:2023607:1408:1:2881:5.97
57 104 71 41 97:3093791:1872:1:2692:4.49
1 97 36 90:5797787:3768:1:2544:2.23
23 1 79 67 38 94 90:2380643:1408:1:2131:5.97
23 57 120 104 56 67 41 97:2113675:936:1:2696:8.98
128 120 38 97 36 94:3305322:1760:1:2178:4.78
23 104 79 67 38 36 94:3219983:1784:1:2393:4.71
23 31 1 88 71 41 38 36 90:2248639:704:1:2177:11.94
11 31 1 71 41 36 94 90:3025612:976:1:2609:8.61
1 88 79 71 67 41 36 90:3427794:1112:1:2001:7.56
11 23 1 41 90:2512648:1424:1:2137:5.91
31 104 67 41 38 90:4125781:2024:1:2393:4.16
120 71 94:2134281:2292:1:1347:3.67
23 5 71 67 41 38 97 90:2551185:1156:1:2844:7.27
23 57 5 104 71 36 94 90:2370232:1000:1:2613:8.41
128 11 31 1 38 36 90:2526291:916:1:2740:9.18
5 79 67 97 94 90:2377938:1548:1:1766:5.43
57 5 104 67 41 38 36:2142387:952:1:2617:8.83
23 104 79 56 97 36 94 90:2039567:960:1:2688:8.76
55 79 67 38 36 94 90:2783852:1400:1:2753:6.01
23 31 104 71 67 41 38 94 90:4845496:1832:1:2393:4.59
5 1 88 71 41 36 90:2555734:896:1:2841:9.38
79 71 41 38 97 36 94:2507642:1232:1:2692:6.83
57 120 38 36 94 90:2957514:1792:1:2394:4.69
6 31 1 71 67 41 90:2720493:1120:1:2209:7.51
88 79 24 67 97 90:2110310:1064:1:1737:7.9
23 120 104 71 67 41 97 36 94 90:2927621:900:1:2700:9.34
1 79 71 67 41 36 90:4159323:1544:1:1993:5.45
88 24 67 36 94:2510431:1424:1:1737:5.91
23 1 88 67 41 36 94:3244547:1408:1:2130:5.97
31 1 71 41 94:4892367:2608:1:1969:3.23
23 1 79 67 38 36:2480868:1408:1:2131:5.97
23 104 79 71 67 38 94 90:3059656:1520:1:2393:5.53
57 56 71 38 97 94:2172610:1872:1:2692:4.49
23 31 120 71 41 94 90:2148806:952:1:2394:8.83
23 104 88 71 41 38 36 94 90:3727527:1336:1:2393:6.29
23 57 5 104 67 41 38 97 36 94:2521291:936:1:2840:8.98
31 88 36 94:3200834:2240:1:1817:3.76
23 104 88 67 38:2323038:1784:1:2393:4.71
57 67 38 36:2170527:2072:1:2393:4.06
31 1 71 67 97 36 94 90:5785854:2098:1:2547:4.01
104 71 41 97 36:4736889:2384:1:2692:3.53
31 104 79 41 36 94 90:2420601:968:1:2177:8.69
88 79 71 41 94:2632087:1656:1:1828:5.08
6 41 38 97 90:2075575:1800:1:2593:4.67
23 57 120 56 71 41 38 36 94 90:2578838:936:1:2692:8.98
56 38 36 94:3300582:3744:1:2177:2.25
23 57 120 104 36 90:2330551:1192:1:2394:7.05
1 88 71 67 36 94:3731065:1736:1:1977:4.85
57 31 104 67 97 36 90:4113811:1736:1:2344:4.85
23 57 88 56 71 41 38 97 36 94 90:2077321:720:1:2692:11.67
23 5 104 88 71 36 90:2004596:808:1:2613:10.4
57 5 104 71 67 41 38 97 36 94 90:2976111:900:1:2844:9.34
57 104 56 71 67 38 36:3671208:1800:1:2700:4.67
6 31 104 71 67 38 90:2039828:996:1:2409:8.44
9 71 67 97 36 90:2321326:1241:1:2559:6.78
1 88 79 38 97 36 94:2179384:1040:1:2976:8.08
11 57 31 67 36 94 90:2055420:938:1:2609:8.96
5 31 1 71 36 94 90:3332287:1292:1:2761:6.51
31 1 79 97 36:3491315:1816:1:2544:4.63
23 31 67 41 38 94 90:3677254:2024:1:2177:4.16
23 31 120 104 67 38 36 94:2285688:952:1:2394:8.83
79 71 67 90:3246467:2570:1:1345:3.27
1 88 79 97 36 94 90:4967684:2160:1:2976:3.89
23 88 79 71 41 36 94:2187895:1000:1:2132:8.41
120 88 79 38 36 94 90:2140166:1008:1:1314:8.34
120 67 97 36 94:3411098:2228:1:1298:3.78
23 1 88 36 94 90:2880992:1504:1:2130:5.59
57 56 67 38 36 94 90:3099547:1872:1:2696:4.49
23 1 88 71 94 90:2366733:1312:1:2130:6.41
5 104 88 41 38 97 36 90:2153563:784:1:2832:10.72
11 23 57 31 67 41 38 90:2058678:916:1:2609:9.18
23 104 88 79 41 94:2232662:1288:1:2393:6.53
88 41 97 36 90:4826656:2592:1:2688:3.25
57 31 104 71 67 97:3349841:1736:1:2344:4.85
23 57 31 120 104 71 41 38:2401511:952:1:2394:8.83
5 71 38 90:2167875:1864:1:1525:4.51
23 57 31 120 104 71 67 41 36 94 90:3448251:952:1:2394:8.83
31 1 88 67 41 36 90:3891651:1360:1:1977:6.18
23 104 88 79 71 67 38 97:2256629:1032:1:2700:8.15
5 104 67 36 94:2893104:1752:1:2409:4.8
31 120 1 67 38 97 36 94:2408218:936:2:2976:8.98
23 57 120 104 67 38 36 94:2173625:1024:1:2394:8.21
23 57 104 71:2281489:2080:1:2121:4.04
120 104 56 71 97 36 94 90:2662975:1032:1:2692:8.15
23 56 41 38 94 90:2555525:2016:1:2688:4.17
128 11 31 1 67 38 94:2104753:912:1:2976:9.22
23 57 31 104 71 41 90:4243347:1832:1:2393:4.59
57 120 104 71 41 38 36 94:2636261:1024:1:2394:8.21
23 5 1 71 67 41 90:2842919:1200:1:2833:7.01
55 104 88 71 67 38 94:2203331:1064:1:2753:7.9
11 23 57 31 104 71 67 97 94:2191010:868:1:2609:9.68
1 88 79 67 97 90:3251785:1648:1:2976:5.1
23 57 104 56 71 67 36 90:4484736:1896:1:2700:4.44
23 57 31 120 71 67 90:2044882:952:1:2394:8.83
23 57 120 67 38 36 94 90:2072111:1024:1:2394:8.21
128 11 97 36 94 90:2917662:1432:1:2609:5.87
57 56 67 41 94 90:2786089:1872:1:2696:4.49
23 67 41 97 36 94:4260958:2576:1:2696:3.27
11 57 31 104 71 67 36 94 90:2777934:920:1:2609:9.14
23 31 104 79 71 67 41 38 36 90:2228360:680:1:2393:12.36
23 57 5 41 97 36 94 90:2229253:1008:1:2832:8.34
23 104 88 79 41 38 97 36 90:3308006:1184:1:2688:7.1
128 71 36 94 90:4198410:2304:1:2081:3.65
120 104 71 67 38 94:2119610:1212:1:2394:6.94
42 2 120 38 97:2861503:1936:1:2754:4.34
5 31 71 97 90:2077019:1212:1:2761:6.94
5 71 67 41 38 36 94:2659385:1236:1:2401:6.8
23 88 79 41 36 90:2704349:1336:1:2132:6.29
57 120 104 71 41 38 97 94 90:2483830:936:1:2692:8.98
120 88 71 38 36 94 90:2480138:1104:1:1363:7.62
104 56 71 97 90:3035221:1968:1:2692:4.27
104 88 79 71 67 38 97 36 90:3578557:1224:1:2700:6.87
88 79 56 41 94:2044411:1504:1:2688:5.59
23 5 71 67 97 36 94:2570343:1332:1:2844:6.31
1 79 71 38 94 90:2233726:1312:1:2131:6.41
57 104 67 41:2597508:1976:1:2393:4.26
42 71 67 38 97 36 94 90:2047067:880:1:2753:9.55
13 23 31 1 67 41 38 36 94 90:2057515:632:1:2465:13.3
23 31 1 88 71 38 36 94 90:2012967:704:1:2177:11.94
23 5 104 71 67 41 38 94 90:2969903:1172:1:2621:7.17
42 120 71 97 36 94:2561290:1268:1:2754:6.63
11 57 31 104 71 67 94 90:2318079:920:1:2609:9.14
31 79 71 36 90:3028237:1572:1:1849:5.35
42 2 71 97 36:2381646:1320:1:2753:6.37
23 5 104 56 71 67 41 38 90:2330630:900:1:2844:9.34
88 79 71 67 41 97 94:2151105:1032:1:2700:8.15
11 23 31 104 71 38 90:2009977:916:1:2609:9.18
13 31 1 71 97 36 90:2197920:776:1:2545:10.83
23 71 38 97 94 90:3355689:2640:1:2692:3.19
23 5 67 41 38 97 94 90:2480017:1288:1:2840:6.53
57 120 104 56 71 67 41 97 36 94 90:3132071:900:1:2700:9.34
31 1 79 71 97 36 94 90:3346664:1220:1:2545:6.89
23 120 104 67 41 38 36 94 90:2799085:1024:1:2394:8.21
23 31 1 88 71 67 41 90:2020082:704:1:2177:11.94
104 88 71 67 41 38 97 36 94:3307167:1160:1:2700:7.25
57 5 104 67 36:2021415:1192:1:2617:7.05
23 57 31 71 38 36 94 90:3949661:1832:1:2393:4.59
23 104 88 79 67 38 97:2332435:1296:1:2696:6.49
23 104 88 38 97 36 90:3801637:1824:1:2688:4.61
23 104 56 71 67 36 90:4172700:1896:1:2700:4.44
6 1 71 67 41 36:2312170:1072:1:2209:7.84
11 57 31 1 71 67 90:2206204:889:1:2609:9.46
5 104 56 67 38 36 94 90:2104154:936:1:2840:8.98
23 120 38 97 36 94 90:2051841:1136:1:2688:7.4
42 2 71 67 97 36 94 90:2246884:888:1:2753:9.47
57 1 71 36 94:3116817:1892:1:2322:4.45
57 5 104 71 67 97 94:2195545:1140:1:2844:7.38
2 120 38 36 90:4776211:2800:1:2754:3.0
57 120 104 71 67 41 38 36 94:2814988:988:1:2394:8.51
104 71 97 36 94 90:6013390:3032:1:2344:2.77
23 5 67 41 38 97 36 90:2984987:1288:1:2840:6.53
23 56 41 38 97 94 90:3002137:2016:1:2688:4.17
5 41 38 97 36:3224452:2008:1:2832:4.19
88 71 67 38 94:2550360:2024:1:1361:4.16
120 56 71 67 36 94 90:3137145:1428:1:2082:5.89
23 31 104 88 67 41 38 36 90:2047567:680:1:2393:12.36
23 57 120 56 67 36 94 90:2143789:1032:1:2696:8.15
128 38 97:2416988:2912:1:2177:2.89
11 23 1 41 36:2758645:1424:1:2137:5.91
31 120 71 67 36 90:2407297:1018:1:2325:8.26
57 120 56 71 67 38 97 36 90:2339681:900:1:2700:9.34
23 57 104 67 38 36:3145230:1976:1:2393:4.26
23 5 71 36 94 90:2567675:1448:1:2401:5.81
23 104 79 71 67 41 38 94:2675144:1264:1:2393:6.65
23 120 71 67 38 97 36 94 90:2550399:1028:1:2700:8.18
79 71 41 97 36 94:3355424:1744:1:2692:4.82
13 31 1 71 67 90:2239678:948:1:2135:8.87
23 120 67 36 94 90:2176372:1248:1:2394:6.74
57 31 120 104 71 67 41 38 94 90:2983314:952:1:2394:8.83
2 5 36 94:2162123:1704:1:2881:4.94
55 104 67 97 36 94 90:2827719:1256:1:2753:6.7
104 56 41 97 36:3551802:2016:1:2688:4.17
23 88 71 67 36 90:3400914:1720:1:2121:4.89
23 57 31 67 41:2618117:1832:1:2393:4.59
23 88 41 38 97 94 90:2647411:1568:1:2688:5.36
57 104 71 67 41 38 36 94 90:5245095:1904:1:2393:4.42
57 31 104 71 67 41 38 36:5046174:1832:1:2393:4.59
57 104 67 41 38 94:3032454:1976:1:2393:4.26
23 5 104 71 38 97 90:2548970:1320:1:2836:6.37
13 38 36 90:2512713:1812:1:1993:4.64
23 104 79 67 41 38 97 94:2789866:1424:1:2696:5.91
57 120 71 41 38 94 90:2031118:1024:1:2394:8.21
31 88 67 36 90:3046183:1584:1:1817:5.31
9 31 71 97 36:2113174:1234:1:2557:6.81
23 88 79 71 97 90:2052950:1208:1:2344:6.96
31 1 88 79 67 36 94 90:3008757:1072:1:1828:7.84
57 5 56 71 67 36 94 90:2137719:948:1:2844:8.87
23 88 67 38 90:2260636:1880:1:2130:4.47
104 88 41 38 97 94:2645605:1568:1:2688:5.36
23 5 104 71 41 36:2669392:1208:1:2613:6.96
23 57 31 120 104 41 36 90:2713304:952:1:2394:8.83
23 5 1 71 67 41 38 36 90:3574361:1200:1:2833:7.01
104 88 71 38 36 90:3825539:1784:1:2393:4.71
57 104 71 67 41 97 36 90:4966472:1800:1:2700:4.67
1 67 38 97 94:3101328:2576:1:2976:3.27
42 2 79 38 97 94 90:2190852:1248:1:2753:6.74
5 104 71 67 41 97 36 90:3382790:1156:1:2844:7.27
6 31 1 71 41 36 94 90:3314534:1200:1:2209:7.01
128 5 1 67 36 94:2044480:936:1:3000:8.98
57 56 71 38 36 90:3108379:1872:1:2692:4.49
5 71 97 36 94 90:4026713:2148:1:1748:3.92
88 71 41 36 90:4244762:2088:1:1826:4.03
6 31 1 79 41 36 90:2142364:848:1:2211:9.91
5 120 38 94 90:2063548:1560:1:1514:5.39
77 56 67 38 97 36 94 90:2178986:1008:1:2219:8.34
11 23 57 31 67 41 94 90:2054998:916:1:2609:9.18
23 57 5 104 56 67 41 36:2259991:936:1:2840:8.98
23 5 104 88 71 38 36 94 90:2049839:760:1:2613:11.06
9 1 71 67 36 90:2523196:1181:1:2329:7.12
31 104 79 71 67 41 38 36 94:2004398:680:1:2393:12.36
23 57 71 41:2175286:1976:1:2393:4.26
6 71 67 38 97 36 90:2274956:1204:1:1889:6.98
31 104 88 71 67 41 36 94 90:2471538:752:1:2177:11.18
23 104 88 67 38 97 94 90:3291793:1680:1:2696:5.01
20 31 1 71 67 41 36 94 90:2052617:624:1:2360:13.47
31 79 71 36:2515867:1572:1:1849:5.35
104 88 79 94:2671085:2224:1:1817:3.78
23 104 67 38 94 90:4012329:2936:1:2393:2.87
23 104 56 41 97:2770389:2016:1:2688:4.17
57 120 104 67 97 94 90:2227939:1128:1:2696:7.45
5 88 79 67 36 94 90:2976375:1352:1:1338:6.22
20 120 56 97 36 94 90:2406806:1152:1:2345:7.3
56 71 97 94:2952030:3344:1:1537:2.52
67 94 90:3660543:5124:1:1297:1.64
104 88 71 41 38 36 90:3438579:1336:1:2393:6.29
57 31 120 104 71 67 36 94 90:2925285:952:1:2394:8.83
57 31 104 36:2857762:1856:1:2177:4.53
23 57 71 67 97 36 94 90:3985134:1904:1:2344:4.42
23 57 31 120 104 71 41 36:2763914:952:1:2394:8.83
57 31 104 71 67 36:4052349:1840:1:2177:4.57
23 5 104 67 97 36 94:2896453:1464:1:2840:5.74
5 104 88 71 67 38 36 90:2347982:852:1:2621:9.87
23 57 71 67 41 36 94:3772925:1904:1:2393:4.42
31 71 67 36:3957788:2474:1:1825:3.4
23 57 5 104 56 71 41 97 36:2580354:936:1:2836:8.98
5 31 1 71 67 38 90:2422933:1024:1:2833:8.21
23 57 104 79 56 67 41 38 97 36 90:2160977:720:1:2696:11.67
23 104 88 67 97 36 94 90:4191511:1784:1:2344:4.71
120 79 67 38 97 36 94 90:2324068:1040:1:1314:8.08
23 31 120 104 67 38 36 94 90:2604930:952:1:2394:8.83
23 1 79 71 67 41 94:2525763:1216:1:2131:6.92
13 71 38 97 90:2053412:1376:1:2345:6.11
128 11 71 67 36 90:2225540:936:1:2609:8.98
11 23 57 31 71 38 36 94:2013763:916:1:2609:9.18
55 104 88 79 67 97 94 90:3025798:1256:1:2753:6.7
57 31 120 1 71 67 97 36 90:2865238:882:2:2547:9.53
57 56 97 94 90:2095423:2112:1:2688:3.98
