21 148 11 6:5171901:4294:1:1899:230.5
69 64 11:2770774:2949:1:2382:335.59
334 329 339 338 324 6:3999661:2508:1:2692:394.58
2 148 218 11 6:6230443:4915:1:2739:201.38
212 7 11:3046294:2932:1:2993:337.54
215 7 11 6:5678980:4953:1:1582:199.84
329 332 331 339 11:4609020:2632:1:2490:376.0
540 1 6:2444826:4011:1:2624:246.76
237 148 6:3128196:3791:1:2336:261.08
28 32 897 7:3592498:2957:1:2621:334.69
69:6241860:22631:1:437:43.74
438 135 11:3192324:3249:1:2864:304.62
521 218 1 6:2275619:2595:1:2988:381.36
4 3 11 6:14584791:11494:1:799:86.12
73 11:4756268:7255:1:1166:136.44
531 148 6:2078946:2706:1:2891:365.72
512 148 1 11:2583674:3883:1:1999:254.89
333 332 330 331 339 338 11 6:6094177:2647:1:2490:373.87
357 11 6:4791475:6232:1:1375:158.83
333 330 331 339 11 6:3982149:2685:1:2457:368.58
25 90 11 6:3630446:3493:1:2648:283.34
438 218 11:3357541:6112:1:1776:161.95
28 32 7 1:3412557:2926:1:2943:338.23
1132 148 218 11:2939277:3357:1:2657:294.82
69 148 11 6:5268617:5658:1:1458:174.94
86 27 11:5892181:4501:1:1898:219.9
897 3 6:3817938:5776:1:1607:171.37
215 205:2243557:5832:1:1455:169.72
329 332 331 11 6:4245678:2671:1:2490:370.51
339 11:2830466:4744:1:2128:208.64
1518 1519:2232681:2721:1:2539:363.7
1956 27 11 6:5742063:3739:1:2564:264.71
970 6:2120639:4855:1:1739:203.87
7 1 11 6:19889431:18035:1:536:54.89
303 1 3 11 6:2945222:3162:1:2953:312.99
7 218 11:12611119:14307:1:769:69.19
332 330 331 339:3851618:2928:1:2490:338.0
229 25 218 6:2543149:3077:1:2126:321.64
333 329 332 330 331 339 11:5422003:2475:1:2720:399.84
28 32 7 3 11 6:5898667:3238:1:2892:305.65
364 218 6:2574827:6675:1:1460:148.29
333 329 331 338 324 6:4298072:2607:1:2457:379.6
27 7 148:11044866:8346:1:984:118.61
334 330 331 338:2642964:2674:1:2457:370.09
330 338 6:2724005:3295:1:2226:300.36
2817 27 7:3523743:2793:1:2960:354.33
77 148 218 3:2856979:3999:1:1920:247.5
281 3 11 6:2773720:2805:1:2625:352.82
1019 148 218:2240177:2715:1:2713:364.51
334 333 332 330 338:3425287:2606:1:2490:379.75
40 77 6:2418700:5484:1:1461:180.49
148 6:24930865:64750:1:204:15.29
364 155 11:2559099:2729:1:2573:362.64
135 1 6:6571874:8548:1:1047:115.8
512 11 6:5471605:11049:1:1055:89.59
135 7 11:5550829:4214:1:2284:234.88
333 329 332 330 339:4248509:2583:1:2490:383.13
