104 41 97 36 94:4641663:2720:1:2688:3.09
1 71 41:4368649:3312:1:1969:2.54
88 71 67 97 36 90:4775812:2280:1:1345:3.69
23 57 31 104 71 67 38 94:3726040:1832:1:2393:4.59
23 57 104 56 71 67 38 97 36:4266032:1800:1:2700:4.67
57 31 71 67 41 36:4043360:1832:1:2393:4.59
23 104 88 79 67 41 38 36 94 90:3374993:1144:1:2393:7.35
57 104 56 67 41 38 94 90:3812893:1872:1:2696:4.49
120 90:3132840:4064:1:1026:2.07
23 57 71 41 38 36:3378363:1976:1:2393:4.26
97 36 94 90:8758936:7568:1:584:1.11
104 88 41 36 90:4076059:1960:1:2089:4.29
55 104 88 79 71 67 36 94 90:3819408:1240:1:2753:6.78
57 104 41 38 97 94 90:3663724:2016:1:2688:4.17
57 104 56 71 41 38 97 90:4235750:1872:1:2692:4.49
23 57 104 56 71 67 41 97 36 94 90:5656556:1800:1:2700:4.67
23 104 36 94 90:4713735:3184:1:2121:2.64
23 104 56 67 41 38 97 36 90:4847874:1872:1:2696:4.49
23 104 67 38 97 36 90:5613483:2832:1:2696:2.97
23 1 71 38 36 90:4768272:2464:1:2129:3.41
11 120 36 94 90:3159990:1804:1:1458:4.66
23 57 31 67 41 38 36 90:4345627:1832:1:2393:4.59
88 71 41 38 36 90:3064492:1432:1:2130:5.87
23 56 67 41 97 36 94 90:4024738:1872:1:2696:4.49
23 57 104 56 71 67 41 38 36 94 90:5458670:1800:1:2700:4.67
11 23 1 71 67 41 36 94 90:3753239:1232:1:2137:6.83
128 31 1 67 97 36 90:4889964:1776:1:2976:4.74
31 104 71 67 94:3309999:2008:1:1825:4.19
42 120 24 38 97 94:3304622:1880:1:3010:4.47
104 67 97 90:4315031:3416:1:2153:2.46
23 31 1 67 41 90:4080059:1952:1:2177:4.31
67 41 36 94:4652149:3528:1:1825:2.38
1 88 79 71 67 41 36 90:3427794:1112:1:2001:7.56
128 67 38 36 94:3216766:2160:1:2177:3.89
57 104 56 67 97 36 94 90:4323725:1968:1:2696:4.27
104 56 67 97 94 90:3025064:1968:1:2696:4.27
31 71 67 41 36 94:5057877:2352:1:1825:3.58
104 56 71 67 97 36 90:4384926:1896:1:2700:4.44
128 31 38 36 94 90:3614570:1816:1:2177:4.63
57 31 1 36 94 90:3768726:1848:1:2305:4.55
23 57 31 120 104 71 67 36 94 90:3027819:952:1:2394:8.83
41 97 36 94:6375969:5040:1:2688:1.67
88 24 97 36:3532762:2224:1:1729:3.78
23 104 79 41 97 36 94:3266265:1568:1:2688:5.36
42 2 120 97 36 94:3906028:1984:1:2754:4.24
128 31 1 38 36 90:4229654:1784:1:2738:4.71
23 104 56 71 41 97 36:4229905:1872:1:2692:4.49
23 104 71 67 38 94:3800963:2672:1:2393:3.15
31 104 71 97 90:3684458:2024:1:2161:4.16
42 2 38 36 90:3472922:2112:1:2753:3.98
31 104 41 94:3040466:2136:1:2177:3.94
23 56 71 41 97 90:3102012:1872:1:2692:4.49
1 88 79 97 94 90:3892328:2160:1:2976:3.89
71 38 97 90:4085759:3888:1:1361:2.16
57 31 71 67 97 36:3486510:1754:1:2344:4.8
23 1 88 67 41 36:3095223:1408:1:2130:5.97
31 1 88 24 90:3115354:1456:1:3217:5.78
23 104 56 71 41 38:3092502:1872:1:2692:4.49
23 104 79 67 41 36 94 90:3755431:1528:1:2393:5.5
5 104 71 67 36 90:3610610:1596:1:2413:5.27
23 31 1 67 41 36 94:4605218:1952:1:2177:4.31
1 67 38 90:3607349:2992:1:2129:2.81
31 67 97 94 90:3344442:2428:1:2344:3.46
104 41 97 36 94 90:5543901:2720:1:2688:3.09
104 36 94 90:5179896:3776:1:1817:2.23
6 38 97 36 94 90:3338243:2520:1:1889:3.34
57 104 71 67 94:3016096:2200:1:2121:3.82
56 71 41 38 36 94 90:3827231:1872:1:2692:4.49
23 88 71 67 38 36 94 90:3550755:1616:1:2130:5.2
23 67 38 36 94:3439104:3128:1:2129:2.69
23 1 88 67 41 38 36 94 90:3864683:1408:1:2130:5.97
23 57 104 71 97 36 94 90:4455613:1976:1:2344:4.26
5 1 71 67 97 36 90:3378318:1334:1:2761:6.3
128 97 36 94:4102715:3104:1:2081:2.71
23 31 1 71 36 90:4419095:1952:1:2177:4.31
57 104 71 67 36:3863856:2200:1:2121:3.82
1 88 79 41 36 90:5507364:2288:1:2001:3.68
104 71 38 97 90:4500340:3024:1:2501:2.78
5 24 36 94:3021984:2124:1:2241:3.96
57 31 71 67 41 38:3336538:1832:1:2393:4.59
23 31 104 71 67 38 94:3423988:1832:1:2393:4.59
11 31 1 71 67 41 36 94 90:3293857:976:1:2609:8.61
104 71 67 97 36 94:5702344:2960:1:2344:2.84
23 38 36 94 90:3793091:3272:1:2129:2.57
5 67 41 97 36 90:3222488:1544:1:2840:5.45
104 67 97 36 90:5680289:3224:1:2344:2.61
88 71 67 41 38 97 36 90:3062211:1160:1:2700:7.25
