4 7:6998907:6693:1:1528:147.89
86 83 27 6:6653839:4684:1:1835:211.31
334 333 329 332 330 331 339 324:5309387:2423:1:3303:408.42
90 218 6:7195609:10093:1:886:98.08
329 332 330 331 339 338 324 11 6:7244716:2591:1:2490:381.95
334 332 331 339 338 324 6:5096000:2731:1:3085:362.37
205 3 11 6:6833767:6883:1:1495:143.81
218 3:14886655:38673:1:294:25.6
333 329 331 339 338 324 11 6:5667151:2520:1:2720:392.7
897 7 11 6:11380367:9853:1:1128:100.47
205 3:5201714:9415:1:1427:105.14
329 332 331 339 324 11:5167906:2624:1:2490:377.14
87 27 11:11628945:10610:1:840:93.3
136 11 6:13009627:16962:1:580:58.36
83 7 1 11 6:6393944:4829:1:1836:204.97
56 3 11:5144243:5842:1:1225:169.43
55 7 11 6:6299310:4084:1:2486:242.35
329 332 324 11 6:4059282:2648:1:2490:373.73
354 11 6:4159270:4760:1:1636:207.94
64 148 218 1 11 6:5871704:4839:1:2004:204.55
86 27 7 3 6:4950030:2374:1:3998:416.84
364 11:4545477:10372:1:914:95.44
87 27 7 218:4518993:3191:1:2502:310.15
86 85 7 1 11 6:4538605:2115:1:3093:467.86
215 205 11 6:4151622:5035:1:1455:196.58
747 229 11:4681726:3692:1:2976:268.08
27 218 3 11 6:7022247:5098:1:1646:194.16
526 529 1518 1519 525 6:4093769:1867:2:3427:529.98
303 3 6:4512104:8189:1:1262:120.88
155 3 11 6:5408460:4252:1:2084:232.78
205 27 11 6:13658548:11323:1:714:87.43
4 3 11:14191544:12872:1:799:76.91
4 27 3 6:3236413:2094:1:3712:472.55
32 27 7 1 11 6:4445598:2119:1:3544:466.98
28 32 7 11 6:10655061:7153:1:1425:138.38
86 27 7 3:4633855:2416:1:3998:409.6
86 83 27 7 11 6:8573432:3813:1:2024:259.57
28 32 897 27 7 11 6:4614207:2100:1:3542:471.21
4 7 11:5821901:4400:1:1862:224.95
85 7 1:3337858:2742:1:2741:360.92
1025 11 6:4509185:5819:1:1843:170.1
4 27:5662896:5398:1:1548:183.37
1956 205 27 3:3271276:1988:1:3736:497.74
27 218 1:4628586:6463:1:1222:153.16
138 1 11 6:5469794:9028:1:1620:109.65
329 330 331 324:3483393:2883:1:2197:343.27
83 64 7 11 6:3237228:2018:1:3446:490.34
86 85 83 3 11:4225962:2251:1:3439:439.61
529 1518 1519 525 528 514 11 6:4665367:1810:2:3651:546.66
269 148 11:3334707:5063:1:1900:195.5
276 897 27 11 6:4667221:2742:1:2721:360.92
334 333 329 330 338 324:3777906:2455:1:3303:403.1
334 333 329 330 338:3263649:2471:1:3303:400.49
278 897 27 7 6:3771185:2208:1:3141:448.17
332 330 331 339 338 11 6:6007132:2808:1:2490:352.44
86 87 7:3835314:2927:1:2736:338.12
229 25 11 6:3570881:3428:1:2108:288.71
504 218 11:3091966:5646:1:1316:175.31
