57 31 104 41 38 36 94 90:4686704:1848:1:2377:4.55
1 88 36 94 90:5349043:2960:1:1826:2.84
88 79 67 97 36 94:4333631:2464:1:1297:3.41
128 31 1 67 97 90:4007775:1776:1:2976:4.74
79 67 41 36 94 90:4373140:2280:1:1827:3.69
67 41 36 94:4652149:3528:1:1825:2.38
31 1 71 67 97 94 90:4743699:2098:1:2547:4.01
23 57 104 41 38 36 90:4433169:2120:1:2393:3.97
104 71 38 97 94 90:4526582:2832:1:2692:2.97
31 1 71 97 94 90:4704100:2372:1:2545:3.55
104 56 67 41 38 97 36 94:4222546:1872:1:2696:4.49
23 57 31 71 41 36 94 90:4554351:1832:1:2393:4.59
31 1 88 71 41 36 90:4045113:1360:1:1977:6.18
57 104 71 67 41 97 36 90:4966472:1800:1:2700:4.67
57 41 38 36 90:5312450:3432:1:2377:2.45
120 36 94 90:5443227:3968:1:1026:2.12
23 104 71 41 38 36 94:5204702:2488:1:2393:3.38
104 71 67 41 38 97 36 94:5736490:2312:1:2700:3.64
120 36 90:5008811:3968:1:1026:2.12
31 1 71 67 41 36:5783260:2280:1:1969:3.69
1 71 67 36 90:5958601:3002:1:1897:2.8
23 31 104 71 41 36 94 90:5051243:1832:1:2393:4.59
88 79 41 36 94 90:5358212:2648:1:1828:3.18
71 67 41 36 94:5019022:2936:1:1825:2.87
104 88 79 71 36 90:4023586:1744:1:1817:4.82
104 71 41 38 36:4662894:2488:1:2393:3.38
23 104 67 41 97 94:4090824:2576:1:2696:3.27
31 104 71 41 36:4359681:1976:1:2177:4.26
