4 7:6998907:6693:1:1528:147.89
86 83 27 6:6653839:4684:1:1835:211.31
334 333 329 332 330 331 339 324:5309387:2423:1:3303:408.42
90 218 6:7195609:10093:1:886:98.08
329 332 330 331 339 338 324 11 6:7244716:2591:1:2490:381.95
334 332 331 339 338 324 6:5096000:2731:1:3085:362.37
205 3 11 6:6833767:6883:1:1495:143.81
218 3:14886655:38673:1:294:25.6
333 329 331 339 338 324 11 6:5667151:2520:1:2720:392.7
897 7 11 6:11380367:9853:1:1128:100.47
205 3:5201714:9415:1:1427:105.14
329 332 331 339 324 11:5167906:2624:1:2490:377.14
87 27 11:11628945:10610:1:840:93.3
136 11 6:13009627:16962:1:580:58.36
83 7 1 11 6:6393944:4829:1:1836:204.97
56 3 11:5144243:5842:1:1225:169.43
