104 88 79 67 41 94:2448334:1288:1:2089:6.53
13 11 23 31 1 71 41 36:1017466:316:1:2897:26.55
12 55 104 88 71 67 94:1233399:568:1:2817:14.79
6 11 104 71 67 97 36:1127415:497:1:2346:16.9
53 23 57 104 71 41 97 36 94 90:1535996:480:1:2724:17.5
11 23 57 31 120 71 67 41 36:1478317:476:1:2610:17.64
13 79 71 38 97 36 94:1196961:584:1:2369:14.39
5 31 120 1 71 67 36 94 90:1524712:462:2:2761:18.18
23 31 120 104 79 67 41 36 94:1111275:376:1:2394:22.32
11 57 120 104 71 67 90:1138676:476:1:2610:17.64
6 79 56 71 36 90:1377471:808:1:1705:10.4
77 128 11 71 67 97 36 94 90:1029674:324:1:2621:25.9
119 88 79 71 67 36:1349226:680:1:2175:12.36
53 79 41 36 90:1277700:632:1:1831:13.3
57 5 104 88 71 38 36 90:1232014:472:1:2613:17.79
23 120 79 41 36 94 90:1116494:520:1:2394:16.15
57 88 67 97 90:1390847:1016:1:2344:8.28
23 57 31 120 71 67 41 94 90:2568524:952:1:2394:8.83
57 31 120 104 71 38 36 94 90:2768196:952:1:2394:8.83
23 57 104 56 71 67 41 94:3759618:1800:1:2700:4.67
9 57 31 67 97 94:1217800:882:1:2558:9.53
11 23 31 120 104 67 41 36:1418434:476:1:2610:17.64
1 79 71 41 36 94:4112794:1872:1:1993:4.49
57 5 56 71 67 41 38 94 90:2084796:900:1:2844:9.34
120 104 79 71 41 38 97 36:1004826:360:1:2692:23.31
31 120 67 41 36 94:2086262:952:1:2394:8.83
57 104 71 41 97:3093791:1872:1:2692:4.49
104 88 56 71 41 38 97 90:1758840:720:1:2692:11.67
2 88 79 38 94:1375671:1144:1:2753:7.35
11 31 1 88 67 41 38 36:1073335:352:1:2609:23.84
53 23 104 88 71 67 41 38 94 90:1090019:352:1:2397:23.84
23 88 79 71 36 94:2395370:1360:1:2121:6.18
128 11 31 120 1 67 38 94 90:1391254:456:2:2976:18.42
5 104 79 56 71 67 38 97 36 94 90:1006167:324:1:2844:25.9
16 23 57 56 71 67 41 38 36 94:1517592:600:1:2748:14.0
57 104 41 97 36:3550425:2016:1:2688:4.17
11 23 31 104 88 71 67 41 36 94 90:1285983:340:1:2609:24.68
23 57 120 67 36:1644800:1120:1:2394:7.51
5 67 38 94:1590024:1936:1:1537:4.34
11 23 31 71 41 38 94 90:2339355:1012:1:2609:8.31
23 57 31 104 79 38 94:1115522:680:1:2393:12.36
53 56 71 67 41 38 97 36 94:1234168:456:1:2732:18.42
42 55 104 88 71 97 94:1267579:552:1:2753:15.22
57 120 104 67 41 36 90:2635885:1024:1:2394:8.21
11 57 104 71 36 94 90:2125604:920:1:2609:9.14
12 104 79 71 97 94 90:1323516:672:1:2817:12.51
23 120 71 38:1196754:1152:1:2394:7.3
23 104 71 67:3338653:2776:1:2121:3.03
53 128 67 97 36 90:1116042:476:1:2982:17.64
11 57 71 67 38 36 90:1973094:916:1:2609:9.18
6 23 104 67 38 97 36:1978932:1160:1:2696:7.25
42 5 79 38 36 94 90:1170173:576:1:2881:14.59
11 5 71 97 36 90:1652834:774:1:2773:10.86
12 79 71 94:1299191:1316:1:1989:6.39
11 71 94:1626535:1850:1:1843:4.55
57 5 88 36 90:1167720:688:1:2609:12.21
42 55 2 104 79 67 97 36 94 90:1461466:456:1:2753:18.42
23 88 79 71 90:2011489:1360:1:2121:6.18
23 57 104 88 56 71 67 97 36 90:2184351:744:1:2700:11.3
23 104 79 71 41 38 94 90:2903278:1336:1:2393:6.29
23 31 104 88 71 97 36 90:1631735:584:1:2344:14.39
57 104 79 56 71 97 94 90:1689684:816:1:2692:10.3
57 120 104 79 67 36 90:1519203:640:1:2394:13.13
5 79 71 67 41 97 36:1705594:708:1:2844:11.87
23 57 31 120 104:1506431:952:1:2394:8.83
21 104 79 71:1021210:648:1:2785:12.97
6 41 38 97 94 90:2209702:1752:1:2688:4.8
5 31 1 88 71 38 36 90:1101788:368:1:2841:22.81
120 104 79 67 38 97 36 94 90:1562548:584:1:2696:14.39
23 1 88 71 67 94:2299417:1312:1:2130:6.41
23 57 31 104 79 71 67 36 94:1848182:688:1:2177:12.21
16 23 104 56 41 38 97 94:1260791:672:1:2736:12.51
42 2 79 36 94 90:2582489:1352:1:2753:6.22
20 11 31 1 71 67 38 36 94 90:1041300:312:1:2753:26.89
42 12 88 71 67 97 36 90:1028335:380:1:2817:22.09
31 104 79 97 36 94 90:1572588:680:1:2344:12.36
5 56 71 41 36:2162405:1192:1:2836:7.05
119 5 88 79 71 97 36 94 90:1213358:452:1:2838:18.58
6 31 120 71 36 90:1085539:504:1:2363:16.67
23 120 104 88 56 71 36 90:1240519:456:1:2692:18.42
9 31 1 71 97 36 94 90:3255928:1234:1:2557:6.81
53 31 1 71 67 36 90:1770706:602:1:2177:13.96
57 5 31 67 94:1169195:892:1:2761:9.42
23 79 56 71 41 38:1054446:720:1:2692:11.67
2 88 71 67 38 36 94 90:1715693:712:1:2753:11.8
2 120 88 79 71 97 90:1210487:512:1:2754:16.41
57 5 104 79 71 41 38 97 36 94 90:1185521:360:1:2836:23.31
5 120 56 38 94:1245256:1080:1:2403:7.79
5 104 56 67 36 94:1776120:984:1:2840:8.54
119 88 79 71 67 38 36 90:1134819:468:1:2755:17.94
42 2 120 38 36 94 90:4243679:1936:1:2754:4.34
23 120 88 71 41 38 36:1048271:448:1:2394:18.74
11 104 88 97 94 90:1603855:868:1:2344:9.68
53 23 1 71 67 36 90:1885073:720:1:2133:11.67
31 1 88 41 36 90:5191669:2016:1:1977:4.17
55 88 79 71 36 94 90:3238978:1360:1:2753:6.18
57 5 120 71 67 41 38 36 90:1361450:458:1:2622:18.34
42 104 88 71 67 97 36 90:1891529:648:1:2753:12.97
57 31 120 71 67 41 38:2148334:952:1:2394:8.83
5 79 24:1289984:1176:1:2241:7.15
57 104 67 41 97:2878866:1872:1:2696:4.49
6 104 67 38 97 36 94:2036462:1192:1:2696:7.05
23 57 31 120 104 79 67 41 90:1072838:376:1:2394:22.32
128 11 31 120 67 90:1065152:456:2:2976:18.42
31 104 79 38 36:1365740:776:1:2393:10.83
21 55 104 88 71 67 36 94 90:1689306:516:1:2785:16.28
119 104 88 90:1128315:864:1:2755:9.73
5 104 88 79 71 67 38 97 90:1769726:644:1:2844:13.05
42 120 88 79 71 67 36 94:1305999:476:1:2754:17.64
23 5 120 71 41 97 36 94:1182001:468:1:2836:17.94
16 23 57 56 67 38 36 94:1058524:624:1:2744:13.47
57 120 104 71 41 94 90:2364882:1024:1:2394:8.21
11 57 31 71 90:1595800:938:1:2609:8.96
2 5 88 71 36 90:1203513:536:1:2881:15.67
23 104 71 38 97 36 94 90:5824935:2640:1:2692:3.19
50 2 97 36 94 90:1200212:640:1:2773:13.13
23 31 104 71 67 36 90:4564180:1840:1:2177:4.57
23 57 31 36:2229146:1840:1:2177:4.57
23 57 88 71 38 97 94 90:1290293:720:1:2692:11.67
42 2 120 67 38 97 94 90:2273140:1040:1:2754:8.08
23 57 5 120 104 56 71 67 41:1241747:450:1:2844:18.66
11 31 1 88 71 67 41 38:1039406:352:1:2609:23.84
57 31 1 71 67 97 36 94:4517499:1746:1:2547:4.82
88 94 90:3813696:4640:1:1297:1.81
79 56 71 67 97 36 94 90:2715554:1216:1:1561:6.92
23 120 104 79 56 38 97 36 94:1003258:432:1:2688:19.44
23 57 120 104 67 97 36 94 90:2649421:1032:1:2696:8.15
20 128 71 38 90:1193139:720:1:2347:11.67
23 57 31 120 104 88 71 67 36 94 90:1335714:376:1:2394:22.32
23 5 1 79 67 41 36 94:1736038:688:1:2857:12.21
23 57 5 67 41 97 94 90:1860916:936:1:2840:8.98
12 104 71 38 90:1205973:820:1:2817:10.25
12 5 79 67 97 94 90:1024842:584:1:2505:14.39
104 88 71 67 41 38 97 36 90:3565299:1160:1:2700:7.25
53 57 31 104 67 36 94:1217318:496:1:2177:16.93
13 128 97 90:1326895:880:1:2465:9.55
128 120 79 71 38 97 36:1156239:480:2:2178:17.5
50 56 71 41 90:1036372:608:1:2708:13.82
6 23 104 88 41 38 97 90:1094048:528:1:2688:15.91
120 104 56 71 67 94 90:2136624:996:1:2700:8.44
21 104 88 97 94 90:1172897:600:1:2785:14.0
23 38 94 90:2159528:3272:1:2129:2.57
42 55 67 36 90:1192833:636:1:2753:13.21
16 57 56 71 41 38 97 36 90:1612550:624:1:2740:13.47
57 31 104 71 97 36 94:3924855:1736:1:2344:4.85
77 120 88 56 36 90:1189046:528:1:2227:15.91
57 5 104 56 71 41 36 94:2370096:936:1:2836:8.98
23 31 104 79 71 67 94:1390073:688:1:2177:12.21
50 23 57 56 97 36 94 90:1115753:560:1:2704:15.0
23 31 120 71 67 41 38 36 94:2663444:952:1:2394:8.83
23 5 104 79 56 38 97 36 94 90:1112744:432:1:2832:19.44
11 23 104 88 79 71 38 36:1364392:532:1:2401:15.79
20 11 120 71 38 97 36 94 90:1002631:360:1:2754:23.31
11 23 88 79 71 36 90:1322821:560:1:2129:15.0
16 104 56 38 97 36:1142217:672:1:2736:12.51
16 88 56 71 41 36 94:1099773:496:1:2740:16.93
86 128 38 36:1335681:1008:1:2181:8.34
23 57 104 88 56 71 38:1252232:720:1:2692:11.67
55 2 104 88 79 71 36 90:1573138:528:1:2753:15.91
2 104 88 71 67 38 97 36 90:1247436:424:1:2753:19.8
128 120 71 67 38 97 36:2562085:1056:2:2178:7.96
122 36 94 90:2906801:2404:1:2089:3.5
11 23 120 104 71 67 41 38 36 94:1497686:476:1:2610:17.64
11 31 71 41 36 90:2514722:1012:1:2609:8.31
50 23 57 56 67 41 38 97 36 90:1297071:480:1:2712:17.5
13 128 120 56 97:1030390:576:2:2466:14.59
55 2 104 88 71 67 38 36 90:1308980:424:1:2753:19.8
6 1 88 79 71 41 36 94:1022275:384:1:2212:21.86
128 1 88 97 36 90:1715163:720:1:2976:11.67
42 2 5 88 71 38 36 94 90:1050235:368:1:2881:22.81
128 31 120 67 38 97 90:2054995:888:2:2976:9.47
128 5 31 1 67 38 94 90:2288013:888:1:3000:9.47
57 5 120 104 71 41 38 36:1331737:476:1:2614:17.64
11 23 1 71 41:2253053:1232:1:2137:6.83
23 5 120 104 56 67 36 94:1215542:516:1:2840:16.28
11 57 31 104 71 67:1914381:920:1:2609:9.14
42 55 2 97 36 90:1053550:496:1:2753:16.93
5 120 56 71 67:1028788:642:1:2403:13.09
119 104 88 79 71 67 38 97 36 94:1332861:468:1:2755:17.94
120 71 38 36 94:3242919:2112:1:1363:3.98
13 23 31 1 71 67 41 38 90:1917788:632:1:2465:13.3
50 57 104 71 41 90:1024409:480:1:2708:17.5
31 1 88 79 71 67 90:1803661:696:1:2001:12.07
88 56 71 67 41 90:1778435:904:1:2700:9.3
55 88 67 38 97 36 94 90:2787988:1200:1:2976:7.01
55 2 104 79 71 94 90:1167606:528:1:2753:15.91
119 104 79 71 38 97 94 90:1013775:504:1:2755:16.67
2 104 88 79 67 38 90:1197152:568:1:2753:14.79
11 5 67 41 36:1344902:696:1:2865:12.07
119 104 79 71 36 90:1296165:624:1:2755:13.47
55 88 79 71 38 94:1835138:1112:1:2753:7.56
11 23 31 104 71 41 38 36 94:2666798:916:1:2609:9.18
11 23 5 1 38 94:1067313:696:1:2865:12.07
23 5 88 79 71 67 41 38 97 94 90:1140889:388:1:2844:21.63
23 5 79 67 41 38 36:1546267:760:1:2425:11.06
13 128 56 71 38 36 90:1773263:720:1:2465:11.67
5 31 88 94:1269161:1000:1:2361:8.41
23 31 120 104 67 38:1715279:952:1:2394:8.83
119 104 88 71 94 90:1127241:624:1:2755:13.47
13 128 71 67 38 97 36 90:1810206:648:1:2465:12.97
23 5 79 71 38 97:1067801:744:1:2836:11.3
31 71 41 36:4736665:2680:1:1825:3.14
119 71 97 36 94:1111130:808:1:2694:10.4
55 5 38 97:1400130:1336:1:2881:6.29
12 2 67 38 36 94 90:1477574:788:1:2817:10.67
57 5 120 71 38 97 36 94:1157460:516:1:2836:16.28
23 120 56 67 41 97 36 90:2320717:936:1:2696:8.98
57 5 71 67 38 36:1781121:1012:1:2621:8.31
120 56 71 67 38 97 90:2572448:1332:1:2178:6.31
12 104 88 79 71 38 36 90:1658700:628:1:2817:13.38
23 104 79 67 41 94 90:2981566:1528:1:2393:5.5
23 57 120 79 56 71 36 94 90:1113674:456:1:2692:18.42
21 104 67 38 97 36 94 90:1144703:464:1:2792:18.1
42 2 120 88 79 38 97 94:1362018:608:1:2754:13.82
6 23 57 120 104 67 36:1098351:560:1:2946:15.0
53 23 31 104 71 41 36 90:1546771:488:1:2397:17.21
23 104 67 38 36 90:5166931:2936:1:2393:2.87
55 104 88 71 36 94:2889288:1312:1:2753:6.41
57 5 120 67 36 90:1282819:632:1:2372:13.3
11 57 104 79 71 67 41 38 36 94 90:1142015:340:1:2609:24.68
23 5 88 79 71 67 38 36 94 90:1544464:548:1:2433:15.33
119 104 88 97 36 90:1466808:720:1:2755:11.67
23 5 104 41 36 94:2655746:1376:1:2609:6.11
11 23 57 120 71 67 41 38 36 90:1483439:476:1:2610:17.64
53 23 79 67 36 94 90:1243006:592:1:2121:14.19
21 55 104 88 71 67 36 94:1518438:516:1:2785:16.28
11 23 31 104 67 36 94:2061434:920:1:2609:9.14
23 57 31 104 79 71 67 38 36 94:1901584:680:1:2393:12.36
23 57 31 120 104 71:1876283:952:1:2394:8.83
120 104 88 67 94:1319911:816:1:2394:10.3
6 31 79 67 41 94 90:1201527:628:1:2211:13.38
57 5 120 104 71 67 41 97 36 94:1488726:450:1:2844:18.66
23 56 71 38 97 90:2487742:1872:1:2692:4.49
11 23 71 41 38:1818691:1268:1:2137:6.63
11 23 1 88 41 38 90:1804912:800:1:2138:10.51
6 11 120 38 97 90:1112779:714:1:2322:11.77
6 23 57 56 71 67 97 36 94:1882188:948:1:2945:8.87
23 57 120 104 56 67 97 36:2369009:1032:1:2696:8.15
16 57 5 104 71 67 97 36 94 90:1090829:364:1:2892:23.06
57 5 104 88 56 41 38 36:1079099:432:1:2832:19.44
57 5 120 41 38 97 94 90:1791412:828:1:2832:10.15
6 104 38 97 36 90:2095554:1264:1:2688:6.65
42 55 104 88 79 67 97 36:1574955:552:1:2753:15.22
23 57 104 88 79 56 71 36 90:1166321:432:1:2692:19.44
11 120 104 71 38 36 90:1371321:540:1:2402:15.56
23 57 120 104 56 71 67 41 36 94 90:3025551:900:1:2700:9.34
23 5 79 67 38 97 36 94 90:1893161:840:1:2840:10.01
53 23 57 104 71 97 36 94 90:1430965:520:1:2344:16.15
23 57 79 67 36 94 90:1615060:928:1:2121:9.06
6 31 79 71 41 94 90:1272011:628:1:2211:13.38
23 57 97 90:1750356:2120:1:2344:3.97
11 5 1 79 36 94 90:1034597:428:1:2377:19.62
128 88 71 67 94:1539799:936:1:2081:8.98
53 57 31 67 36 94:1072457:532:1:2177:15.79
2 104 88 71 67 38 36 90:1344546:496:1:2753:16.93
88 79 24 71 36 94:2507632:1160:1:2009:7.25
20 11 120 56 38 90:1008041:576:1:2754:14.59
9 31 1 79 71 36 90:1893223:730:1:2353:11.51
6 1 88 97 94:1256336:1000:1:2976:8.41
21 55 104 67 97 36 90:1193142:456:1:2785:18.42
1 79 94:2637431:3032:1:1827:2.77
31 120 88 67 38 36 90:1102509:448:1:2394:18.74
13 71 67 41 36 94 90:1736636:696:1:2135:12.07
42 2 79 71 67 97 36 94 90:1881745:672:1:2753:12.51
23 120 104 79 36 94 90:1596199:744:1:2394:11.3
2 5 88 38 97 90:1114219:656:1:2881:12.81
11 23 71 67 38 90:2228532:1396:1:2137:6.02
23 57 31 104 71 38 90:3638657:1832:1:2393:4.59
11 104 67 41 36 90:3231914:1364:1:2401:6.17
11 57 31 104 88 71 67 97 36 94 90:1060901:292:1:2609:28.72
120 71 97 94 90:3275683:2204:1:1347:3.82
13 56 38 97 36:2078518:1440:1:2465:5.84
23 57 104 79 71 41 36 94 90:2242878:824:1:2393:10.2
104 88 79 71 97 94:2706611:1496:1:2344:5.62
13 31 1 88 36 90:1368465:528:1:2136:15.91
6 1 88 79 90:1294948:840:1:2212:10.01
121 128 31 38 36:1442530:896:2:2739:9.38
53 57 104 56 71 67 41 38 36 94:1408209:456:1:2732:18.42
16 23 57 104 56 71 41 38 36 90:1816886:624:1:2740:13.47
42 5 71 67 97 90:1068287:550:1:2881:15.27
23 5 120 71 67 41 97 36:1214771:450:1:2844:18.66
16 57 56 71 38 36 94:1054462:624:1:2740:13.47
42 12 2 88 71 97 36:1064941:440:1:2817:19.08
23 57 5 67 41 38 97 94:1650526:936:1:2840:8.98
42 2 79 97 36:2285551:1352:1:2753:6.22
57 5 104 56 71 41:1803879:936:1:2836:8.98
55 88 79 36 94:2899485:1744:1:2753:4.82
11 1 71 38 94:1842205:1232:1:2137:6.83
50 6 41 97 36 94:1090307:640:1:2704:13.13
53 128 1 67 38 97 36:1161467:444:1:2982:18.91
11 23 57 31 104 79 71 67 41 90:1093736:340:1:2609:24.68
13 5 67 36 94 90:1295565:652:1:2761:12.89
57 120 71 36 94 90:2395942:1252:1:2323:6.72
42 5 88 79 71 67 97 90:1143492:436:1:2881:19.26
42 55 2 71 67 97 94 90:1097648:456:1:2753:18.42
5 120 71 67 90:1511548:856:1:1550:9.82
97 94 90:5006386:7568:1:584:1.11
6 57 104 56 97 90:1450191:1056:1:2945:7.96
23 57 104 79 41 38 94 90:1889650:968:1:2393:8.69
6 23 57 120 56 71 97 94 90:1027410:516:1:2946:16.28
23 5 1 79 71 67 41 36 90:1855721:592:1:2857:14.19
122 6 97 36 94 90:1359861:912:1:2688:9.22
23 57 5 120 41 97 36:1100333:504:1:2832:16.67
120 104 38 97:1596592:1328:1:2497:6.33
5 1 79 41:1961638:1296:1:2857:6.49
11 56 71 38:1360323:1296:1:2609:6.49
57 104 56 71 67 41 38 97 36 94 90:5660830:1800:1:2700:4.67
50 23 57 104 56 71 41 38 36 94:1349631:480:1:2708:17.5
53 57 104 56 71 67 41 38 36 94 90:1562481:456:1:2732:18.42
53 128 1 38 36 94 90:1165491:452:1:2744:18.58
16 71 36 94:1342607:1072:1:2237:7.84
42 55 104 88 79 71 67 97 90:1699819:552:1:2753:15.22
42 2 79 67 38 90:1338747:784:1:2753:10.72
20 31 41 38 90:1026082:624:1:2360:13.47
42 79 71 67 36 94 90:1993690:882:1:2753:9.53
50 71 41 97 36:1172417:608:1:2708:13.82
53 57 104 56 71 67 41 38 97 36 94:1507209:456:1:2732:18.42
11 23 31 104 71 97 36 94:2245938:868:1:2609:9.68
1 71 41 38 36 90:5584824:2464:1:2129:3.41
16 104 41 97 90:1152030:672:1:2736:12.51
12 79 71 90:1586149:1316:1:1989:6.39
11 23 88 79 71 67 36:1295475:560:1:2129:15.0
86 128 56 38 97 36 90:1776383:864:1:2210:9.73
9 31 1 71 36 94:2724471:1306:1:2329:6.44
13 5 71 97 36:1105614:584:1:2761:14.39
12 104 88 71 38 36:1281417:628:1:2817:13.38
11 23 57 31 38 94:1196987:916:1:2609:9.18
53 23 104 79 71 67 41 38 97 36 90:1060491:296:1:2732:28.34
53 57 104 56 67 36:1043287:512:1:2728:16.41
42 5 88 71 97 36:1200154:544:1:2881:15.44
13 11 23 1 41 36 90:1116133:412:1:2143:20.38
23 5 1 71 41 36 90:3119449:1200:1:2833:7.01
120 88 56 71 38 97 36 90:1999544:792:1:2178:10.61
53 23 31 104 71 67 97 36:1266738:440:1:2344:19.08
77 128 11 38 97 94 90:1064253:504:1:2621:16.67
53 104 79 41 38 97 36 90:1212545:432:1:2720:19.44
16 23 104 56 71 67 41 38 97:1460587:600:1:2748:14.0
119 104 88 71 67 36 90:1367049:552:1:2755:15.22
57 31 120 104 90:1723139:952:1:2394:8.83
11 23 31 120 41 36:1085521:476:1:2610:17.64
6 11 71 38 36:1010985:698:1:2321:12.04
104 88 56 41 38 97 36:1931555:864:1:2688:9.73
12 104 88 71 67 38 36:1282341:556:1:2817:15.11
6 57 120 104 56 67 36:1046468:516:1:2946:16.28
53 23 104 67 41 97:1332276:672:1:2728:12.51
121 5 1 67 36 90:1021262:516:1:2778:16.28
5 88 41 38 97 36 90:1810227:784:1:2832:10.72
53 57 71 38 36 94 90:1143050:536:1:2397:15.67
42 55 104 88 67 36 94:1356537:552:1:2753:15.22
1 88 79 71 38 94 90:1834487:880:1:2132:9.55
5 104 56 71 38 94:1442108:936:1:2836:8.98
128 5 31 1 38:1656358:890:1:2766:9.45
57 79 36 94:1386409:1336:1:2121:6.29
120 1 79 71 67 36 94:1132808:466:1:2325:18.02
42 2 71 36:2095166:1320:1:2753:6.37
11 88 56 71 67 36 94 90:1007755:396:1:2609:21.2
42 2 104 88 67 97 36 90:1297618:456:1:2753:18.42
57 104 79 56 71 67 41 38 90:1654002:648:1:2700:12.97
57 5 104 38 36 94 90:2222613:1124:1:2597:7.48
57 120 104 79 56 71 36 94 90:1263618:456:1:2692:18.42
23 120 79 71 36 90:1348554:672:1:2394:12.51
5 120 56 67 36 94:1452548:804:1:2403:10.45
16 104 56 71 38 97 36 90:1509671:624:1:2740:13.47
57 88 71 38 90:1252843:920:1:2393:9.14
11 23 31 120 104 41 36 94:1339729:476:1:2610:17.64
5 31 1 67 97 36 94 90:3202488:1188:1:2594:7.08
122 5 41:1107814:1072:1:2433:7.84
21 79 67 36 94:1323142:792:1:1929:10.61
5 31 1 88 71 67 41 36 94:1642410:488:1:2841:17.21
11 57 104 71 67 41 94:2010515:916:1:2609:9.18
5 31 120 1 71 67 36 90:1473696:462:2:2761:18.18
5 120 88 67 38 97 94 90:1007107:464:1:1763:18.1
11 31 104 88 71 41 36:1007023:340:1:2609:24.68
57 56 71 67 41 36:3475826:1800:1:2700:4.67
23 5 88 71 97 90:1399119:792:1:2836:10.61
88 79 56 71 94 90:1902979:1160:1:1569:7.25
53 57 104 56 71 67 97 94:1096430:488:1:2732:17.21
104 88 79 71 67:2799054:1600:1:1817:5.26
9 57 1 36:1234308:948:1:2556:8.87
50 5 31 1 36 94 90:1005927:390:1:2589:21.52
23 5 88 41 90:1323874:832:1:2409:10.1
23 57 31 79 38 94 90:1043404:680:1:2393:12.36
23 57 88 71 67:1114220:856:1:2121:9.82
119 5 104 88 79 67 36 90:1069371:396:1:2883:21.2
11 5 31 1 67 38 97 36 94:1302080:456:1:3000:18.42
5 104 79 71 41 38 97 36 90:1865131:616:1:2836:13.64
57 120 104 88 79 71 90:1072644:448:1:2394:18.74
23 56 41 38 97 36 94:3332956:2016:1:2688:4.17
23 57 31 71 41 36 94:3941403:1832:1:2393:4.59
11 57 120 1 71 36 94:1124463:458:2:2610:18.34
23 57 120 88 56 67 41 38 97 36 90:1122730:360:1:2696:23.31
23 104 79 71 41 36 90:3288061:1336:1:2393:6.29
11 5 1 79 41 36 94 90:1122274:392:1:2889:21.41
128 120 88 71 38 97 36 90:1371272:480:2:2178:17.5
121 128 67 36 94:1276430:888:2:2977:9.47
86 120 71 36 90:1354672:720:1:2208:11.67
11 120 88 38 97 36:1334316:664:1:1498:12.66
20 23 31 1 41 36:1429081:624:1:2360:13.47
57 5 120 56 41 97 36 90:1298452:504:1:2832:16.67
23 120 67 38 94:1190396:1152:1:2394:7.3
23 88 71 67 38 97 94 90:2712124:1416:1:2700:5.94
121 6 31 1 67 38 97 36 94:1044395:460:2:2977:18.26
50 23 67 97 36 94:1019102:640:1:2712:13.13
55 2 104 71 67 97 36 94:1181627:456:1:2753:18.42
13 11 31 1 67 41 38 36 94 90:1122049:316:1:2897:26.55
120 88 56 71 38 36 94:1651346:792:1:2178:10.61
79 41 97 36:3690966:2592:1:2688:3.25
42 12 2 120 88 36:1229939:544:1:2818:15.44
2 120 88 97 94:1814880:1232:1:2754:6.83
23 57 5 38 97 36 94 90:1891619:1008:1:2832:8.34
6 23 71 67 38 94 90:1580611:1144:1:2209:7.35
23 57 5 120 104 56 41 38 94:1164356:504:1:2832:16.67
6 88 67 97 90:1376459:1090:1:1521:7.71
16 104 71 67 41 94 90:1461053:644:1:2245:13.05
16 79 71 97 36 90:1187244:608:1:2740:13.82
121 31 1 67 38 94:1410242:952:2:2754:8.83
77 128 67 97 36 90:1626038:720:1:2221:11.67
23 104 97 36 94:4224497:3080:1:2344:2.73
5 104 38 97:1833624:1664:1:2689:5.05
6 11 23 1 41 38 90:1093105:568:1:2673:14.79
6 23 1 67 36 94:1673596:1088:1:2241:7.73
23 120 104 56 71 67 41 97:2237162:900:1:2700:9.34
88 79 71 38 36 94:2942445:1664:1:1361:5.05
11 1 88 79 67 97 94:1269451:592:1:2976:14.19
13 1 71 41 38 36 94 90:1780343:632:1:2465:13.3
21 104 88 79 71 67 38 97:1124020:440:1:2796:19.08
20 11 56 38 36 90:1304895:720:1:2753:11.67
23 57 79 56 67 41 97:1174040:720:1:2696:11.67
11 23 88 79 36 94 90:1566288:752:1:2129:11.18
57 5 1 71 36:1757214:940:1:2761:8.94
31 71 67 97 94 90:3722310:2106:1:2344:3.99
16 23 56 71 67 41 97 36 90:1623059:600:1:2748:14.0
57 88 71 41 97 36 94:1565496:720:1:2692:11.67
11 120 71 67 94:1204009:765:1:1843:10.99
77 128 120 67 97 36 94 90:1226297:432:2:2221:19.44
16 57 104 41 38 97 90:1336743:672:1:2736:12.51
16 23 57 56 41 38 36:1175550:672:1:2736:12.51
53 23 57 71 67 36 90:1267095:552:1:2121:15.22
53 128 31 1 67 38 36:1262303:444:1:2982:18.91
11 23 104 88 41 36 90:2037632:788:1:2401:10.67
57 5 104 56 71 67 41:1976056:900:1:2844:9.34
23 104 88 79 71 41 97:1894291:848:1:2692:9.91
16 71 67 38 97 36:1200533:680:1:2748:12.36
53 57 104 56 71 97 36 94:1265190:512:1:2724:16.41
6 1 38 90:1134030:1148:1:2185:7.32
5 104 88 79 67 41 38 36 94 90:1707528:536:1:2617:15.67
23 5 1 88 79 71 41 36 94 90:1291381:384:1:2865:21.86
53 128 31 1 94 90:1085316:452:1:2744:18.58
23 5 104 56 71 67 41 97 90:2433966:900:1:2844:9.34
16 79 56 67 41 97 36 94 90:1272685:496:1:2744:16.93
57 5 104 97 36:2052459:1248:1:2832:6.74
53 23 57 104 56 71 67 41 38 36 94 90:1612237:456:1:2732:18.42
104 56 36 90:3016322:2112:1:2688:3.98
6 31 88 79 97 36 94:1319513:666:1:2346:12.62
11 88 71 38 94:1350046:988:1:1851:8.51
21 79 71 36 94 90:1630505:776:1:1925:10.83
16 57 56 67 41 38 36 94 90:1475822:624:1:2744:13.47
51 128 31 1 38 36 94 90:1246509:444:1:2978:18.91
57 104 88 71 67 41 38 97 94 90:1829839:648:1:2700:12.97
13 120 56 71 90:1274345:720:1:2466:11.67
6 104 38 36 94:1602058:1320:1:2385:6.37
23 71 90:2522836:3040:1:2121:2.77
104 56 71 67 38 36 94:3570789:1800:1:2700:4.67
23 120 104 88 67 36 94:1485714:672:1:2394:12.51
50 23 104 71 38 94 90:1015934:544:1:2708:15.44
57 5 104 71 41 97 36 94 90:2740938:936:1:2836:8.98
57 5 104 88 67 97 90:1279313:600:1:2840:14.0
88 79 24 71 97 36 90:2645297:1016:1:2009:8.28
23 57 31 120 71 36 94:2034164:952:1:2394:8.83
42 104 88 79 67 97 36 94 90:1891000:648:1:2753:12.97
55 104 97 90:1974876:1448:1:2753:5.81
11 120 1 71 67 97 94 90:1165425:441:2:2610:19.04
23 5 71 41 90:2043257:1272:1:2401:6.61
128 5 1 97 94:1540843:936:1:3000:8.98
128 120 88 56 67 97 90:1209399:528:1:2211:15.91
23 88 71 41 38 97 36:2642389:1232:1:2692:6.83
128 1 88 38 97:1046778:624:1:2976:13.47
88 71 41 38 97 36:2507159:1232:1:2692:6.83
6 31 104 67 97 90:1672984:946:1:2251:8.89
57 120 79 41 38 36 94:1037801:520:1:2394:16.15
31 120 104 79 71 67 41 38 36 90:1342241:376:1:2394:22.32
23 57 71 67 41 97 36 94 90:4570960:1800:1:2700:4.67
121 128 31 1 38 94:1533594:896:2:2739:9.38
23 104 88 79 38:2017558:1544:1:2393:5.45
57 104 88 38 97 36:1728250:960:1:2688:8.76
53 57 104 56 38 97 36 90:1278710:528:1:2720:15.91
23 57 120 79 71 67 36 90:1238701:508:1:2394:16.53
5 120 71 67 41 38 36 90:1286810:458:1:2622:18.34
23 57 79 71 67 38 97 36:1320045:648:1:2700:12.97
5 88 79 71 67 41:1188516:572:1:2433:14.69
11 120 79 56 71 38 97 36 94 90:1042979:360:1:2610:23.31
6 31 71 67 38:1353339:1060:1:2209:7.93
57 5 120 1 71 97 36:1234318:492:1:2761:17.07
11 5 31 1 38 36 90:1284067:498:1:2609:16.87
50 23 56 41 38 97 36 94 90:1256999:528:1:2704:15.91
23 1 79 71 67 41 38 36 90:3545299:1216:1:2131:6.92
21 55 79 97 36 90:1043687:472:1:2785:17.79
53 23 104 79 67 38 36:1113393:504:1:2397:16.67
57 31 104 79 97 36 94 90:1443524:584:1:2344:14.39
23 120 41 94 90:1561378:1096:1:2394:7.67
23 5 104 71 41 97 94 90:2832401:1192:1:2836:7.05
23 120 104 71 41 38 97 36 90:2785605:936:1:2692:8.98
6 31 71 67 38 36 94 90:2251184:1012:1:2209:8.31
11 23 5 31 1 67 41 90:1329180:472:1:2865:17.79
53 31 104 71 67 97 36 94:1266748:440:1:2344:19.08
121 128 31 1 38 36:1887202:896:2:2739:9.38
23 57 120 71 67 36 90:2373435:1084:1:2394:7.76
42 55 104 71 67 97 94 90:1390834:552:1:2753:15.22
42 2 5 120 79 97 36:1123488:456:1:2882:18.42
86 77 56 97 36 90:1176166:624:1:2226:13.47
57 5 71 38 94:1157661:1048:1:2613:8.02
53 23 57 104 56 38 94 90:1017149:528:1:2720:15.91
77 128 71 97 36 94 90:1778527:720:1:2221:11.67
104 56 38 97 36 90:3559912:2016:1:2688:4.17
121 11 1 67 38 97 94 90:1094554:552:1:2977:15.22
23 57 5 104 71 67 38 94:1755364:916:1:2621:9.18
53 23 31 1 71 90:1279012:560:1:2177:15.0
23 57 5 120 71 67 90:1031967:506:1:2622:16.6
23 57 5 104 56 71 67 97 94:2082222:948:1:2844:8.87
53 23 5 71 67 41 38 36 94 90:1064958:340:1:2509:24.68
23 1 88 71 41 38 36 90:3345564:1216:1:2130:6.92
23 57 5 104 79 56 71 41 38 97 36 94:1167471:360:1:2836:23.31
57 120 104 71 67 38 97 36 90:2718932:948:1:2700:8.87
6 31 1 88 97 94:1457809:856:1:2976:9.82
42 12 2 88 71 38 97 36 94:1035192:392:1:2817:21.41
53 31 1 71 67 41 38 94 90:1740756:560:1:2177:15.0
42 2 67 38 90:1740093:1216:1:2753:6.92
128 11 5 38 97 36 94:1419274:664:1:2609:12.66
57 120 88 56 36 90:1029199:528:1:2688:15.91
23 5 56 71 97 36:1684443:984:1:2836:8.54
121 128 41 36:1616122:1088:2:2789:7.73
11 5 38 97 94 90:2020338:1360:1:1736:6.18
57 5 104 88 67 97 94:1148283:600:1:2840:14.0
2 5 88 79 94 90:1068581:608:1:2881:13.82
6 23 71 97 36:1411596:1114:1:2346:7.55
53 88 79 41 36 94:1120403:512:1:1832:16.41
13 11 71 67 97 36 94 90:1245733:466:1:1909:18.02
53 23 57 31 71 67 38 36 94:1284983:488:1:2397:17.21
53 23 5 104 71 67 41 36 94 90:1062545:308:1:2653:27.24
13 57 31 71 97:1004335:600:1:2545:14.0
31 38 97 36:2424954:1904:1:2312:4.42
53 1 67 38 90:1322834:764:1:2133:11.0
23 31 1 79 41 94 90:1539745:704:1:2177:11.94
23 57 88 56 67 36 94:1376004:816:1:2696:10.3
5 31 38 36 94:1506221:1012:1:2353:8.31
42 12 38 36:1272440:1040:1:2817:8.08
23 38 36:2350367:3272:1:2129:2.57
23 31 120 67 38 36 90:2089192:952:1:2394:8.83
128 5 71 67 97 36 94:2665941:1152:1:2129:7.3
128 5 31 1 67 97 94 90:2389057:888:1:3000:9.47
11 57 71 41 38 36 94:1920699:916:1:2609:9.18
11 104 79 71 36 94:1502438:728:1:2129:11.54
53 23 31 104 67 36 94:1185643:496:1:2177:16.93
23 104 79 56 41 97 94:1503879:864:1:2688:9.73
23 57 79 56 67 36 94:1291119:816:1:2696:10.3
88 79 71 67 41 38 97 36:2003545:776:1:2700:10.83
120 67 38 97 36 94:3365800:2048:1:1314:4.11
5 1 38:1306342:1404:1:2353:5.99
23 56 71 41 38 36 90:3826979:1872:1:2692:4.49
5 104 56 67 41 97 94 90:2166693:936:1:2840:8.98
23 31 120 88 71 41 38 36 94:1090212:376:1:2394:22.32
104 67:2602141:3664:1:1817:2.3
120 56 38 97 90:3476838:2736:1:2178:3.07
23 120 88 71 67 38 97 90:1013492:452:1:2700:18.58
23 31 120 104 79 67 41 38 36:1112617:376:1:2394:22.32
23 57 5 120 104 56 71 67 38 97 36 90:1563812:450:1:2844:18.66
16 88 79 56 67 41 36 94 90:1000377:368:1:2744:22.81
23 5 104 41 38 97 36 94:3076077:1360:1:2832:6.18
23 5 104 88 71 90:1599020:808:1:2613:10.4
11 23 57 31 104 79 71 67 41 38 90:1130754:340:1:2609:24.68
50 57 104 38 36 94 90:1131734:552:1:2704:15.22
16 23 57 104 67 38 97 94 90:1277920:624:1:2744:13.47
13 88 79 38 97 36:1051399:552:1:2377:15.22
11 120 97:1839162:1760:1:1458:4.78
6 57 104 94 90:1222491:1114:1:2945:7.55
53 23 5 104 67 41 36 94 90:1079645:352:1:2649:23.84
11 23 57 71 67 97 36:1777245:868:1:2609:9.68
12 104 79 71 67 38 94 90:1177998:556:1:2817:15.11
57 120 104 88 71 67 36 94 90:1806560:604:1:2394:13.91
79 71 67 36 94:3961871:2570:1:1345:3.27
23 120 104 79 56 71 67 97 36:1166485:420:1:2700:19.99
16 104 56 71 67 41 38 97 36:1687185:600:1:2748:14.0
23 57 120 79 71 67 41 36 94:1093390:412:1:2394:20.38
42 120 88 79 71 67 36 90:1411493:476:1:2754:17.64
12 24 36:1969630:1624:1:2105:5.18
2 120 88 79 71 97:1037435:512:1:2754:16.41
12 55 88 71 38 36:1057554:532:1:2817:15.79
16 67 41 38 36 94:1075290:632:1:2521:13.3
31 1 67 36:4738710:2788:1:1825:3.02
120 79 71 36 94 90:2597622:1284:1:1347:6.55
53 23 36 94 90:1515240:976:1:2121:8.61
104 88 79 71 67 41:2062569:952:1:2089:8.83
20 71 67 97 94 90:1305822:792:1:2345:10.61
23 57 104 71 67 97 94:3239932:1904:1:2344:4.42
50 57 104 71 67 41 38 97:1096267:456:1:2716:18.42
11 1 88 79 67 97 36 94 90:1762441:592:1:2976:14.19
20 71 38 97 36 94:1657177:1008:1:2345:8.34
57 104 79 71 67 36:2113501:1048:1:2121:8.02
5 31 79 41 36:1850725:944:1:2857:8.91
6 11 67 97 94 90:1056653:767:1:2321:10.96
21 104 88 79 71 67 36 94 90:1870225:588:1:2785:14.29
23 31 88 41 36 90:1700046:776:1:2177:10.83
119 5 88 79 97 36 94:1310605:664:1:2834:12.66
11 57 1 97 36:1599377:900:1:2609:9.34
23 120 88 36 94:1123027:744:1:2394:11.3
11 31 1 67 97 90:2000200:930:1:2609:9.04
5 79 56 71 67 41 36 90:1199953:452:1:2844:18.58
23 57 5 120 41 38 36 94:1116184:512:1:2610:16.41
55 120 38 97 36:1533218:928:1:2754:9.06
53 23 57 56 71 67 97 36 94:1188700:488:1:2732:17.21
23 5 104 71 67 41 94 90:2841623:1172:1:2621:7.17
21 55 67 97 36 90:1040217:472:1:2785:17.79
56 67 41 38 97 36 94:3404434:1872:1:2696:4.49
86 128 71 67 38 97 36 94 90:1731592:648:1:2210:12.97
42 2 120 88 71 97 36 94 90:2009633:656:1:2754:12.81
11 120 79 38 36:1206558:724:1:1514:11.61
53 57 104 56 38 36 94 90:1220952:528:1:2720:15.91
12 2 120 97 94:1466872:1120:1:2818:7.51
57 104 71 41 97 90:3717803:1872:1:2692:4.49
6 31 67 38 36 94 90:1901488:1036:1:2209:8.12
16 104 71 36 94 90:1653712:816:1:2237:10.3
23 57 104 56 71 97 90:3574192:1968:1:2692:4.27
23 5 104 79 71 67 41 38 94 90:1661886:596:1:2621:14.1
16 104 56 71 67 97 36 90:1556077:600:1:2748:14.0
6 31 67 38 97 36 94:1581778:920:1:2976:9.14
6 88 79 67 97 36 94:1498639:826:1:1545:10.18
57 5 104 79 97 90:1184820:672:1:2832:12.51
21 5 88 79 71 67 36 90:1014272:336:1:2509:24.97
12 2 88 79 67 38 97 36 94 90:1162422:428:1:2817:19.62
88 56 38 36 94:2163802:1728:1:2177:4.87
11 57 31 120 104 41 38 94:1184553:476:1:2610:17.64
23 57 31 67 36 90:3347377:1840:1:2177:4.57
120 104 67 94 90:2198889:1392:1:2394:6.04
13 79 38 97 36 94 90:1808390:912:1:2193:9.22
23 57 5 104 38 97 36:1883191:1008:1:2832:8.34
57 120 104 79 56 41 38 36 94 90:1263767:432:1:2688:19.44
11 57 31 104 88 71 38 36 94 90:1097635:340:1:2609:24.68
128 6 56 67 97:1228388:1008:1:2945:8.34
128 5 79 67 36:1124276:600:1:2129:14.0
6 23 104 88 79 67 97 36 90:1133898:442:1:2346:19.0
120 104 67 41 36 90:2465611:1024:1:2394:8.21
50 23 104 56 71 67 41 38 94 90:1251155:456:1:2716:18.42
23 57 5 104 41 97 36 90:2557791:1008:1:2832:8.34
21 88 67 94 90:1249179:792:1:1929:10.61
16 104 41 38 36:1189835:680:1:2513:12.36
16 5 71 41 97 36 90:1082011:440:1:2884:19.08
55 5 79 71 67 97 36 94 90:1725428:614:1:2881:13.68
53 57 104 41 38 94 90:1266998:600:1:2381:14.0
1 88 97 90:3613172:2544:1:2976:3.31
23 5 120 71 67 36:1157983:570:1:2622:14.74
12 67 36 94:1740150:1580:1:1993:5.32
23 57 104 79 56 71 67 41 36:1766549:648:1:2700:12.97
16 104 56 67 41 38 90:1276741:624:1:2744:13.47
23 57 120 104 79 36:1155615:616:1:2394:13.64
23 57 120 104 56 71 67 38 97:2085454:900:1:2700:9.34
20 1 71 41 38 36:1407747:624:1:2360:13.47
53 57 104 56 67 41 36 94 90:1405852:480:1:2728:17.5
6 31 88 36 90:1616105:942:1:2139:8.92
120 71 67 41 38 97 36:2137071:900:1:2700:9.34
2 71 67 38 36:1477806:928:1:2753:9.06
88 79 24 94 90:3323816:2080:1:1729:4.04
23 5 31 1 71 41 38 90:2507572:944:1:2833:8.91
21 55 88 71 67 97 36:1205387:456:1:2785:18.42
16 56 67 41 38 97 94 90:1209937:624:1:2744:13.47
53 23 79 41 97 36 90:1022841:432:1:2720:19.44
5 31 1 71 94:2269813:1292:1:2761:6.51
5 120 104 71 67 41 38 97 36 94 90:1615093:450:1:2844:18.66
23 5 104 88 56 67 41 97 36 94:1055213:360:1:2840:23.31
120 104 79 56 71 97 36 94 90:1288263:456:1:2692:18.42
128 31 120 38 97 36 90:2327042:920:1:2312:9.14
104 71 67 41 38:4296222:2608:1:2393:3.23
128 11 5 67 97 36 94 90:1327860:504:1:2609:16.67
16 67 38 36 94 90:1137430:712:1:2521:11.8
50 23 57 104 56 71 67 41 36 94:1356440:456:1:2716:18.42
23 5 104 79 56 71 97 36 90:1120674:408:1:2836:20.58
104 56 71 67 38 36:3374745:1800:1:2700:4.67
6 11 23 104 67 97 90:1069603:593:1:2346:14.17
57 104 88 71 67 38 36 90:2176367:848:1:2393:9.91
53 23 88 71 67 41 38 97 36 94 90:1001402:296:1:2732:28.34
42 55 104 88 79 67 94:1234728:552:1:2753:15.22
23 57 5 104 88 67 41 38 97 36 94:1094906:360:1:2840:23.31
56 41 38 97 94 90:2782381:2016:1:2688:4.17
119 88 79 71 38 97 36 94:1088746:504:1:2755:16.67
11 23 57 104 67 36 90:2019006:920:1:2609:9.14
50 57 104 56 71 36 94 90:1270046:512:1:2708:16.41
42 79 71 97 94:1535456:1116:1:2753:7.53
13 71 67 36 94:1895122:1100:1:1897:7.64
57 120 79 71 36 94:1247877:676:1:2323:12.43
13 31 1 36 90:2218579:1000:1:2113:8.41
11 23 79 41 36:1420320:836:1:2139:10.05
86 128 56 71 38 94 90:1331694:720:1:2210:11.67
31 120 104 79 71 67 38 36:1198481:424:1:2394:19.8
16 120 104 56 67 41 97 36 94 90:1001307:312:1:2744:26.89
23 104 56 38:1661537:2016:1:2688:4.17
23 57 120 104 88 56 41 38 36 94 90:1364350:432:1:2688:19.44
42 104 88 67 90:1177862:648:1:2753:12.97
86 120 71 97 36:1272394:720:1:2208:11.67
6 23 120 104 38 97 36 94:1117625:568:1:2688:14.79
5 67 41:1782545:1720:1:2401:4.89
20 120 56 67 97 90:1265077:720:1:2345:11.67
23 5 31 71 67 38 90:1873863:944:1:2833:8.91
55 104 94 90:2078569:1664:1:2753:5.05
23 5 1 88 71 67 41 38 94 90:1758339:592:1:2841:14.19
23 5 104 88 56 67 41 38 97 94 90:1032779:360:1:2840:23.31
57 5 120 41 97 36:1739329:828:1:2832:10.15
11 67 38 94 90:2498592:2068:1:1489:4.07
11 31 67 38 90:1627080:1060:1:2609:7.93
16 57 104 56 67 41 97 36 90:1753052:624:1:2744:13.47
88 79 71 67 41 38 36 94 90:2590413:928:1:2132:9.06
120 104 56 67 41 38 97 36 94 90:2833703:936:1:2696:8.98
11 31 104 79 67 41 36 94 90:1065033:340:1:2609:24.68
128 31 1 67 38 36:4102930:1776:1:2976:4.74
23 57 5 104 88 71 36 90:1107815:424:1:2613:19.8
31 120 104 71 67 41 38 94 90:2825481:952:1:2394:8.83
57 104 88 56 71 67 97 94:1572752:744:1:2700:11.3
56 67 41 38 97 94 90:3098890:1872:1:2696:4.49
2 5 120 79 38 97 36 94:1098860:480:1:2882:17.5
104 88 56 71:1103231:816:1:2692:10.3
2 5 120 38 36:1870863:1092:1:2882:7.7
120 88 79 71 36 94 90:2019116:840:1:1347:10.01
6 57 120 97 36 94 90:1637698:900:1:2946:9.34
12 88 79 71 67 97 36 90:2023679:782:1:1997:10.75
11 23 57 31 104 71 67 41 38 36 94:3068220:916:1:2609:9.18
5 67 97 36:2991263:2268:1:1760:3.71
20 128 67 38 97 36 94 90:1694367:720:1:2347:11.67
5 120 88 71 67 38 36 94 90:1057925:370:1:1553:22.68
57 120 104 88 79 67 36 94:1137331:448:1:2394:18.74
42 120 71 38 36:1965050:1088:1:2754:7.73
11 31 1 79 71 36 90:1037045:370:1:2609:22.68
23 5 88 79 71 41 38 97 94 90:1135288:424:1:2836:19.8
57 31 120 104 41 36 94:2394738:952:1:2394:8.83
128 6 120 67 97 36:1172223:588:1:2946:14.29
11 23 104 88 79 71 41 38:1012976:404:1:2401:20.78
128 88 79 67 36 94:1217155:600:1:2081:14.0
86 11 71 38 36 94 90:1029571:504:1:2613:16.67
53 23 57 31 104 67 36 94 90:1437418:496:1:2177:16.93
120 104 79 56 67 41 38 36 90:1053335:360:1:2696:23.31
23 5 79 67 41 38:1160824:760:1:2425:11.06
16 23 57 104 56 71 41 38 97:1446624:624:1:2740:13.47
77 120 56 67 38 97 94:1273043:720:1:2219:11.67
128 88 94 90:1570520:1200:1:2081:7.01
104 88 79 56 67 36 94 90:1046592:432:1:2696:19.44
5 31 1 67 36 90:3101896:1316:1:2353:6.39
2 120 38 97 36:4348870:2728:1:2754:3.08
42 5 88 79 71 36 90:1230668:472:1:2881:17.79
120 104 71 41 38 94:1964585:1024:1:2394:8.21
53 57 56 71 41 38 97 94:1008078:480:1:2724:17.5
6 11 1 67 38 94 90:1046852:592:1:2673:14.19
11 23 1 71 67 41 38 90:3136169:1232:1:2137:6.83
23 5 31 41 38 94:1460330:944:1:2833:8.91
128 56 71 67 38 94:2901542:1872:1:2203:4.49
20 31 1 38 90:1047163:624:1:2360:13.47
23 5 104 88 71 38 97 94:1552330:744:1:2836:11.3
23 57 120 104 56 67 41 90:2216285:936:1:2696:8.98
53 31 1 71 67 97 36:1273439:450:1:2547:18.66
23 57 120 71 38 36 94:1848451:1024:1:2394:8.21
5 120 104 56 71 67 41 94:1169312:450:1:2844:18.66
11 1 79 67 38 36:1729621:848:1:2139:9.91
20 120 97 36 90:2087124:1152:1:2345:7.3
6 23 120 104 56 97 36 94 90:1296304:552:1:2946:15.22
120 104 56 71 67 38:1637786:900:1:2700:9.34
23 57 5 120 67 36 94:1000854:524:1:2618:16.03
57 120 104 56 71 67 41 38 36 90:2931189:900:1:2700:9.34
128 79 56 71 67 38 94 90:1385213:648:1:2227:12.97
57 31 104 88 38 94:1112126:680:1:2393:12.36
5 1 88 71 67 36 94:2046785:824:1:2841:10.2
23 57 104 67 90:2734901:2080:1:2121:4.04
16 23 56 67 97 36 94:1026650:624:1:2744:13.47
6 23 56 97 36 90:1451357:1056:1:2945:7.96
50 57 104 56 71 67 41 97 90:1274509:456:1:2716:18.42
23 5 104 71 67 41 97:2544511:1156:1:2844:7.27
20 128 56 67 97 94:1136133:720:1:2347:11.67
11 23 104 88 79 67 38 94:1498947:724:1:2401:11.61
6 11 23 104 67 36 94 90:1362612:619:1:2321:13.57
11 23 1 88 71 67 36 94 90:1822673:608:1:2138:13.82
23 57 79 56 71 36 94 90:1644789:816:1:2692:10.3
79 24 97 36:3457586:2328:1:1729:3.61
42 2 5 79 71 97 36 94:1167907:464:1:2881:18.1
1 88 67 97 36 94:4014971:2032:1:2976:4.14
11 57 120 104 41 90:1035083:476:1:2610:17.64
128 6 1 67 97 94:1545150:936:1:2976:8.98
5 120 88 71 90:1029133:556:1:1529:15.11
16 57 56 67 97 36 94 90:1269740:624:1:2744:13.47
67 41 38 97 36:3986750:2576:1:2696:3.27
11 104 88 71 38 94:1294593:724:1:2401:11.61
23 57 5 38 94 90:1186573:1024:1:2609:8.21
11 1 79 41 36 90:1933878:800:1:2139:10.51
11 23 5 31 1 67 38 36 90:1398934:472:1:2865:17.79
16 104 56 41 36:1212359:672:1:2736:12.51
23 31 1 79 71 67 38 36 90:2056274:704:1:2177:11.94
57 104 88 79 56 41 36 90:1272007:480:1:2688:17.5
21 104 79 71 67 36:1385574:588:1:2785:14.29
5 56 71 67 97 90:2086319:1220:1:2401:6.89
77 128 11 71 38 97 36 90:1039526:360:1:2621:23.31
1 79 71 67 36:3385149:1754:1:1921:4.8
57 104 88 56 71 38 94:1250548:720:1:2692:11.67
23 57 120 56 67 41 36 94:2055063:936:1:2696:8.98
88 79 97 36:4585920:3336:1:1297:2.52
13 57 31 1 71 67 97 36 94:1790753:588:1:2547:14.29
42 2 104 88 79 36 90:1195974:456:1:2753:18.42
2 104 79 90:1099627:816:1:2753:10.3
6 104 56 71 36:1518455:984:1:2945:8.54
16 23 104 56 71 67 38 97 36:1487759:600:1:2748:14.0
5 104 56 71 67 36 94:2079657:948:1:2844:8.87
57 5 1 67 36 94 90:2064652:940:1:2761:8.94
11 23 57 67 97 36 94 90:1817416:868:1:2609:9.68
20 128 120 38 97 94 90:1171545:576:2:2347:14.59
57 31 104 88 71 67 41 94:1781595:680:1:2393:12.36
11 23 57 31 104 97 36:1954184:868:1:2609:9.68
13 128 120 56 38 94:1028118:576:2:2466:14.59
128 71 67 38 97 36 90:4580202:1968:1:2177:4.27
5 120 104 71 67 38:1207646:610:1:2622:13.77
57 79 71 67 41 36 94:1593828:752:1:2393:11.18
5 31 71 36 94:2275366:1292:1:2761:6.51
23 104 56 38 36 90:3333056:2016:1:2688:4.17
11 5 31 1 71 41 38:1228811:472:1:2865:17.79
23 5 31 1 88 71 67 41 94:1003204:336:1:2841:24.97
5 1 97:1974977:1904:1:2449:4.42
50 57 67 41 38 36 90:1057372:480:1:2712:17.5
42 2 79 38 97 94 90:2190852:1248:1:2753:6.74
57 120 41 38 94 90:2791134:1744:1:2394:4.82
16 5 56 41 36 94:1063177:592:1:2880:14.19
120 88 79 71 38 36 94 90:1757026:696:1:1363:12.07
13 57 1 71 36:1214818:608:1:2465:13.82
71 67 36 94:5121542:4034:1:1345:2.09
5 31 1 88 71 67 41 38 36 94 90:1279218:336:1:2841:24.97
11 23 1 88 71 41 36 94 90:1918237:608:1:2138:13.82
57 31 104 79 67 41 38:1443449:680:1:2393:12.36
23 57 5 120 104 38 36 90:1228390:512:1:2610:16.41
5 24 71 67 97 36 94:1155991:502:1:2253:16.73
104 56 71 97 94:2597071:1968:1:2692:4.27
21 79 71 38 36 94 90:1086644:488:1:2785:17.21
6 23 38 36 94 90:1640908:1348:1:2209:6.24
11 31 120 36 90:1142083:552:1:2610:15.22
120 104 88 79 71 38 36:1205712:480:1:2394:17.5
11 120 1 71 67 94 90:1082742:449:2:2610:18.7
128 120 56 67 38 90:2096922:1152:2:2203:7.3
86 11 56 71 36 90:1000637:504:1:2613:16.67
86 120 38 97 94 90:1967808:1368:1:2182:6.15
20 11 71 67 38 97 36 94 90:1047178:396:1:2753:21.2
23 57 5 120 104 71 67:1086149:506:1:2622:16.6
57 71 67 38 90:2547500:2000:1:2393:4.21
6 104 88 67 41 97 36 94 90:1251707:456:1:2696:18.42
23 120 104 79 67 41 38 36 94 90:1324185:448:1:2394:18.74
23 120 56 71 67 97 90:1924242:996:1:2700:8.44
53 23 57 71 41 97 90:1038950:480:1:2724:17.5
1 71 67 36 94 90:6284133:3002:1:1897:2.8
12 2 88 36 94:1501283:980:1:2817:8.58
57 5 104 71 90:1973391:1192:1:2613:7.05
42 55 88 38 97 36 90:1152171:496:1:2976:16.93
13 23 5 31 1 71 67 41 36 94:1094581:308:1:2857:27.24
128 31 120 1 88 67 36 94 90:1080667:312:2:2976:26.89
23 57 104 88 71 67 41 38 90:1958745:752:1:2393:11.18
11 104 79 71 67 97 36 94 90:1956385:676:1:2344:12.43
5 31 67 38 97 90:1656809:968:1:2857:8.69
86 71 67 38 97 36 94 90:1714340:792:1:2208:10.61
16 104 41 97 36 94:1326554:672:1:2736:12.51
128 120 1 79 67 36 94:1023393:408:1:2976:20.58
21 55 79 71 67 90:1091950:516:1:2785:16.28
6 71 41 97 36:1909854:1192:1:2692:7.05
31 120 104 88 71 38 94 90:1106146:424:1:2394:19.8
23 120 79 56 71 67 97 36 94 90:1164299:420:1:2700:19.99
1 88 79 67 38 97 36 94 90:2808084:1040:1:2976:8.08
42 104 79 67 90:1104737:648:1:2753:12.97
21 104 88 71 38 97 90:1087189:464:1:2788:18.1
24 36 94:5295278:4816:1:1729:1.75
23 1 67 41 38 36:5106698:2656:1:2129:3.17
2 88 67 38 97 36:1673837:928:1:2753:9.06
11 23 5 31 67 38 36 94 90:1209672:472:1:2865:17.79
88 71 36 94 90:5399530:3168:1:1345:2.66
23 57 5 104 56 41 94 90:2111970:1008:1:2832:8.34
20 120 56 71 67 97 36 94 90:1382008:504:1:2345:16.67
57 31 104 79 71 41 38 94:1594928:680:1:2393:12.36
6 1 88 79 97 36:1554137:808:1:2976:10.4
128 88 56 71 67 97 36 90:2027146:744:1:2211:11.3
6 120 104 71 94 90:1118582:640:1:2410:13.13
23 57 104 88 79 38 36:1147201:584:1:2393:14.39
55 88 79 71 38 36 94:2400644:1112:1:2753:7.56
57 5 67 97 36:1763843:1188:1:2594:7.08
5 120 88 56 38 97 36 94 90:1283871:504:1:2411:16.67
5 104 88 79 71 67 36 90:2425282:828:1:2413:10.15
5 104 71 67 41 94 90:2765552:1196:1:2413:7.03
23 5 104 88 79 71 67 41 36 94 90:1442808:404:1:2621:20.78
50 38 97 36 90:1782854:1148:1:2704:7.32
53 23 88 71 41 38 36 90:1179513:424:1:2134:19.8
120 79 56 71 94:1222184:888:1:2082:9.47
9 1 79 97 94 90:1551870:980:1:2556:8.58
23 56 71 97:1736179:1968:1:2692:4.27
86 128 56 71 67 38 97 36 94:1623145:648:1:2210:12.97
23 88 79 67 41 97 36:2283444:1040:1:2696:8.08
128 11 79 56 71 67 38 97 36 94 90:1050353:324:1:2609:25.9
23 57 79 71 67 38 36 90:1606034:752:1:2393:11.18
23 120 104 56 71 41 38 94:2063049:936:1:2692:8.98
23 57 56 67 38 97 94:2161201:1872:1:2696:4.49
77 11 67 38 36 94 90:1103171:504:1:2621:16.67
23 88 71 38 97 90:2285650:1488:1:2692:5.65
57 56 67:1189544:1968:1:2696:4.27
23 79 56 71 67 41 38 94 90:1403335:648:1:2700:12.97
120 104 71 41 38 97 36 90:2685385:936:1:2692:8.98
23 67 97 36:3238788:2936:1:2344:2.87
5 67 38 97:1777651:1904:1:1617:4.42
120 104 38 94:1431150:1320:1:2394:6.37
121 128 31 36:1341620:896:2:2739:9.38
11 23 31 104 71 36 94:2169224:920:1:2609:9.14
5 88 24 97 36 94 90:2464512:1048:1:2241:8.02
9 31 120 71 36 90:1130641:498:2:2557:16.87
31 104 88 79 71:1041901:544:1:1857:15.44
6 31 88 71 67 36:1092529:534:1:2139:15.73
23 57 31 79 67 36 94:1284573:688:1:2177:12.21
120 104 79 56 41 97 94 90:1029986:432:1:2688:19.44
88 56 41 97 90:2883787:1888:1:2688:4.46
6 104 38 36 94 90:2041672:1320:1:2385:6.37
42 2 120 88 67 38 94:1224072:608:1:2754:13.82
57 5 88 71 38 97 36 94 90:1148062:456:1:2836:18.42
23 5 104 88 71 67 38 97 36 94:2021092:708:1:2844:11.87
2 38 36 94 90:5218357:3792:1:2753:2.22
53 23 79 67 41 97 36 94 90:1062085:384:1:2728:21.86
128 120 79 56 71 67 94 90:1118465:456:1:2227:18.42
11 23 31 88 71 41 36:1022233:388:1:2609:21.63
120 88 56 38 97 36:2334378:1296:1:2178:6.49
11 104 88 79 67 94:1348677:728:1:2129:11.54
23 88 71 67 41 38 97 94 90:2724264:1160:1:2700:7.25
11 23 1 88 71 67 41 90:1721473:608:1:2138:13.82
31 79 67 38 97 94:1029742:720:1:2976:11.67
57 88 56 38 36 94:1225449:864:1:2688:9.73
42 55 79 38 97 36 94:1052278:528:1:2753:15.91
11 88 71 41 38 94 90:1375081:644:1:2138:13.05
122 5 41 97 36 94:1806770:976:1:2832:8.61
5 31 88 71 67 41 36 90:1505883:488:1:2841:17.21
23 57 120 104 88 71 41 38 36 94:1365713:448:1:2394:18.74
50 104 67 97 90:1170629:712:1:2712:11.8
11 23 88 79 71 67 97 94:1039448:484:1:2344:17.35
57 88 56 41 38 90:1361168:864:1:2688:9.73
9 57 31 1 94:1230571:900:1:2556:9.34
6 31 1 67 97 36 94:2478770:1188:1:2570:7.08
13 31 1 97 94:1585444:928:1:2544:9.06
11 120 88 67 97 36 94:1024635:448:1:1498:18.74
23 57 5 104 71 67 38 97 90:2129820:900:1:2844:9.34
57 31 94:1375033:1928:1:2177:4.36
57 31 1 71 67 97:3459951:1746:1:2547:4.82
120 88 71 97 36 94 90:2728607:1160:1:1347:7.25
23 5 104 56 67 38 94:1431099:936:1:2840:8.98
23 120 104 71 67 38 36 94 90:2995198:1116:1:2394:7.53
120 38 97 36 90:5850604:3664:1:1026:2.3
23 56 67 38 97 36 94 90:3407614:1872:1:2696:4.49
23 57 5 104 56 71 41 97 36:2580354:936:1:2836:8.98
11 23 104 67 41 38 36 94:3221410:1364:1:2401:6.17
5 120 88 97 94 90:1326765:740:1:1739:11.36
57 5 104 67 41 38 97 94:1954782:936:1:2840:8.98
23 57 104 88 56 71 36 94:1816932:816:1:2692:10.3
11 23 31 120 104 67 36 90:1369192:476:1:2610:17.64
23 57 104 79 56 71 67 41 38 97 90:1870012:648:1:2700:12.97
23 5 104 71 41 97 36:2898022:1192:1:2836:7.05
23 57 56 67 41 38 36 94 90:4129321:1872:1:2696:4.49
5 104 88 56 71 41 97 36:1016219:360:1:2836:23.31
53 57 104 67 41 97 90:1138165:480:1:2728:17.5
23 57 104 79 56 71 38 97 36 94 90:2016556:720:1:2692:11.67
5 120 104 67 38 97 94:1147419:596:1:2840:14.1
120 104 79 71 97 94 90:1591547:728:1:2692:11.54
53 23 104 88 67 41 38 90:1145268:440:1:2397:19.08
13 11 67 94 90:1101919:704:1:1909:11.94
6 41 97 94:1851748:2264:1:2688:3.72
11 79 71 41 36:1272443:644:1:2139:13.05
23 57 88 56 38 36 94:1319743:864:1:2688:9.73
39 88 79 67 36 94:1514474:856:1:1969:9.82
23 5 1 79 71 67 90:1403312:640:1:2857:13.13
13 79 38 36 94:1349218:944:1:2017:8.91
11 23 1 88 79 38 36 90:1511608:584:1:2140:14.39
5 79 36 94 90:3350387:2184:1:1311:3.85
53 23 104 88 41 97 90:1044918:432:1:2720:19.44
57 5 120 104 67 97 36 90:1644817:612:1:2840:13.73
88 71 67 38 97 90:3111015:1824:1:1361:4.61
57 104 88 79 38 36 94:1333487:680:1:2393:12.36
50 23 57 56 41 38 97 36 94 90:1342568:528:1:2704:15.91
50 57 56 71 67 41 97 36 94:1204764:456:1:2716:18.42
16 57 5 97 36 94:1145870:724:1:2880:11.61
57 104 79 71 41 38 90:1744442:824:1:2393:10.2
79 56 67 41 38 97 36 94:1491364:720:1:2696:11.67
23 104 88 56 67 38 97 36 94 90:1880417:720:1:2696:11.67
23 56 67 94:1293410:1968:1:2696:4.27
42 12 2 120 79 38 97:1030516:520:1:2818:16.15
23 79 71 67 41 38 36 94:2983400:1360:1:2131:6.18
11 57 31 104 38 36 94:1974293:924:1:2609:9.1
57 5 120 104 71 67 41 97 36 94 90:1639920:450:1:2844:18.66
42 12 2 120 79 38 94 90:1145916:520:1:2818:16.15
23 31 79 67 41 36 94 90:1906519:776:1:2177:10.83
11 38 90:2655601:3220:1:1457:2.61
53 57 104 56 71 38 36 90:1247998:480:1:2724:17.5
5 120 67 41 97 36 90:1184964:468:1:2840:17.94
11 57 5 1 71 97 94 90:1065321:438:1:2773:19.17
5 88 79 71 41 97 90:1593884:680:1:2836:12.36
23 120 104 56 67 41 97 90:2270785:936:1:2696:8.98
120 56 67 94 90:2493745:1896:1:2082:4.44
57 104 79 56 71 41 90:1563364:720:1:2692:11.67
23 120 104 88 56 71 41 97 36 94:1147515:360:1:2692:23.31
50 57 56 71 67 41 38 97 36 90:1357562:456:1:2716:18.42
86 120 56 67 38 36:1234072:720:1:2208:11.67
11 104 88 71 67 41 38:1435467:596:1:2401:14.1
23 120 104 88 71 67 97 94 90:1461445:548:1:2700:15.33
11 57 67 41 94:1253146:916:1:2609:9.18
13 23 1 71 41 38 36 94:1637455:632:1:2465:13.3
6 31 104 36:1374267:954:1:2177:8.81
23 104 79 56 71 41 97 36:1810416:720:1:2692:11.67
11 23 31 1 41 38 36 94:2527679:976:1:2609:8.61
42 2 88 79 71 67 38 97:1091888:460:1:2753:18.26
53 23 104 71 67 41 90:1596447:640:1:2397:13.13
57 5 120 104 71 41 38 36 94 90:1545225:476:1:2614:17.64
6 23 104 41 94:1323864:1156:1:2409:7.27
16 104 38 97 90:1038823:752:1:2736:11.18
5 1 79 41 38 36 90:1700912:688:1:2857:12.21
120 88 71 67 38 97 36:1762305:764:1:1363:11.0
57 31 104 79 71 67 97 36:1579545:584:1:2344:14.39
6 104 56 71 90:1352174:984:1:2945:8.54
16 23 57 104 71 67 38 97 94 90:1462198:600:1:2748:14.0
11 5 31 1 71 38 36 94 90:1453513:472:1:2865:17.79
6 104 71 67 38 97 90:2022396:1108:1:2605:7.59
2 5 71 38 36 94:1027408:584:1:2881:14.39
11 23 57 31 67 38 94:1447932:916:1:2609:9.18
23 57 5 104 88 56 71 67 41 97 36 94:1123687:324:1:2844:25.9
50 104 67 38 36 90:1344200:656:1:2712:12.81
6 31 1 38 36 90:1943996:1004:1:2185:8.37
55 5 71 67 97 94 90:1246749:614:1:2881:13.68
50 57 56 41 38 97 36 94:1105858:528:1:2704:15.91
31 88 67 38:1108802:920:1:2130:9.14
57 5 120 104 67 41 38 97 36 94:1414776:468:1:2840:17.94
53 23 71 67 41 38 97 36:1494368:584:1:2732:14.39
42 55 79 38 36 90:1053412:528:1:2753:15.91
11 88 79 67 97 36 90:1973781:832:1:1521:10.1
53 23 5 1 71 67 41 38 36:1040540:328:1:2941:25.58
5 104 71 41 38 36:2668218:1208:1:2613:6.96
57 67 41 38 94 90:2831306:1976:1:2393:4.26
23 120 88 56 71 67 36 90:1078191:420:1:2700:19.99
121 31 97 36 94 90:1550822:936:2:2977:8.98
128 5 79 71 38 97 36 94 90:1189599:432:1:2177:19.44
57 104 88 71 67 41 38 94 90:1956231:752:1:2393:11.18
77 13 56 36 94:1040911:624:1:2477:13.47
42 55 88 67 97 36:1289655:600:1:2753:14.0
57 79 56 71 36 90:1467083:816:1:2692:10.3
6 23 104 71 97 36:1897420:1114:1:2346:7.55
20 128 38 90:1104865:876:1:2347:9.6
42 55 79 94 90:1051546:704:1:2753:11.94
128 11 56 71 38 97 94 90:2228474:1008:1:2609:8.34
57 79 56 71 67 38 97 94:1098894:648:1:2700:12.97
104 88 71 67 41 36 94 90:3803156:1336:1:2089:6.29
53 1 71 67 41 38 94 90:1833981:688:1:2133:12.21
53 23 57 56 41 36 90:1171092:528:1:2720:15.91
23 57 31 120 104 67 41 94 90:2611200:952:1:2394:8.83
55 5 79 71 38 90:1014115:560:1:2881:15.0
57 88 71 67 41 38 97 36:1589169:648:1:2700:12.97
11 1 71 41 36:2740331:1232:1:2137:6.83
21 55 104 88:1043347:624:1:2785:13.47
23 5 88 38 36:1383982:960:1:2409:8.76
57 71 41 97:2273071:1872:1:2692:4.49
77 128 120 71 38 97 36:1122158:432:2:2221:19.44
55 5 79 71 97 36 90:1503217:620:1:2881:13.55
119 104 88 79:1081078:864:1:2755:9.73
57 5 120 1 71 67 36 90:1432603:494:1:2761:17.0
5 104 56 71 67 41 97 90:2334726:900:1:2844:9.34
16 104 71 41 97:1103713:624:1:2740:13.47
53 23 57 31 104 71 67:1158465:496:1:2177:16.93
23 5 31 1 71 67 38:2019924:944:1:2833:8.91
20 120 67 38 97 36 94 90:1656185:720:1:2345:11.67
12 2 120 88 79 97 90:1027437:472:1:2818:17.79
11 5 1 88 67 38 36 94 90:1218075:416:1:2361:20.18
2 104 36 94 90:1366025:816:1:2753:10.3
42 104 79 71 36 90:1494061:648:1:2753:12.97
42 55 88 79 36 94 90:1420460:600:1:2753:14.0
55 2 120 38 36:1632439:928:1:2754:9.06
57 120 104 94:1469246:1288:1:2394:6.53
11 23 67 38 90:1913147:1588:1:2137:5.3
23 31 120 104 71 36 94:2288859:952:1:2394:8.83
20 56 97 36 94:1896771:1440:1:2345:5.84
5 1 71 97 94:2255999:1468:1:2761:5.73
23 104 79 56 71 41 97:1450650:720:1:2692:11.67
23 57 5 56 67 41 97 36 90:2375509:936:1:2840:8.98
53 23 57 56 71 41 97 36 94:1246818:480:1:2724:17.5
