11 88 67 38 97 36:2122344:1128:1:1497:7.45
88 38 97 36:3545128:2928:1:1313:2.87
6 120 71 67 97:1042213:752:1:1890:11.18
24 71 97 36 94:2892360:1700:1:1733:4.95
5 120 88 71 38 36 90:1128933:460:1:1529:18.26
71 41 90:4084300:3528:1:1825:2.38
120 79 67:1281822:1308:1:1298:6.43
11 67 36 94 90:3338939:2090:1:1489:4.02
12 88 71 36 94:2105859:1316:1:1989:6.39
104 79 71 67 36:3703370:1984:1:1817:4.24
13 79 67 36:1272576:864:1:1921:9.73
53 104 79 71 67 36 94 90:1346767:480:1:1817:17.5
88 56 71 97 94:2214275:1760:1:1545:4.78
5 79 67 38 97 94:1497645:1136:1:1766:7.4
79 67 90:3024701:3444:1:1297:2.44
6 88 79 94:1062223:1294:1:1545:6.5
31 79 71 67 36 94 90:2829291:1226:1:1849:6.86
5 71 67 97 36 90:3745027:1834:1:1772:4.59
31 88 71 67 41 36 94:2793441:1104:1:1833:7.62
104 79 67:2272142:2320:1:1817:3.63
36 94 90:7668492:8192:1:192:1.03
79 56 71 67 94:1463872:1216:1:1561:6.92
6 120 67 38 36:1230576:892:1:1890:9.42
11 120 71 97 90:1660455:946:1:1909:8.89
6 88 71 97 94 90:1439076:970:1:1689:8.67
6 88 79 71 67 97 36 94 90:1281953:506:1:1713:16.6
88 79 24 97 36 94 90:4130738:1792:1:1729:4.69
88 79 67 36:3954721:2760:1:1297:3.05
79 56 97 90:2810497:2848:1:1561:2.95
120 88 79 38 36 94:1807052:1008:1:1314:8.34
120 88 38 97 36:2521669:1544:1:1314:5.45
6 56 67 36 94 90:2192758:1528:1:1681:5.5
12 88 79 67 36 94 90:2471448:1184:1:1993:7.1
6 71 38 90:1379531:1548:1:1889:5.43
11 79 71 67 38 36:1694319:880:1:1867:9.55
6 120 97 36 94 90:2598635:1576:1:1890:5.34
11 88 67 38 97 36 90:2493666:1128:1:1497:7.45
11 5 120 38 97 36 94:1488496:714:1:1736:11.77
120 79 97 90:2255624:1792:1:1298:4.69
31 1 88 67 36 90:3643305:1504:1:1826:5.59
11 67 38 90:2274686:2068:1:1489:4.07
5 120 88 71 38 97 36:1059290:452:1:1751:18.58
88 79:2498037:3776:1:1297:2.23
9 24 94:1186301:1548:1:1837:5.43
5 120 79 38 97 94 90:1176617:652:1:1742:12.89
88 79 67 36 90:4862215:2760:1:1297:3.05
88 79 71 67 38 36:2870583:1484:1:1361:5.67
6 88 56 71 97 90:1240867:808:1:1689:10.4
1 88 71 36 94 90:4535971:2064:1:1977:4.08
13 11 71 97 36 90:1317816:580:1:1909:14.49
11 120 88 71 38 36:1015475:468:1:1851:17.94
13 120 71 36:1481083:836:1:1897:10.05
39 88 79 71 67 36 94 90:1305677:528:1:1969:15.91
120 88 79 67 94:1267680:864:1:1298:9.73
104 88 79 71 90:3148201:1744:1:1817:4.82
31 79 36 90:3611680:2344:1:1785:3.59
12 88 79 36:2429467:1764:1:1985:4.77
53 104 36:1417319:992:1:1817:8.48
12 97 94:1203882:2192:1:1985:3.84
