23 104 79 67 97 94:2522084:1784:1:2344:4.71
100 56 97 94 90:2430321:2752:1:3929:3.06
56 24 67 97 36 90:2719388:1376:1:3937:6.11
120 104 56 41 38 36:2098869:1008:1:2688:8.34
1 71 67 97 36 94 90:6263585:2706:1:2547:3.11
121 41 38 97 36:2136462:1608:1:3027:5.23
23 57 31 120 71 67 41 90:2465314:952:1:2394:8.83
23 56 71 38 97 36 94:2999451:1872:1:2692:4.49
23 1 88 38 36 94 90:2858113:1408:1:2130:5.97
5 1 41:2445914:1956:1:2833:4.3
42 2 24 67 38 36 94 90:2442605:960:1:3905:8.76
6 23 104 67 97 36 90:2325517:1210:1:2346:6.95
55 104 88 67 97 36 90:3182572:1256:1:2753:6.7
128 11 56 71 38 97 94 90:2228474:1008:1:2609:8.34
5 1 97 90:2606549:1904:1:2449:4.42
31 104 1 71 67 41 36:5452363:1832:1:3985:4.59
5 56 38 36 94 90:2447537:1584:1:2401:5.31
23 57 120 56 71 67 41 38 36:2331229:900:1:2700:9.34
23 57 56 67 97 36:2811737:1968:1:2696:4.27
9 57 31 1 97 36 94 90:2174197:900:1:2556:9.34
122 88 79 67 97 36 94:2162229:1064:1:3274:7.9
104 56 71 41 38 36 90:4443415:1872:1:2692:4.49
1 97 94 90:4328713:3768:1:2544:2.23
120 104 56 41 97 94 90:2167401:1008:1:2688:8.34
23 31 120 67 41 38 36 94:2293592:952:1:2394:8.83
31 1 79 71 90:2868210:1492:1:1921:5.64
5 104 94 90:2274300:1876:1:2401:4.48
42 2 120 88 90:2027885:1088:1:2754:7.73
56 71 38 97 36 90:4681559:2736:1:2177:3.07
42 79 71 36 90:2088357:1116:1:2753:7.53
11 31 104 71 67 97 90:2148911:868:1:2609:9.68
57 120 104 56 67 41 97 36 94 90:2885209:936:1:2696:8.98
79 71 67 38 36 90:3805607:2024:1:1361:4.16
24 97 36:5446825:4496:1:1729:1.87
41 38 36 94:5038255:4352:1:1769:1.93
128 88 71 67 38 97 36 94 90:2075396:744:1:2177:11.3
88 79 56 41 97:2212415:1504:1:2688:5.59
23 31 104 67 41 94:3314265:1832:1:2393:4.59
6 104 56 71 67 41 97 36 94:2330760:900:1:3041:9.34
23 1 71 38 90:3537504:2464:1:2129:3.41
120 104 56 67 41 38 97 94 90:2375459:936:1:2696:8.98
6 23 57 31 71 67 97 36 94 90:2251028:866:1:3041:9.71
55 104 79 71 67 38 90:2323213:1064:1:2753:7.9
11 23 57 104 71 67 41 36 94:2568114:916:1:2609:9.18
23 5 104 56 71 67 41 38 97 36 94 90:3077397:900:1:2844:9.34
42 2 67 38 36 94 90:2480510:1216:1:2753:6.92
23 88 71 67 38 36:2844841:1616:1:2130:5.2
104 56 67 41 94:2669956:1872:1:2696:4.49
57 88 71 67 36 94 90:2231955:1048:1:2121:8.02
57 5 104 41 38 97 36:2220227:1008:1:2832:8.34
57 104 56 41 36 90:4108768:2016:1:2688:4.17
57 56 67 41 38 94:2369743:1872:1:2696:4.49
31 1 67 41 36:5584333:2608:1:1969:3.23
122 88 79 94:2073548:1972:1:3266:4.27
6 1 71 67 36 94:2108052:1158:1:2209:7.26
128 57 41 38:2634852:2168:1:2786:3.88
6 23 57 104 71 67 41 97 36 90:2631359:900:1:3041:9.34
2 5 120 24 36 94:2211593:1004:1:3906:8.37
104 88 71 97 90:3290969:1880:1:2344:4.47
11 55 41 36 94 90:2756447:1276:1:3621:6.59
23 104 88 79 41 97 36 90:3176832:1184:1:2688:7.1
56 71 67 41 94 90:3521171:2056:1:2700:4.09
104 1 71 36 94:5016807:2608:1:3985:3.23
11 23 104 88 67 36 94 90:2317914:920:1:2129:9.14
23 57 31 104 67 36:3535261:1840:1:2177:4.57
121 128 41 38 36 94 90:2220274:1088:2:2789:7.73
120 79 24 97 36 90:2570892:1136:1:3010:7.4
23 104 79 97 94:2204805:1928:1:2344:4.36
100 79 56 97 36 94 90:3098917:1888:1:3929:4.46
42 79 38 97 36 94:2211333:1392:1:2753:6.04
11 23 71 67 41 36 90:3085661:1268:1:2137:6.63
23 1 88 67 36 94 90:3298827:1504:1:2130:5.59
128 120 24 38 36 90:2139103:896:1:3906:9.38
5 88 41 97 94 90:2329686:1296:1:2832:6.49
23 120 104 56 71 67 41 38 36:2577033:900:1:2700:9.34
23 88 79 67 36 90:2897993:1552:1:2121:5.42
23 57 5 104 71 67 38 36:2107818:916:1:2621:9.18
23 57 104 71 67 38 36 94:3978479:1904:1:2393:4.42
23 57 31 120 67 36 90:2142229:952:1:2394:8.83
31 1 88 79 71 41 94:2351721:928:1:2001:9.06
23 5 71 67 41 38 90:2454335:1236:1:2401:6.8
31 79 94 90:2705299:2344:1:1785:3.59
42 120 24 94 90:3520851:2000:1:3010:4.21
128 5 71 67 97 36 94:2665941:1152:1:2129:7.3
104 71 38 97 36 94 90:5948168:2832:1:2692:2.97
42 120 79 38 97 94 90:2124770:1144:1:2754:7.35
31 1 88 79 41:3208870:1584:1:2001:5.31
79 71 67 97 94:2908652:2298:1:1345:3.66
67 41 38 36 94:4108941:2872:1:2129:2.93
42 2 120 71 38 97 36:2444138:1040:1:2754:8.08
128 120 67 97 36 94:2773852:1368:1:2082:6.15
23 31 1 67 94:2774793:1952:1:2177:4.31
31 104 1 71 41:4606248:2096:1:3985:4.01
88 71 67 38 97 36:3427812:1824:1:1361:4.61
57 67 41 97:2060754:1872:1:2696:4.49
23 57 71 67 97 36 94 90:3985134:1904:1:2344:4.42
23 57 104 88 71 67 41 38 97 36 90:2155757:648:1:2700:12.97
120 56 71 67 38 94 90:2422750:1332:1:2178:6.31
23 57 104 88 71 41 36 90:2241592:824:1:2393:10.2
23 57 104 56 67 36 94 90:4104301:1968:1:2696:4.27
57 5 104 56 67 38 97 36 94:2153537:936:1:2840:8.98
11 23 31 104 71 67 94 90:2266759:920:1:2609:9.14
23 120 104 38 36 94:2055994:1224:1:2394:6.87
104 88 79 71 41 36 94:2759500:1096:1:2089:7.67
55 57 24 38 97 94:2078469:1392:1:3905:6.04
5 104 88 79 67 38 36 90:2098946:792:1:2617:10.61
20 31 1 71 67 41 36 94 90:2052617:624:1:2360:13.47
57 31 120 71 67 41 36:2510737:952:1:2394:8.83
55 38 97 36 94 90:4197324:2528:1:2753:3.33
12 2 24 38 97 36 94 90:2116847:912:1:3905:9.22
128 6 67 38 97 36 94 90:2073391:984:1:3041:8.54
57 104 71 67 38 94:2965566:2000:1:2393:4.21
23 120 104 56 71 67 36 94:2398996:996:1:2700:8.44
31 104 88 41 36:2117066:968:1:2177:8.69
6 57 104 71 41 38 97 36 90:2478968:936:1:3041:8.98
6 57 104 71 67 41 38 97 36 94 90:2732401:900:1:3041:9.34
11 57 31 104 71 36:2121946:920:1:2609:9.14
23 104 67 41 36 94:5004210:2680:1:2393:3.14
23 31 120 104 36 94 90:2238249:952:1:2394:8.83
11 71 67 38 97 36 90:3236507:1464:1:2489:5.74
11 71 67 38 97 94:2175558:1464:1:2489:5.74
79 56 38 97 36 94:2371439:1728:1:2177:4.87
6 57 104 71 67 38 36 94 90:2266325:952:1:3041:8.83
57 88 71 67 97 36 90:2115231:944:1:2344:8.91
23 5 104 56 97 36 94 90:2326403:1056:1:2832:7.96
23 56 71 41 97 94:2682536:1872:1:2692:4.49
128 5 56 71 67 97 90:2121220:960:1:3067:8.76
55 104 88 71 67 36 94 90:3478873:1240:1:2753:6.78
23 57 71 41 38 97 36 94 90:4445762:1872:1:2692:4.49
57 120 104 67 41 36:2293639:1024:1:2394:8.21
57 56 41 97 36:3002310:2016:1:2688:4.17
12 67 36 94 90:2260980:1580:1:1993:5.32
120 104 38 97 36:2086957:1232:1:2688:6.83
6 31 104 71 67 41 38 36 94 90:2836160:916:1:3041:9.18
104 88 79 67 41 97:2093452:1040:1:2696:8.08
31 1 79 71 67 94 90:2643819:1146:1:1921:7.34
55 88 79 71 94:2100580:1360:1:2753:6.18
23 120 104 36 94:2066143:1320:1:2394:6.37
88 71 41 97 36 94:3549608:1744:1:2692:4.82
53 23 1 71 67 41 38 36 94:2021348:688:1:2133:12.21
57 56 71 41 97 36 90:4137541:1872:1:2692:4.49
57 1 71 67 94 90:3298647:1874:1:2324:4.49
11 23 67 41 38 94 90:2561987:1460:1:2137:5.76
6 71 67 97 36 94 90:2604886:1388:1:1681:6.06
23 57 104 56 71 67 41 97 90:4564040:1800:1:2700:4.67
23 120 104 71 38 36 94 90:2774880:1152:1:2394:7.3
23 57 104 79 71 67 41 38 36:2006072:752:1:2393:11.18
11 104 71 41 38 36 90:3036792:1172:1:2401:7.17
1 79 41 38 90:2302047:1408:1:2131:5.97
120 1 71 67 36 94 90:2619323:1042:1:2325:8.07
71 67 38 94 90:4243379:3488:1:1361:2.41
5 67 38 36 94 90:3202437:1936:1:1537:4.34
31 120 104 71 38 36 90:2637007:1000:1:2394:8.41
9 31 1 97 94 90:2646224:1508:1:2556:5.58
23 57 36 94 90:2688869:2224:1:2121:3.78
77 120 38 36 94 90:2648882:1368:1:2190:6.15
39 31 1 24 36:2956516:1384:1:3625:6.08
56 71 67 38 97 94:2829033:2232:1:2177:3.77
31 104 97 36 94 90:3739761:1832:1:2344:4.59
42 128 120 24 38 97 36 90:2029545:680:1:3906:12.36
13 56 67 97 36 94 90:2325226:1136:1:2345:7.4
57 120 104 56 71 67 41 97 90:2591318:900:1:2700:9.34
42 2 120 67 38 36 90:2457015:1040:1:2754:8.08
100 31 1 79 24 97 94:2284546:1096:1:3625:7.67
11 67 38 97 90:2537092:1920:1:1489:4.38
79 67 41 38 90:2297132:1624:1:2131:5.18
23 57 104 56 67 41:2979453:1872:1:2696:4.49
120 24 38 36 94 90:5028073:2528:1:3010:3.33
12 1 88 36 94 90:2080471:1024:1:3953:8.21
128 11 67 38 36 90:2216643:1056:1:2609:7.96
23 104 88 71 67:2561039:1624:1:2121:5.18
23 57 120 104 71 67 41 97 36 94 90:3076313:900:1:2700:9.34
23 56 71 38 97 90:2487742:1872:1:2692:4.49
23 104 41 38 97:3580102:2720:1:2688:3.09
23 57 104 67 41 38 97 94 90:4120222:1872:1:2696:4.49
31 120 104 71 41 38 94:2244354:952:1:2394:8.83
11 23 57 31 71 67 36 94 90:2477164:920:1:2609:9.14
104 79 71 94:2549764:2128:1:1817:3.95
57 120 104 67 36 90:2584291:1216:1:2394:6.92
11 23 1 88 67 41 38 90:2030467:800:1:2138:10.51
23 79 41 97 90:2133701:1568:1:2688:5.36
23 57 120 104 67 41 38 36 90:2858925:1024:1:2394:8.21
57 120 104 56 71 67 41 38 97 94:2486480:900:1:2700:9.34
120 88 67 36:2006062:1272:1:1298:6.61
128 11 56 38 36 90:2289056:1152:1:2609:7.3
57 5 104 56 71 67 41 38 36 90:2822711:900:1:2844:9.34
55 104 88 79 67 94:2796960:1504:1:2753:5.59
23 71 67 38 97 94:3112944:2568:1:2700:3.28
104 88 41 94:2660842:1960:1:2089:4.29
42 2 120 79 24 97:2121886:992:1:3906:8.48
9 24 41 36 94 90:2627809:1304:1:2869:6.45
6 31 1 67 41 38 36 90:2500716:944:1:3041:8.91
6 23 104 56 41 38 36 94 90:2273300:1008:1:3041:8.34
31 104 71 67 38 36:4144124:1928:1:2393:4.36
56 24 97 90:3336573:2752:1:3929:3.06
88 79 71 67 41 38 36 90:2491519:928:1:2132:9.06
2 120 24 38 97 90:4757547:2456:1:3906:3.43
23 57 5 104 56 67 41 97 94:2109568:936:1:2840:8.98
57 120 104 71 41 36:2411973:1024:1:2394:8.21
23 5 104 56 71 67 38 94 90:2029134:900:1:2844:9.34
11 56 67 38 97 94 90:2075095:1296:1:2609:6.49
23 57 120 71 67 38 36 94:2054674:988:1:2394:8.51
6 23 57 104 56 67 41 97 36 94:2313267:936:1:3041:8.98
5 1 88 79 36:2351261:1192:1:2385:7.05
42 12 2 120 38 36 94 90:2312883:952:1:2818:8.83
23 57 31 71 67 97 94:2968735:1736:1:2344:4.85
5 79 71 67 97 36 90:2735600:1186:1:1778:7.09
104 56 71 67 38 94 90:3276291:1800:1:2700:4.67
23 57 56 71 67 41 97 36:4070650:1800:1:2700:4.67
13 71 67 97 36 94:2025253:1044:1:1897:8.05
5 104 88 36 94 90:2715551:1296:1:2401:6.49
23 104 71 41 36 94 90:5755312:2488:1:2393:3.38
5 104 88 71 36 94 90:2682506:1080:1:2405:7.79
31 1 71 97 94:3915868:2372:1:2545:3.55
31 104 1 71 67 41 36 90:6064855:1832:1:3985:4.59
128 120 56 71 36:2471803:1248:1:2203:6.74
23 104 79 67 41 97 36 94:3354607:1424:1:2696:5.91
55 2 5 24 38 97 36 94 90:2115430:752:1:3905:11.18
31 67 38 94 90:2744458:2168:1:2129:3.88
55 104 79 67 97 36:2624516:1256:1:2753:6.7
23 1 71 38 36 94:4213338:2464:1:2129:3.41
57 104 71 41 97 90:3717803:1872:1:2692:4.49
120 56 97 36 90:4664479:2832:1:2082:2.97
23 57 120 56 97 36 94 90:2231802:1104:1:2688:7.62
42 12 2 24 38 97 36 94 90:2469654:912:1:3905:9.22
31 1 88 71 67 36:2806176:1128:1:1977:7.45
23 120 104 67 41 97 36:2258998:936:1:2696:8.98
57 5 31 1 67 36 90:2253359:892:1:2761:9.42
55 104 88 67 97 94:2261637:1256:1:2753:6.7
1 88 79 71 67:2371650:1304:1:2001:6.45
104 88 79 71 41 97 36:2232849:848:1:2692:9.91
31 104 1 67 41 90:5070215:2096:1:3985:4.01
23 31 104 71 67 41 36:4740114:1832:1:2393:4.59
128 2 24 38 36 94 90:2756368:1160:1:3905:7.25
23 57 31 104 71 38:3025709:1832:1:2393:4.59
55 2 38 36:2344078:1776:1:2753:4.74
23 5 31 71 36 94 90:2087557:944:1:2833:8.91
23 104 56 71 67 97 36 94 90:4798322:1896:1:2700:4.44
11 36 90:3921024:3244:1:1457:2.59
42 2 120 79 38 97 36:2396491:1072:1:2754:7.84
57 56 71 67 38 36 90:3485294:1800:1:2700:4.67
5 71 41 38 94 90:2182579:1272:1:2401:6.61
9 128 41 38 97 36 94:2199239:1080:1:3348:7.79
23 57 104 56 71 67 41 38 97 36:5059144:1800:1:2700:4.67
128 2 38 36 90:2053525:1160:1:3905:7.25
6 23 57 31 104 41 36 90:2277841:916:1:3041:9.18
119 88 79 97 36 90:2303825:1232:1:2690:6.83
23 5 31 1 71 67 94:2020688:944:1:2833:8.91
31 1 24 94 90:2872946:1544:1:3217:5.45
42 2 120 79 38 36 94 90:2633399:1072:1:2754:7.84
57 5 67 97 36 90:2162363:1188:1:2594:7.08
6 23 31 1 71 67 38 36 94 90:2663642:944:1:3041:8.91
57 104 56 71 38 97:2788794:1872:1:2692:4.49
11 41 38 97 94 90:3137527:1960:1:3024:4.29
104 56 67 38 36 94:2983414:1872:1:2696:4.49
42 120 88 24 36 94 90:2715593:1032:1:3010:8.15
5 71 67 41 97 94:2263676:1284:1:2844:6.55
104 88 79 71 36 94 90:4211158:1744:1:1817:4.82
23 5 56 71 41 38 36 94:2014303:936:1:2836:8.98
23 56 71 67 41 97 94 90:3675733:1800:1:2700:4.67
11 1 67 41 38 94 90:3060375:1424:1:2137:5.91
23 79 67 38 36 90:3000978:1880:1:2131:4.47
11 23 31 1 41 38 36:2422325:976:1:2609:8.61
128 120 71 97:2078523:1344:1:2082:6.26
5 104 88 41 38 97 36 94 90:2239093:784:1:2832:10.72
23 57 5 71 97 36 94 90:2122052:984:1:2836:8.54
23 57 56 71 36:2599420:1968:1:2692:4.27
128 71 67 38 97 36 94:4136046:1968:1:2177:4.27
2 67 38 36 90:2211965:1432:1:2753:5.87
42 2 120 38 97 36 90:4457167:1936:1:2754:4.34
122 79 56 41 97 36 94 90:2678374:1168:1:3266:7.2
6 23 57 56 71 67 41 38 97 36:2187747:900:1:3041:9.34
31 104 88 41 36 90:2433506:968:1:2177:8.69
6 23 57 31 71 67 41 36:2178696:916:1:3041:9.18
104 79 97 36 94 90:4131271:2216:1:2344:3.8
5 104 56 71 36 90:2114759:984:1:2836:8.54
121 57 41 97 36 90:2593080:1512:1:3027:5.56
128 6 31 1 67 38 97 94 90:2254958:888:1:3041:9.47
88 71 67 38 97 90:3111015:1824:1:1361:4.61
11 23 31 104 67 38 36 94:2154590:916:1:2609:9.18
13 88 97 36 90:2145686:1152:1:2353:7.3
57 104 56 67 41 38 97 90:4022541:1872:1:2696:4.49
20 56 38 97 36 94 90:2534341:1440:1:2345:5.84
57 104 56 71 97 36 94 90:4548976:1968:1:2692:4.27
23 57 31 104 79 67 41 36 90:2003064:680:1:2393:12.36
11 2 120 38 97 36 94:2648410:1268:1:3272:6.63
6 104 56 71 67 38 97 36 94:2040354:900:1:3041:9.34
6 31 1 88 97 36 90:2078856:856:1:2976:9.82
2 120 24 97 94 90:4842925:2504:1:3906:3.36
120 88 90:2029098:1776:1:1298:4.74
5 31 1 71 67 38 36 94:2576258:976:1:2833:8.61
23 57 71 67 38 36 94 90:3784491:1904:1:2393:4.42
55 2 57 24 36 90:3282593:1488:1:3905:5.65
23 104 79 36 94 90:3549739:2032:1:2121:4.14
23 57 31 71 67 41 38 36 94 90:5259296:1832:1:2393:4.59
6 23 31 1 67 41 38 94 90:2232298:944:1:3041:8.91
31 88 71 36 94:2795460:1536:1:1833:5.48
23 57 104 56 67 38 97 36:3706227:1872:1:2696:4.49
6 23 31 104 71 41 38 36 94:2376002:916:1:3041:9.18
9 57 31 1 71 67 36 94:2202277:873:1:2559:9.63
122 31 88 94 90:2084359:1348:1:3554:6.24
23 104 79 71 67 38 36 94:3329398:1520:1:2393:5.53
31 104 71 67 41 38 94 90:4645634:1832:1:2393:4.59
23 31 71 67 41 90:4026170:2024:1:2177:4.16
128 5 31 1 97 94 90:2149032:888:1:3000:9.47
31 120 97 36 94 90:2120281:1040:1:2312:8.08
2 120 24 97 36:4968781:2504:1:3906:3.36
23 104 56 71 38 97:2684450:1872:1:2692:4.49
79 71 67 97 36:3805354:2298:1:1345:3.66
