4 7:6998907:6693:1:1528:147.89
86 83 27 6:6653839:4684:1:1835:211.31
334 333 329 332 330 331 339 324:5309387:2423:1:3303:408.42
90 218 6:7195609:10093:1:886:98.08
329 332 330 331 339 338 324 11 6:7244716:2591:1:2490:381.95
334 332 331 339 338 324 6:5096000:2731:1:3085:362.37
205 3 11 6:6833767:6883:1:1495:143.81
218 3:14886655:38673:1:294:25.6
333 329 331 339 338 324 11 6:5667151:2520:1:2720:392.7
897 7 11 6:11380367:9853:1:1128:100.47
205 3:5201714:9415:1:1427:105.14
329 332 331 339 324 11:5167906:2624:1:2490:377.14
87 27 11:11628945:10610:1:840:93.3
136 11 6:13009627:16962:1:580:58.36
83 7 1 11 6:6393944:4829:1:1836:204.97
56 3 11:5144243:5842:1:1225:169.43
55 7 11 6:6299310:4084:1:2486:242.35
329 332 324 11 6:4059282:2648:1:2490:373.73
354 11 6:4159270:4760:1:1636:207.94
64 148 218 1 11 6:5871704:4839:1:2004:204.55
86 27 7 3 6:4950030:2374:1:3998:416.84
364 11:4545477:10372:1:914:95.44
87 27 7 218:4518993:3191:1:2502:310.15
86 85 7 1 11 6:4538605:2115:1:3093:467.86
215 205 11 6:4151622:5035:1:1455:196.58
747 229 11:4681726:3692:1:2976:268.08
27 218 3 11 6:7022247:5098:1:1646:194.16
526 529 1518 1519 525 6:4093769:1867:2:3427:529.98
303 3 6:4512104:8189:1:1262:120.88
155 3 11 6:5408460:4252:1:2084:232.78
205 27 11 6:13658548:11323:1:714:87.43
4 3 11:14191544:12872:1:799:76.91
4 27 3 6:3236413:2094:1:3712:472.55
32 27 7 1 11 6:4445598:2119:1:3544:466.98
28 32 7 11 6:10655061:7153:1:1425:138.38
86 27 7 3:4633855:2416:1:3998:409.6
86 83 27 7 11 6:8573432:3813:1:2024:259.57
28 32 897 27 7 11 6:4614207:2100:1:3542:471.21
4 7 11:5821901:4400:1:1862:224.95
85 7 1:3337858:2742:1:2741:360.92
1025 11 6:4509185:5819:1:1843:170.1
4 27:5662896:5398:1:1548:183.37
1956 205 27 3:3271276:1988:1:3736:497.74
27 218 1:4628586:6463:1:1222:153.16
138 1 11 6:5469794:9028:1:1620:109.65
329 330 331 324:3483393:2883:1:2197:343.27
21 148 11 6:5171901:4294:1:1899:230.5
69 64 11:2770774:2949:1:2382:335.59
334 329 339 338 324 6:3999661:2508:1:2692:394.58
2 148 218 11 6:6230443:4915:1:2739:201.38
212 7 11:3046294:2932:1:2993:337.54
215 7 11 6:5678980:4953:1:1582:199.84
329 332 331 339 11:4609020:2632:1:2490:376.0
540 1 6:2444826:4011:1:2624:246.76
237 148 6:3128196:3791:1:2336:261.08
28 32 897 7:3592498:2957:1:2621:334.69
69:6241860:22631:1:437:43.74
438 135 11:3192324:3249:1:2864:304.62
521 218 1 6:2275619:2595:1:2988:381.36
4 3 11 6:14584791:11494:1:799:86.12
73 11:4756268:7255:1:1166:136.44
531 148 6:2078946:2706:1:2891:365.72
512 148 1 11:2583674:3883:1:1999:254.89
333 332 330 331 339 338 11 6:6094177:2647:1:2490:373.87
357 11 6:4791475:6232:1:1375:158.83
333 330 331 339 11 6:3982149:2685:1:2457:368.58
25 90 11 6:3630446:3493:1:2648:283.34
438 218 11:3357541:6112:1:1776:161.95
28 32 7 1:3412557:2926:1:2943:338.23
1132 148 218 11:2939277:3357:1:2657:294.82
69 148 11 6:5268617:5658:1:1458:174.94
86 27 11:5892181:4501:1:1898:219.9
897 3 6:3817938:5776:1:1607:171.37
215 205:2243557:5832:1:1455:169.72
329 332 331 11 6:4245678:2671:1:2490:370.51
339 11:2830466:4744:1:2128:208.64
1518 1519:2232681:2721:1:2539:363.7
1956 27 11 6:5742063:3739:1:2564:264.71
970 6:2120639:4855:1:1739:203.87
7 1 11 6:19889431:18035:1:536:54.89
303 1 3 11 6:2945222:3162:1:2953:312.99
7 218 11:12611119:14307:1:769:69.19
332 330 331 339:3851618:2928:1:2490:338.0
229 25 218 6:2543149:3077:1:2126:321.64
333 329 332 330 331 339 11:5422003:2475:1:2720:399.84
28 32 7 3 11 6:5898667:3238:1:2892:305.65
364 218 6:2574827:6675:1:1460:148.29
333 329 331 338 324 6:4298072:2607:1:2457:379.6
27 7 148:11044866:8346:1:984:118.61
334 330 331 338:2642964:2674:1:2457:370.09
330 338 6:2724005:3295:1:2226:300.36
2817 27 7:3523743:2793:1:2960:354.33
77 148 218 3:2856979:3999:1:1920:247.5
281 3 11 6:2773720:2805:1:2625:352.82
1019 148 218:2240177:2715:1:2713:364.51
334 333 332 330 338:3425287:2606:1:2490:379.75
40 77 6:2418700:5484:1:1461:180.49
148 6:24930865:64750:1:204:15.29
364 155 11:2559099:2729:1:2573:362.64
135 1 6:6571874:8548:1:1047:115.8
512 11 6:5471605:11049:1:1055:89.59
135 7 11:5550829:4214:1:2284:234.88
333 329 332 330 339:4248509:2583:1:2490:383.13
