1 88 71 67 41 94 90:3733827:1544:1:1977:5.45
57 104 56 71 67 41 38 97 90:4568314:1800:1:2700:4.67
88 79 71 41 36 94:3458512:1656:1:1828:5.08
23 57 31 71 67 38 36 94 90:4450736:1832:1:2393:4.59
23 57 31 104 71 67 38 36 94:4636732:1832:1:2393:4.59
88 56 97 36 94:3881185:2848:1:1545:2.95
1 88 71 41 38 36 94 90:3341270:1216:1:2130:6.92
104 88 79 67 38 36 90:3673966:1592:1:2393:5.28
57 56 71 38 36 90:3108379:1872:1:2692:4.49
11 23 31 1 71 41 36 90:3025302:976:1:2609:8.61
57 71 36 90:3179864:2308:1:2121:3.64
23 104 79 71 67 41 97 36 94:3180159:1160:1:2700:7.25
23 57 67 41 36 94 90:3808844:1976:1:2393:4.26
23 57 104 56 71 67 97 90:3964009:1896:1:2700:4.44
104 79 41 38 97 36 94 90:3779351:1568:1:2688:5.36
23 57 71 38 36 90:3170061:1976:1:2393:4.26
23 57 56 71 41 97 94 90:3615176:1872:1:2692:4.49
23 104 79 71 67 38 97 36 94:3423659:1416:1:2700:5.94
1 88 79 41 36 90:5507364:2288:1:2001:3.68
120 97 94 90:4276534:3880:1:1026:2.17
31 104 71 67 97 94:3430442:1832:1:2344:4.59
23 104 56 71 97 36 90:4224475:1968:1:2692:4.27
31 1 97 94:3741322:2968:1:2544:2.83
41 97 36 90:7497005:5040:1:2688:1.67
23 71 38 97 36 94 90:4677807:2640:1:2692:3.19
11 23 104 41 36 90:3004975:1364:1:2401:6.17
57 31 120 104 71 67 41 36 94 90:3345717:952:1:2394:8.83
23 57 104 56 71 41 38:3401130:1872:1:2692:4.49
23 67 41 97 36 90:4839052:2576:1:2696:3.27
104 56 41 38 36 94:3549308:2016:1:2688:4.17
104 56 67 41 38 36 90:4230600:1872:1:2696:4.49
120 67 36 90:3553263:2316:1:1298:3.63
23 104 71 67 41 38:4242738:2416:1:2393:3.48
24 36 90:6374091:4824:1:1729:1.74
23 57 71 67 36 94:3090455:2008:1:2121:4.19
23 56 71 41 97 94 90:3306548:1872:1:2692:4.49
23 56 67 41 38 97 36 94 90:4233430:1872:1:2696:4.49
42 2 120 38 90:3078379:1936:1:2754:4.34
23 104 56 71 41 38 97 36 90:5062591:1872:1:2692:4.49
56 71 38 36:3171147:2736:1:2177:3.07
23 104 56 71 67 41 38 97 36 94:4958725:1800:1:2700:4.67
128 31 1 67 94:3216721:1776:1:2976:4.74
23 57 56 71 41 38 97 36 94 90:4755035:1872:1:2692:4.49
23 1 88 41 36 94 90:3320583:1408:1:2130:5.97
23 31 1 71 38 94:3227560:1952:1:2177:4.31
23 57 71 67 41 97 90:3478444:1800:1:2700:4.67
128 31 1 38 36:3633842:1784:1:2738:4.71
23 57 31 104 71 67 38 94 90:4338988:1832:1:2393:4.59
57 56 71 67 41 97 94 90:3775864:1800:1:2700:4.67
23 57 104 67 97 94 90:3250903:1976:1:2344:4.26
88 79 56 97 36 90:3769264:2032:1:1569:4.14
57 104 56 71 38 97 36 90:4343991:1872:1:2692:4.49
23 57 71 67 41 38 94 90:3673701:1904:1:2393:4.42
57 31 71 36 94 90:3627913:1876:1:2177:4.48
57 104 56 41 36 90:4108768:2016:1:2688:4.17
23 5 31 1 71 67 41 38 36 94:3014446:944:1:2833:8.91
23 31 1 71 41 38 90:4532826:1952:1:2177:4.31
57 5 104 56 71 67 41 97 36 94 90:3025607:900:1:2844:9.34
104 79 67 41 38 97 36 90:3670439:1424:1:2696:5.91
104 56 41 38 94 90:3218489:2016:1:2688:4.17
31 1 79 94 90:3666793:2232:1:1827:3.77
23 56 71 41 97 36 94 90:4237733:1872:1:2692:4.49
23 104 56 71 97 36 94 90:4439545:1968:1:2692:4.27
104 71 38 97:3494272:3024:1:2501:2.78
23 31 1 71 67 41 90:4848841:1952:1:2177:4.31
128 36 90:4151409:3136:1:2081:2.68
23 56 71 67 36 90:3344940:1896:1:2700:4.44
23 57 31 67 38 36 90:3537067:1832:1:2393:4.59
5 41 36 94 90:4608886:2708:1:1897:3.11
1 67 41 36 94:6000899:3312:1:1969:2.54
56 67 41 38 36 94 90:3616156:1872:1:2696:4.49
23 5 1 71 67 41 36 94:3173549:1200:1:2833:7.01
23 71 41 38 97 94:3283937:2384:1:2692:3.53
120 71 97 36 90:4115025:2204:1:1347:3.82
55 79 71 67 36 94 90:3065763:1354:1:2753:6.21
120 56 97 36 90:4664479:2832:1:2082:2.97
23 31 104 67 38 36:3421011:1832:1:2393:4.59
88 41 97 36 94:4254034:2592:1:2688:3.25
104 38 94 90:3242660:3288:1:2377:2.56
5 104 71 67 36:3077564:1596:1:2413:5.27
