23 104 67 41 38 97 36 94 90:6526508:2576:1:2696:3.27
71 67 97 90:4685953:3858:1:1345:2.18
23 31 71 67 41 94 90:4247488:2024:1:2177:4.16
23 57 104 56 41 97 36 94 90:4994798:2016:1:2688:4.17
104 1 67 36:4767335:2800:1:3985:3.0
88 41 36 94:4378151:3080:1:1826:2.73
71 67 38 97 36 94 90:6188630:3192:1:1361:2.64
23 31 1 71 38 36 90:4635475:1952:1:2177:4.31
104 1 71 41 90:5437514:2608:1:3985:3.23
42 2 120 24 97 36:4373969:1856:1:3906:4.53
104 67 41 97 94 90:4667150:2576:1:2696:3.27
23 57 104 56 71 41 97 94 90:4435896:1872:1:2692:4.49
57 31 1 71 67 36 94 90:4804134:1778:1:2324:4.73
57 104 56 67 41 97 36 94:4323061:1872:1:2696:4.49
1 67 38 97 36 94 90:5256915:2576:1:2976:3.27
31 104 71 67 41 90:4850866:2096:1:2177:4.01
23 57 71 67 41 36 94 90:4409849:1904:1:2393:4.42
120 56 38 36 94 90:4511313:2736:1:2178:3.07
2 36 90:4505355:3904:1:2753:2.16
57 31 104 71 67 41 36 94 90:5654508:1832:1:2393:4.59
31 36 94 90:4967442:3608:1:1785:2.33
23 57 104 56 71 41 97 36:4538533:1872:1:2692:4.49
31 104 71 67 41 38:4233222:2024:1:2393:4.16
1 88 71 67 41 36 90:4340644:1544:1:1977:5.45
1 79 97 36 94:4155390:2616:1:2544:3.22
120 24 38 97 94 90:4337536:2528:1:3010:3.33
31 104 71 67 97 36 94 90:4959041:1832:1:2344:4.59
11 97 36 94 90:4704011:3056:1:1457:2.75
23 67 97 36 94 90:4528932:2936:1:2344:2.87
36 90:6779661:8200:1:192:1.03
