333 332 330 331 338 324 11:5352045:2644:1:2490:374.29
7 148 218 3 11:7572391:5276:1:1646:187.61
86 83 27:5899791:4705:1:1835:210.37
2 27 7 11:6853750:3582:1:2170:276.31
205 27 7 3 6:8527778:4697:1:1549:210.73
329 331 339 338 11 6:5233195:2807:1:2338:352.56
278 7 6:9963786:10026:1:929:98.73
2:23634450:42927:1:248:23.06
138 7 11:5319077:6037:1:1693:163.96
4 55:5084550:4892:1:1643:202.33
897 7 3 11 6:6475013:4355:1:1989:227.27
747 148 11:5041774:5100:1:2097:194.08
49 7 11 6:5538249:5036:1:2008:196.55
32 11 6:7291099:8273:1:1058:119.65
64 148 3 11:4947781:4080:1:2077:242.59
86 85 7 11:11075927:5939:1:2024:166.67
90 1 3:4352411:4672:1:1689:211.86
32 87 7 11:5033848:3289:1:2115:300.91
135 3:6561093:7969:1:1094:124.22
265 7:5055752:5699:1:1665:173.68
86 85 83 11 6:8627113:5081:1:2024:194.81
90 148 11:8966626:9078:1:890:109.04
278 205 7 11 6:4063177:2739:1:2622:361.31
25 148 218 11:4729325:7163:1:1128:138.19
