333 332 330 331 338 324 11:5352045:2644:1:2490:374.29
7 148 218 3 11:7572391:5276:1:1646:187.61
86 83 27:5899791:4705:1:1835:210.37
2 27 7 11:6853750:3582:1:2170:276.31
205 27 7 3 6:8527778:4697:1:1549:210.73
329 331 339 338 11 6:5233195:2807:1:2338:352.56
278 7 6:9963786:10026:1:929:98.73
2:23634450:42927:1:248:23.06
138 7 11:5319077:6037:1:1693:163.96
4 55:5084550:4892:1:1643:202.33
897 7 3 11 6:6475013:4355:1:1989:227.27
747 148 11:5041774:5100:1:2097:194.08
49 7 11 6:5538249:5036:1:2008:196.55
32 11 6:7291099:8273:1:1058:119.65