5 97 36 94 90:5122853:3462:1:1736:2.43
31 1 88 41 36 94 90:5250647:1968:1:1977:4.27
31 1 88 41 36 90:5039397:1968:1:1977:4.27
31 1 79 41 36 94 90:5048863:1974:1:1993:4.26
31 1 71 67 41:5038945:2472:1:1969:3.4
31 1 71 67 41 36:5783260:2280:1:1969:3.69
31 1 71 67 41 36 94:6033000:2280:1:1969:3.69
31 1 71 67 41 36 94 90:6435250:2180:1:1969:3.86
31 1 71 67 41 36 90:6197076:2180:1:1969:3.86
31 1 71 67 41 94 90:5386849:2180:1:1969:3.86
31 1 71 67 41 90:5594019:2372:1:1969:3.55
31 1 71 67 36:5011954:2394:1:1897:3.51
31 1 71 67 36 94:5272898:2394:1:1897:3.51
31 1 71 67 36 94 90:5727997:2285:1:1897:3.68
31 1 71 67 36 90:5479399:2285:1:1897:3.68
31 1 71 41 36:5893834:2608:1:1969:3.23
31 1 71 41 36 94:6178926:2608:1:1969:3.23
31 1 71 41 36 94 90:6706254:2506:1:1969:3.36
31 1 71 41 36 90:6433044:2506:1:1969:3.36
31 1 71 41 94 90:5499561:2506:1:1969:3.36
31 1 71 41 90:5615035:2698:1:1969:3.12
31 1 71 36 94:5279533:2740:1:1897:3.07
31 1 71 36 94 90:5870246:2629:1:1897:3.2
31 1 71 36 90:5584680:2629:1:1897:3.2
31 1 67 41 36:5584333:2608:1:1969:3.23
31 1 67 41 36 94:5870469:2608:1:1969:3.23
31 1 67 41 36 94 90:6436559:2507:1:1969:3.36
31 1 67 41 36 90:6162031:2507:1:1969:3.36
31 1 67 41 94 90:5229038:2507:1:1969:3.36
31 1 67 41 90:5330848:2699:1:1969:3.12
31 1 67 36 94:5043634:2788:1:1825:3.02
31 1 67 36 94 90:5690574:2678:1:1825:3.14
31 1 67 36 90:5398038:2678:1:1825:3.14
31 1 41 36:6103827:3280:1:1969:2.57
31 1 41 36 94:6461925:3280:1:1969:2.57
31 1 41 36 94 90:7260010:3174:1:1969:2.65
31 1 41 36 90:6914310:3174:1:1969:2.65
31 1 41 94 90:5727733:3174:1:1969:2.65
31 1 41 90:5701711:3366:1:1969:2.5
31 1 36 94:5359241:3496:1:1825:2.41
31 1 36 94 90:6255410:3381:1:1825:2.49
31 1 36 90:5887800:3381:1:1825:2.49
31 71 67 41 36 94:5057877:2352:1:1825:3.58
31 71 67 41 36 94 90:5532121:2252:1:1825:3.74
31 71 67 41 36 90:5286073:2252:1:1825:3.74
31 71 41 36 94:5029631:2680:1:1825:3.14
31 71 41 36 94 90:5630132:2578:1:1825:3.26
31 71 41 36 90:5349048:2578:1:1825:3.26
31 67 41 36 94 90:5345512:2579:1:1825:3.26
31 67 41 36 90:5063110:2579:1:1825:3.26
31 41 36 94 90:5834366:3246:1:1825:2.59
31 41 36 90:5480792:3246:1:1825:2.59
120 38 97 36 94:5031774:3664:1:1026:2.3
120 38 97 36 94 90:6111602:3597:1:1026:2.34
120 38 97 36 90:5717640:3597:1:1026:2.34
120 38 36 94 90:5443047:3685:1:1026:2.28
120 38 36 90:5039815:3685:1:1026:2.28
120 97 36 94 90:6039424:3807:1:1026:2.21
120 97 36 90:5622668:3807:1:1026:2.21
120 36 94 90:5314357:3895:1:1026:2.16
104 71 67 36:5006316:3136:1:1817:2.68
104 71 67 36 94:5344766:3136:1:1817:2.68
104 71 67 36 94 90:5909250:2967:1:1817:2.84
104 71 67 36 90:5589584:2967:1:1817:2.84
104 71 36 94 90:5333889:3107:1:1817:2.71
104 67 36 94 90:5343284:3303:1:1817:2.55
1 88 79 36 94 90:5093584:2462:1:1828:3.42
1 88 41 36 94:5203274:2720:1:1977:3.09
1 88 41 36 94 90:5885057:2643:1:1977:3.18
1 88 41 36 90:5601825:2643:1:1977:3.18
1 88 36 94 90:5138357:2870:1:1826:2.93
1 79 41 36 94 90:5609905:2649:1:1993:3.18
1 79 41 36 90:5324557:2649:1:1993:3.18
1 71 67 41 36:5851777:2792:1:1969:3.01
1 71 67 41 36 94:6155571:2792:1:1969:3.01
1 71 67 41 36 94 90:6683755:2663:1:1969:3.16
1 71 67 41 36 90:6394709:2663:1:1969:3.16
1 71 67 41 94 90:5393371:2663:1:1969:3.16
1 71 67 41 90:5467509:2855:1:1969:2.95
1 71 67 36 94:5289063:3002:1:1897:2.8
1 71 67 36 94 90:5904654:2860:1:1897:2.94
1 71 67 36 90:5595020:2860:1:1897:2.94
1 71 41 36:5675945:3120:1:1969:2.7
1 71 41 36 94:6015091:3120:1:1969:2.7
1 71 41 36 94 90:6677736:2989:1:1969:2.81
1 71 41 36 90:6353654:2989:1:1969:2.81
1 71 41 94 90:5229060:2989:1:1969:2.81
1 71 41 90:5211502:3181:1:1969:2.64
1 71 36 94 90:5736701:3204:1:1897:2.63
1 71 36 90:5390099:3204:1:1897:2.63
1 67 41 36:5639599:3312:1:1969:2.54
1 67 41 36 94:6000899:3312:1:1969:2.54
1 67 41 36 94 90:6772829:3182:1:1969:2.64
1 67 41 36 90:6426319:3182:1:1969:2.64
1 67 41 94 90:5224604:3182:1:1969:2.64
1 67 41 90:5172272:3374:1:1969:2.49
1 67 36 94 90:5806488:3445:1:1825:2.44
1 67 36 90:5431806:3445:1:1825:2.44
1 41 36:5665152:3984:1:1969:2.11
1 41 36 94:6098414:3984:1:1969:2.11
1 41 36 94 90:7112634:3849:1:1969:2.19
1 41 36 90:6694952:3849:1:1969:2.19
1 41 94 90:5239653:3849:1:1969:2.19
1 41 90:5059489:4041:1:1969:2.08
1 36 94 90:5846243:4148:1:1825:2.03
1 36 90:5396487:4148:1:1825:2.03
88 79 41 36 94 90:5211044:2588:1:1828:3.25
88 79 97 36 94 90:5848100:3251:1:1297:2.59
88 79 97 36 90:5496484:3251:1:1297:2.59
88 79 36 94 90:5816722:3680:1:1297:2.29
88 79 36 90:5418404:3680:1:1297:2.29
88 71 97 36 94 90:5164917:2719:1:1345:3.09
88 71 36 94 90:5130088:3052:1:1345:2.76
88 67 97 36 94 90:5313234:2960:1:1297:2.84
88 67 36 94 90:5200627:3295:1:1297:2.55
88 41 36 94 90:5203332:2996:1:1826:2.81
88 97 36 94:5003994:4152:1:1297:2.03
88 97 36 94 90:6152943:4043:1:1297:2.08
88 97 36 90:5716657:4043:1:1297:2.08
88 36 94 90:5889991:4520:1:1297:1.86
88 36 90:5401927:4520:1:1297:1.86
79 67 97 36 94 90:5071238:3002:1:1297:2.8
79 97 36 94 90:5887011:4153:1:1297:2.03
79 97 36 90:5438115:4153:1:1297:2.03
79 36 94 90:5541787:4630:1:1297:1.82
79 36 90:5040197:4630:1:1297:1.82
56 71 97 36 94 90:5464411:3242:1:1537:2.6
56 71 97 36 90:5109383:3242:1:1537:2.6
56 67 97 36 94 90:5127097:3243:1:1537:2.59
56 97 36 94 90:6231219:4758:1:1537:1.77
56 97 36 90:5710997:4758:1:1537:1.77
56 36 94 90:5183695:4758:1:1537:1.77
24 97 36:5446825:4496:1:1729:1.87
24 97 36 94:5929690:4488:1:1729:1.87
24 97 36 94 90:7371647:4464:1:1729:1.88
24 97 36 90:6893614:4472:1:1729:1.88
24 97 94 90:5175278:4464:1:1729:1.88
24 36 94:5295278:4816:1:1729:1.75
24 36 94 90:6831734:4782:1:1729:1.76
24 36 90:6316437:4790:1:1729:1.76
71 67 41 36 94:5019022:2936:1:1825:2.87
71 67 41 36 94 90:5646078:2802:1:1825:3.0
71 67 41 36 90:5341726:2802:1:1825:3.0
71 67 38 97 36 94:5125820:3192:1:1361:2.64
71 67 38 97 36 94 90:5813739:3043:1:1361:2.76
71 67 38 97 36 90:5485639:3043:1:1361:2.76
71 67 38 36 94 90:5644356:3338:1:1361:2.52
71 67 38 36 90:5283118:3338:1:1361:2.52
71 67 97 36:5068266:3666:1:1345:2.3
71 67 97 36 94:5464990:3666:1:1345:2.3
71 67 97 36 94 90:6290692:3505:1:1345:2.4
71 67 97 36 90:5911580:3505:1:1345:2.4
71 67 36 94:5121542:4034:1:1345:2.09
71 67 36 94 90:6087312:3864:1:1345:2.18
71 67 36 90:5668536:3864:1:1345:2.18
71 41 36 94 90:5568851:3198:1:1825:2.63
71 41 36 90:5221263:3198:1:1825:2.63
71 38 97 36 94 90:5800034:3545:1:1361:2.37
71 38 97 36 90:5414990:3545:1:1361:2.37
71 38 36 94 90:5443783:3840:1:1361:2.19
71 38 36 90:5025601:3840:1:1361:2.19
71 97 36 94:5389983:4444:1:1345:1.89
71 97 36 94 90:6512761:4281:1:1345:1.97
71 97 36 90:6047473:4281:1:1345:1.97
71 36 94 90:6133761:4710:1:1345:1.79
71 36 90:5621073:4710:1:1345:1.79
67 41 36 94 90:5549756:3393:1:1825:2.48
67 41 36 90:5180316:3393:1:1825:2.48
67 38 97 36 94 90:5802110:3787:1:1313:2.22
67 38 97 36 90:5392864:3787:1:1313:2.22
67 38 36 94 90:5352910:4082:1:1313:2.06
67 97 36 94:5156931:4684:1:1297:1.8
67 97 36 94 90:6411555:4522:1:1297:1.86
67 97 36 90:5921147:4522:1:1297:1.86
67 36 94 90:5934802:4953:1:1297:1.7
67 36 90:5396454:4953:1:1297:1.7
41 38 36 94:5038255:4352:1:1769:1.93
41 38 36 94 90:6248151:4225:1:1769:1.99
41 38 36 90:5787153:4225:1:1769:1.99
41 36:5286659:5664:1:1769:1.49
41 36 94:5904549:5664:1:1769:1.49
41 36 94 90:7530924:5522:1:1769:1.52
41 36 90:6929380:5522:1:1769:1.52
38 97 36:5209180:6272:1:1025:1.34
38 97 36 94:5894670:6272:1:1025:1.34
38 97 36 94 90:7722995:6121:1:1026:1.37
38 97 36 90:7054189:6121:1:1026:1.37
38 36 94 90:6718649:6456:1:1026:1.3
38 36 90:6012087:6456:1:1026:1.3
97 36:5431623:7576:1:528:1.11
97 36 94:6250990:7568:1:584:1.11
97 36 94 90:8497143:7401:1:584:1.14
97 36 90:7698698:7409:1:528:1.14
36 94 90:7428413:8014:1:192:1.05
36 90:6559566:8022:1:192:1.05
