31 1 71 67 41:5038945:2472:1:1969:3.4
31 1 71 67 41 36 90 94:5090706:1815:1:1969:4.63
31 1 71 67 41 90:5033015:2184:1:1969:3.85
31 1 71 41 36 90:5121305:2104:1:1969:4.0
31 1 71 41 36 90 94:5346637:2104:1:1969:4.0
31 1 71 41 90:5132827:2512:1:1969:3.35
31 1 67 41 36 90:5048560:2143:1:1969:3.93
31 1 67 41 36 90 94:5279570:2143:1:1969:3.93
31 1 41 36:5162776:2905:1:1969:2.9
31 1 41 36 90:5815198:2776:1:1969:3.03
31 1 41 36 90 94:6113536:2776:1:1969:3.03
31 1 41 36 94:5476828:2905:1:1969:2.9
31 1 41 90:5321864:3184:1:1969:2.64
31 1 41 90 94:5326162:2992:1:1969:2.81
31 1 36 90:5063644:2992:1:1825:2.81
31 1 36 90 94:5384672:2992:1:1825:2.81
104 71 67 36 90:5013627:2690:1:1817:3.13
104 71 67 36 90 94:5299965:2690:1:1817:3.13
120 38 97 36 90:5530428:3491:1:1026:2.41
120 38 97 36 90 94:5911578:3491:1:1026:2.41
120 38 36 90 94:5252824:3570:1:1026:2.36
120 97 36 90:5459756:3707:1:1026:2.27
120 97 36 90 94:5864302:3707:1:1026:2.27
120 36 90 94:5148646:3786:1:1026:2.22
1 88 41 36 90 94:5239566:2405:1:1977:3.5
1 71 67 41 36 90:5178104:2264:1:1969:3.72
1 71 67 41 36 90 94:5419382:2264:1:1969:3.72
1 71 67 41 36 94:5204460:2456:1:1969:3.43
1 71 41 36 90:5162504:2553:1:1969:3.3
1 71 41 36 90 94:5434500:2553:1:1969:3.3
1 71 41 36 94:5055459:2745:1:1969:3.06
1 67 41 36 90:5414128:2784:1:1969:3.02
1 67 41 36 90 94:5712912:2784:1:1969:3.02
1 67 41 36 94:5225936:2976:1:1969:2.83
1 67 36 90 94:5032579:3060:1:1825:2.75
1 41 36 90:5732418:3417:1:1969:2.46
1 41 36 90 94:6098530:3417:1:1969:2.46
1 41 36 94:5333333:3609:1:1969:2.33
1 36 90 94:5136513:3729:1:1825:2.26
88 79 97 36 90:5332956:3156:1:1297:2.67
88 79 97 36 90 94:5673088:3156:1:1297:2.67
88 79 36 90:5208886:3545:1:1297:2.37
88 79 36 90 94:5591164:3545:1:1297:2.37
88 67 97 36 90 94:5049792:2826:1:1297:2.98
88 97 36 90:5481348:3886:1:1297:2.17
88 97 36 90 94:5899056:3886:1:1297:2.17
88 36 90:5132192:4314:1:1297:1.95
88 36 90 94:5596196:4314:1:1297:1.95
79 97 36 90:5222558:4001:1:1297:2.1
79 97 36 90 94:5653138:4001:1:1297:2.1
79 36 90 94:5270861:4427:1:1297:1.9
56 97 36 90:5263945:4429:1:1537:1.9
56 97 36 90 94:5745141:4429:1:1537:1.9
24 97 36:5349084:4424:1:1729:1.9
24 97 36 90:6798734:4412:1:1729:1.91
24 97 36 90 94:7269265:4404:1:1729:1.91
24 97 36 94:5823669:4416:1:1729:1.91
24 97 90 94:5171186:4459:1:1729:1.89
24 36 90:6212346:4714:1:1729:1.78
24 36 90 94:6718465:4706:1:1729:1.79
24 36 94:5177491:4723:1:1729:1.78
71 67 38 97 36 90 94:5219039:2778:1:1361:3.03
71 67 97 36 90:5294572:3196:1:1345:2.63
71 67 97 36 90 94:5636090:3196:1:1345:2.63
71 67 36 90:5006700:3495:1:1345:2.41
71 67 36 90 94:5380596:3495:1:1345:2.41
71 38 97 36 90 94:5296054:3282:1:1361:2.56
71 97 36 90:5487530:3946:1:1345:2.13
71 97 36 90 94:5912336:3946:1:1345:2.13
71 36 90:5027954:4306:1:1345:1.95
71 36 90 94:5491736:4306:1:1345:1.95
67 38 97 36 90 94:5338509:3522:1:1313:2.39
67 97 36 90:5458110:4214:1:1297:2.0
67 97 36 90 94:5910966:4214:1:1297:2.0
67 36 90 94:5413121:4585:1:1297:1.84
41 38 36 90:5183924:3884:1:1769:2.17
41 38 36 90 94:5603810:3884:1:1769:2.17
41 36 90:6212318:5086:1:1769:1.65
41 36 90 94:6761834:5086:1:1769:1.65
41 36 94:5386383:5289:1:1769:1.59
38 97 36 90:6712303:5858:1:1026:1.44
38 97 36 90 94:7349239:5858:1:1026:1.44
38 97 36 94:5616844:6024:1:1026:1.4
38 36 90:5666097:6140:1:1026:1.37
38 36 90 94:6334041:6140:1:1026:1.37
97 36:5148279:7256:1:528:1.16
97 36 90:7309394:7078:1:528:1.19
97 36 90 94:8067873:7070:1:584:1.19
97 36 94:5930688:7248:1:584:1.16
36 90:6171660:7622:1:192:1.1
36 90 94:6992117:7614:1:192:1.11
