31 1 71 67 41:5038945:2472:1:1969:3.4
31 1 41 90:5046668:3017:1:1969:2.79
31 1 41 90 36:5418826:2609:1:1969:3.22
31 1 41 90 36 94:5696872:2609:1:1969:3.22
31 1 41 90 94:5030674:2825:1:1969:2.98
31 1 41 36:5162776:2905:1:1969:2.9
31 1 41 36 94:5476828:2905:1:1969:2.9
120 38 90 97 36:5065696:3261:1:1026:2.58
120 38 90 97 36 94:5418146:3261:1:1026:2.58
120 90 97 36 94:5355497:3457:1:1026:2.43
1 71 67 41 36 94:5204460:2456:1:1969:3.43
1 71 41 90 36 94:5022445:2379:1:1969:3.54
1 71 41 36 94:5055459:2745:1:1969:3.06
1 67 41 90 36 94:5143348:2552:1:1969:3.3
1 67 41 36 94:5225936:2976:1:1969:2.83
1 41 90 36:5276592:3185:1:1969:2.64
1 41 90 36 94:5614256:3185:1:1969:2.64
1 41 36 94:5333333:3609:1:1969:2.33
88 79 90 97 36 94:5085171:2892:1:1297:2.91
88 79 90 36 94:5075299:3281:1:1297:2.56
88 90 97 36 94:5264639:3563:1:1297:2.36
88 90 36 94:5050763:3991:1:1297:2.11
79 90 97 36 94:5067972:3684:1:1297:2.28
56 90 97 36 94:5193988:4113:1:1537:2.05
24 90 97 36:6358949:4190:1:1730:2.01
24 90 97 36 94:6802602:4182:1:1730:2.01
24 90 36:5832813:4492:1:1730:1.87
24 90 36 94:6312054:4484:1:1730:1.88
24 97 36:5349084:4424:1:1729:1.9
24 97 36 94:5823669:4416:1:1729:1.91
24 36 94:5177491:4723:1:1729:1.78
71 90 97 36 94:5286487:3623:1:1345:2.32
41 38 90 36 94:5257450:3682:1:1769:2.29
41 90 36:5839751:4839:1:1769:1.74
41 90 36 94:6358813:4839:1:1769:1.74
41 36 94:5386383:5289:1:1769:1.59
38 90 97 36:6092667:5462:1:1026:1.54
38 90 97 36 94:6680695:5462:1:1026:1.54
38 90 36:5159113:5744:1:1026:1.46
38 90 36 94:5778149:5744:1:1026:1.46
38 97 36 94:5616844:6024:1:1026:1.4
90 97 36:6626071:6609:1:528:1.27
90 97 36 94:7327174:6601:1:584:1.27
90 36:5619717:7153:1:192:1.18
90 36 94:6382798:7145:1:192:1.18
97 36:5148279:7256:1:528:1.16
97 36 94:5930688:7248:1:584:1.16
