104 71 36 94 90:5335314:3108:1:1817:2.71
31 1 71 41 36 94 90:5710654:2215:1:1969:3.8
31 1 71 41 36 90:5472104:2215:1:1969:3.8
31 1 71 36 94 90:5878095:2634:1:1897:3.19
31 1 71 36 90:5592421:2634:1:1897:3.19
31 1 41 36:5172729:2887:1:1969:2.91
31 1 41 36 94:5484285:2887:1:1969:2.91
31 1 41 36 94 90:6422967:2887:1:1969:2.91
31 1 41 36 90:6111411:2887:1:1969:2.91
31 1 41 94 90:5078736:2887:1:1969:2.91
31 1 41 90:5086858:3079:1:1969:2.73
31 1 36 94:5128562:3390:1:1825:2.48
31 1 36 94 90:6264734:3390:1:1825:2.48
31 1 36 90:5896500:3390:1:1825:2.48
31 71 41 36 94 90:5085179:2388:1:1825:3.52
31 41 36 94 90:5394329:3060:1:1825:2.75
31 41 36 90:5062919:3060:1:1825:2.75
120 38 97 36 94 90:5874683:3490:1:1026:2.41
120 38 97 36 90:5492917:3490:1:1026:2.41
120 38 36 94 90:5568347:3752:1:1026:2.24
120 38 36 90:5157327:3752:1:1026:2.24
120 97 36 94 90:5800726:3693:1:1026:2.28
120 97 36 90:5397136:3693:1:1026:2.28
120 36 94 90:5443227:3968:1:1026:2.12
120 36 90:5008811:3968:1:1026:2.12
88 1 41 36 94 90:5047538:2339:1:1979:3.6
88 79 97 36 94 90:5193696:2980:1:1297:2.82
88 79 36 94 90:5378075:3496:1:1297:2.41
88 97 36 94 90:5558330:3756:1:1297:2.24
88 97 36 90:5154076:3756:1:1297:2.24
88 36 94 90:5572546:4360:1:1297:1.93
88 36 90:5102126:4360:1:1297:1.93
67 1 41 36 94 90:5075577:2521:1:1969:3.34
67 71 36 94 90:5046620:3342:1:1345:2.52
1 79 41 36 94 90:5151727:2477:1:1993:3.4
1 79 36 94 90:5006838:2965:1:1827:2.84
1 71 41 36 94 90:5735685:2664:1:1969:3.16
1 71 41 36 90:5450471:2664:1:1969:3.16
1 71 36 94 90:5840927:3242:1:1897:2.6
1 71 36 90:5490665:3242:1:1897:2.6
1 41 36 94:5202339:3528:1:1969:2.38
1 41 36 94 90:6345129:3528:1:1969:2.38
1 41 36 90:5965799:3528:1:1969:2.38
1 36 94 90:5933150:4190:1:1825:2.01
1 36 90:5479218:4190:1:1825:2.01
79 71 36 94 90:5106625:3204:1:1345:2.63
79 97 36 94 90:5702696:4058:1:1297:2.07
79 97 36 90:5264622:4058:1:1297:2.07
79 36 94 90:5724700:4744:1:1297:1.77
79 36 90:5210612:4744:1:1297:1.77
56 71 97 36 94 90:5375394:3194:1:1537:2.63
56 71 97 36 90:5025662:3194:1:1537:2.63
56 97 36 94 90:6019100:4643:1:1537:1.81
56 97 36 90:5512012:4643:1:1537:1.81
56 36 94 90:5344525:4864:1:1537:1.73
24 97 36:5087977:4285:1:1729:1.96
24 97 36 94:5549194:4278:1:1729:1.97
24 97 36 94 90:6971512:4278:1:1729:1.97
24 97 36 90:6512221:4285:1:1729:1.96
24 36 94:5295278:4816:1:1729:1.75
24 36 94 90:6893240:4816:1:1729:1.75
24 36 90:6374091:4824:1:1729:1.74
71 41 36 94 90:5022402:2975:1:1825:2.83
71 38 97 36 94 90:5770338:3521:1:1361:2.39
71 38 97 36 90:5388202:3521:1:1361:2.39
71 38 36 94 90:5749459:3992:1:1361:2.11
71 38 36 90:5314551:3992:1:1361:2.11
71 97 36 94:5047328:4239:1:1345:1.98
71 97 36 94 90:6451964:4239:1:1345:1.98
71 97 36 90:5991530:4239:1:1345:1.98
71 36 94 90:6464183:4884:1:1345:1.72
71 36 90:5932027:4884:1:1345:1.72
41 38 36 94 90:5838718:4026:1:1769:2.09
41 38 36 90:5401664:4026:1:1769:2.09
41 36 94:5384106:5303:1:1769:1.59
41 36 94 90:7105086:5303:1:1769:1.59
41 36 90:6529798:5303:1:1769:1.59
38 97 36 94:5461541:5967:1:1026:1.41
38 97 36 94 90:7448069:5967:1:1026:1.41
38 97 36 90:6796951:5967:1:1026:1.41
38 36 94 90:6940286:6608:1:1025:1.27
38 36 90:6216998:6608:1:1025:1.27
97 36 94:5779370:7207:1:584:1.17
97 36 94 90:8173622:7207:1:584:1.17
97 36 90:7395386:7214:1:529:1.17
36 94 90:7668492:8192:1:192:1.03
36 90:6779661:8200:1:192:1.03
