31 1 71 67 41:5038945:2472:1:1969:3.4
31 1 41 90:5046668:3017:1:1969:2.79
31 1 41 90 36:5339489:2577:1:1969:3.26
31 1 41 90 36 94:5614197:2577:1:1969:3.26
31 1 41 90 94:5030674:2825:1:1969:2.98
31 1 41 36:5076959:2865:1:1969:2.94
31 1 41 36 94:5386759:2865:1:1969:2.94
120 38 90 36 97 94:5255347:3182:1:1026:2.64
120 90 36 97 94:5200306:3377:1:1026:2.49
1 71 67 41 36 94:5183472:2447:1:1969:3.44
1 71 41 36 94:5022509:2729:1:1969:3.08
1 67 41 90 36 94:5110248:2538:1:1969:3.31
1 67 41 36 94:5179405:2954:1:1969:2.85
1 41 90 36:5211127:3153:1:1969:2.67
1 41 90 36 94:5545453:3153:1:1969:2.67
1 41 36 94:5260472:3569:1:1969:2.36
88 90 36 97 94:5158710:3505:1:1297:2.4
56 90 36 97 94:5057419:4030:1:1537:2.09
24 90 36:5566128:4353:1:1730:1.93
24 90 36 97:6049820:4051:1:1730:2.08
24 90 36 97 94:6478401:4043:1:1730:2.08
24 90 36 94:6030297:4345:1:1730:1.94
24 36 97 94:5454814:4234:1:1729:1.99
71 90 36 97 94:5218782:3585:1:1345:2.35
41 38 90 36 94:5162102:3630:1:1769:2.32
41 90 36:5705199:4755:1:1769:1.77
41 90 36 94:6215059:4755:1:1769:1.77
41 36 94:5259973:5197:1:1769:1.62
38 90 36:5028731:5638:1:1026:1.49
38 90 36 97:5929473:5356:1:1026:1.57
38 90 36 97 94:6505879:5356:1:1026:1.57
38 90 36 94:5636145:5638:1:1026:1.49
38 36 97 94:5430923:5886:1:1026:1.43
90 36:5465775:7014:1:192:1.2
90 36 97:6429685:6470:1:528:1.3
90 36 97 94:7115716:6462:1:584:1.3
90 36 94:6213784:7006:1:192:1.2
36 97 94:5709082:7066:1:584:1.19
