5 97 36 94 90:5296804:3552:1:1736:2.37
31 1 88 41 36 94 90:5408489:2016:1:1977:4.17
31 1 88 41 36 90:5191669:2016:1:1977:4.17
31 1 79 41 36 94 90:5174864:2016:1:1993:4.17
31 1 71 67 41:5038945:2472:1:1969:3.4
31 1 71 67 41 36:5783260:2280:1:1969:3.69
31 1 71 67 41 36 94:6033000:2280:1:1969:3.69
31 1 71 67 41 36 94 90:6791496:2280:1:1969:3.69
31 1 71 67 41 36 90:6541756:2280:1:1969:3.69
31 1 71 67 41 94 90:5664867:2280:1:1969:3.69
31 1 71 67 41 90:5860471:2472:1:1969:3.4
31 1 71 67 36:5011954:2394:1:1897:3.51
31 1 71 67 36 94:5272898:2394:1:1897:3.51
31 1 71 67 36 94 90:6071150:2394:1:1897:3.51
31 1 71 67 36 90:5810206:2394:1:1897:3.51
31 1 71 41 36:5893834:2608:1:1969:3.23
31 1 71 41 36 94:6178926:2608:1:1969:3.23
31 1 71 41 36 94 90:7043220:2608:1:1969:3.23
31 1 71 41 36 90:6758128:2608:1:1969:3.23
31 1 71 41 94 90:5756661:2608:1:1969:3.23
31 1 71 41 90:5860253:2800:1:1969:3.0
31 1 71 36 94:5279533:2740:1:1897:3.07
31 1 71 36 94 90:6190027:2740:1:1897:3.07
31 1 71 36 90:5891799:2740:1:1897:3.07
31 1 67 41 36:5584333:2608:1:1969:3.23
31 1 67 41 36 94:5870469:2608:1:1969:3.23
31 1 67 41 36 94 90:6741135:2608:1:1969:3.23
31 1 67 41 36 90:6454999:2608:1:1969:3.23
31 1 67 41 94 90:5454522:2608:1:1969:3.23
31 1 67 41 90:5544724:2800:1:1969:3.0
31 1 67 36 94:5043634:2788:1:1825:3.02
31 1 67 36 94 90:5975890:2788:1:1825:3.02
31 1 67 36 90:5670966:2788:1:1825:3.02
31 1 41 36:6103827:3280:1:1969:2.57
31 1 41 36 94:6461925:3280:1:1969:2.57
31 1 41 36 94 90:7552491:3280:1:1969:2.57
31 1 41 36 90:7194393:3280:1:1969:2.57
31 1 41 94 90:5936937:3280:1:1969:2.57
31 1 41 90:5898517:3472:1:1969:2.42
31 1 36 94:5359241:3496:1:1825:2.41
31 1 36 94 90:6523907:3496:1:1825:2.41
31 1 36 90:6143119:3496:1:1825:2.41
31 71 67 41 36 94:5057877:2352:1:1825:3.58
31 71 67 41 36 94 90:5839965:2352:1:1825:3.58
31 71 67 41 36 90:5582351:2352:1:1825:3.58
31 71 67 36 94 90:5051030:2474:1:1825:3.4
31 71 41 36 94:5029631:2680:1:1825:3.14
31 71 41 36 94 90:5917517:2680:1:1825:3.14
31 71 41 36 90:5624551:2680:1:1825:3.14
31 67 41 36 94 90:5600948:2680:1:1825:3.14
31 67 41 36 90:5306938:2680:1:1825:3.14
31 41 36 94 90:6074053:3352:1:1825:2.51
31 41 36 90:5708081:3352:1:1825:2.51
120 38 97 36 94:5031774:3664:1:1026:2.3
120 38 97 36 94 90:6252354:3664:1:1026:2.3
120 38 97 36 90:5850604:3664:1:1026:2.3
120 38 36 94 90:5568347:3752:1:1026:2.24
120 38 36 90:5157327:3752:1:1026:2.24
120 97 36 94 90:6185074:3880:1:1026:2.17
120 97 36 90:5759928:3880:1:1026:2.17
120 36 94 90:5443227:3968:1:1026:2.12
120 36 90:5008811:3968:1:1026:2.12
104 71 67 36:5006316:3136:1:1817:2.68
104 71 67 36 94:5344766:3136:1:1817:2.68
104 71 67 36 94 90:6386372:3136:1:1817:2.68
104 71 67 36 90:6047922:3136:1:1817:2.68
104 71 36 94 90:5774171:3280:1:1817:2.57
104 71 36 90:5419177:3280:1:1817:2.57
104 67 36 94 90:5726119:3472:1:1817:2.42
104 67 36 90:5350659:3472:1:1817:2.42
104 36 94 90:5179896:3776:1:1817:2.23
1 88 79 36 94 90:5265916:2528:1:1828:3.33
1 88 67 41 36 94 90:5216087:2064:1:1977:4.08
1 88 41 36 94:5203274:2720:1:1977:3.09
1 88 41 36 94 90:6099260:2720:1:1977:3.09
1 88 41 36 90:5807276:2720:1:1977:3.09
1 88 36 94 90:5349043:2960:1:1826:2.84
1 88 36 90:5031565:2960:1:1826:2.84
1 79 41 36 94 90:5791192:2720:1:1993:3.09
1 79 41 36 90:5497750:2720:1:1993:3.09
1 79 36 94 90:5144294:3032:1:1827:2.77
1 71 67 41 36:5851777:2792:1:1969:3.01
1 71 67 41 36 94:6155571:2792:1:1969:3.01
1 71 67 41 36 94 90:7081677:2792:1:1969:3.01
1 71 67 41 36 90:6777883:2792:1:1969:3.01
1 71 67 41 94 90:5690817:2792:1:1969:3.01
1 71 67 41 90:5750207:2984:1:1969:2.82
1 71 67 36 94:5289063:3002:1:1897:2.8
1 71 67 36 94 90:6284133:3002:1:1897:2.8
1 71 67 36 90:5958601:3002:1:1897:2.8
1 71 41 36:5675945:3120:1:1969:2.7
1 71 41 36 94:6015091:3120:1:1969:2.7
1 71 41 36 94 90:7046995:3120:1:1969:2.7
1 71 41 36 90:6707849:3120:1:1969:2.7
1 71 41 94 90:5496205:3120:1:1969:2.7
1 71 41 90:5463583:3312:1:1969:2.54
1 71 36 94 90:6082595:3348:1:1897:2.51
1 71 36 90:5719779:3348:1:1897:2.51
1 67 41 36:5639599:3312:1:1969:2.54
1 67 41 36 94:6000899:3312:1:1969:2.54
1 67 41 36 94 90:7103453:3312:1:1969:2.54
1 67 41 36 90:6742153:3312:1:1969:2.54
1 67 41 94 90:5453888:3312:1:1969:2.54
1 67 41 90:5386766:3504:1:1969:2.4
1 67 36 94 90:6110248:3588:1:1825:2.34
1 67 36 90:5719626:3588:1:1825:2.34
1 41 36:5665152:3984:1:1969:2.11
1 41 36 94:6098414:3984:1:1969:2.11
1 41 36 94 90:7420868:3984:1:1969:2.11
1 41 36 90:6987606:3984:1:1969:2.11
1 41 94 90:5442362:3984:1:1969:2.11
1 41 90:5246618:4176:1:1969:2.01
1 36 94 90:6122059:4296:1:1825:1.96
1 36 90:5655573:4296:1:1825:1.96
88 79 67 97 36 94 90:5142017:2464:1:1297:3.41
88 79 67 36 94 90:5160841:2760:1:1297:3.05
88 79 41 36 94 90:5358212:2648:1:1828:3.18
88 79 41 36 90:5071930:2648:1:1828:3.18
88 79 97 36 94 90:6041360:3336:1:1297:2.52
88 79 97 36 90:5680692:3336:1:1297:2.52
88 79 36 94 90:6014455:3776:1:1297:2.23
88 79 36 90:5605521:3776:1:1297:2.23
88 71 67 97 36 94 90:5019848:2280:1:1345:3.69
88 71 67 36 94 90:5058615:2552:1:1345:3.3
88 71 97 36 94 90:5430562:2824:1:1345:2.98
88 71 97 36 90:5126600:2824:1:1345:2.98
88 71 36 94 90:5399530:3168:1:1345:2.66
88 71 36 90:5058490:3168:1:1345:2.66
88 67 97 36 94 90:5548878:3064:1:1297:2.75
88 67 97 36 90:5218748:3064:1:1297:2.75
88 67 36 94 90:5431944:3408:1:1297:2.47
88 67 36 90:5064512:3408:1:1297:2.47
88 41 36 94 90:5390081:3080:1:1826:2.73
88 41 36 90:5058699:3080:1:1826:2.73
88 97 36 94:5003994:4152:1:1297:2.03
88 97 36 94 90:6370524:4152:1:1297:2.03
88 97 36 90:5922646:4152:1:1297:2.03
88 36 94 90:6104601:4640:1:1297:1.81
88 36 90:5603381:4640:1:1297:1.81
79 71 97 36 94 90:5186587:2860:1:1345:2.94
79 71 36 94 90:5106625:3204:1:1345:2.63
79 67 97 36 94 90:5278577:3100:1:1297:2.71
79 67 36 94 90:5110237:3444:1:1297:2.44
79 41 36 94 90:5044266:3080:1:1827:2.73
79 97 36 94 90:6075370:4256:1:1297:1.98
79 97 36 90:5615540:4256:1:1297:1.98
79 36 94 90:5724700:4744:1:1297:1.77
79 36 90:5210612:4744:1:1297:1.77
56 71 67 97 36 94 90:5120866:2584:1:1537:3.26
56 71 97 36 94 90:5698587:3344:1:1537:2.52
56 71 97 36 90:5332105:3344:1:1537:2.52
56 67 97 36 94 90:5331093:3344:1:1537:2.52
56 97 36 94 90:6416069:4864:1:1537:1.73
56 97 36 90:5883877:4864:1:1537:1.73
56 36 94 90:5344525:4864:1:1537:1.73
24 97 36:5446825:4496:1:1729:1.87
24 97 36 94:5929690:4488:1:1729:1.87
24 97 36 94 90:7419952:4488:1:1729:1.87
24 97 36 90:6939589:4496:1:1729:1.87
24 97 94 90:5205421:4488:1:1729:1.87
24 36 94:5295278:4816:1:1729:1.75
24 36 94 90:6893240:4816:1:1729:1.75
24 36 90:6374091:4824:1:1729:1.74
71 67 41 36 94:5019022:2936:1:1825:2.87
71 67 41 36 94 90:5992696:2936:1:1825:2.87
71 67 41 36 90:5673122:2936:1:1825:2.87
71 67 38 97 36 94:5125820:3192:1:1361:2.64
71 67 38 97 36 94 90:6188630:3192:1:1361:2.64
71 67 38 97 36 90:5844138:3192:1:1361:2.64
71 67 38 36 94 90:5988317:3488:1:1361:2.41
71 67 38 36 90:5610645:3488:1:1361:2.41
71 67 97 36:5068266:3666:1:1345:2.3
71 67 97 36 94:5464990:3666:1:1345:2.3
71 67 97 36 94 90:6677236:3666:1:1345:2.3
71 67 97 36 90:6280512:3666:1:1345:2.3
71 67 36 94:5121542:4034:1:1345:2.09
71 67 36 94 90:6457340:4034:1:1345:2.09
71 67 36 90:6019704:4034:1:1345:2.09
71 41 36 94 90:5887788:3336:1:1825:2.52
71 41 36 90:5524370:3336:1:1825:2.52
71 38 97 36 94 90:6137115:3696:1:1361:2.28
71 38 97 36 90:5735387:3696:1:1361:2.28
71 38 36 94 90:5749459:3992:1:1361:2.11
71 38 36 90:5314551:3992:1:1361:2.11
71 97 36 94:5389983:4444:1:1345:1.89
71 97 36 94 90:6858129:4444:1:1345:1.89
71 97 36 90:6374937:4444:1:1345:1.89
71 36 94 90:6464183:4884:1:1345:1.72
71 36 90:5932027:4884:1:1345:1.72
67 41 36 94 90:5825335:3528:1:1825:2.38
67 41 36 90:5440631:3528:1:1825:2.38
67 38 97 36 94 90:6094404:3936:1:1313:2.14
67 38 97 36 90:5668766:3936:1:1313:2.14
67 38 36 94 90:5613707:4232:1:1313:1.99
67 38 36 90:5154889:4232:1:1313:1.99
67 97 36 94:5156931:4684:1:1297:1.8
67 97 36 94 90:6710703:4684:1:1297:1.8
67 97 36 90:6202641:4684:1:1297:1.8
67 36 94 90:6212196:5124:1:1297:1.64
67 36 90:5654946:5124:1:1297:1.64
41 38 36 94:5038255:4352:1:1769:1.93
41 38 36 94 90:6486031:4352:1:1769:1.93
41 38 36 90:6010801:4352:1:1769:1.93
41 36:5286659:5664:1:1769:1.49
41 36 94:5904549:5664:1:1769:1.49
41 36 94 90:7781745:5664:1:1769:1.49
41 36 90:7163855:5664:1:1769:1.49
38 97 36:5209180:6272:1:1025:1.34
38 97 36 94:5894670:6272:1:1025:1.34
38 97 36 94 90:7976604:6272:1:1025:1.34
38 97 36 90:7291114:6272:1:1025:1.34
38 36 94 90:6940286:6608:1:1025:1.27
38 36 90:6216998:6608:1:1025:1.27
97 36:5431623:7576:1:528:1.11
97 36 94:6250990:7568:1:584:1.11
97 36 94 90:8758936:7568:1:584:1.11
97 36 90:7942071:7576:1:528:1.11
97 94 90:5006386:7568:1:584:1.11
36 94 90:7668492:8192:1:192:1.03
36 90:6779661:8200:1:192:1.03
