64 42 3 5 48 66 56 34 62 7 36 60 40 29 52 58:7734367:1650:1:129:1.94
64 42 3 5 48 66 56 34 62 7 36 60 40 29 58:7560458:1651:1:129:1.93
64 42 3 5 48 66 56 34 62 7 36 60 40 52 58:7642528:1650:1:129:1.94
64 42 3 5 48 66 56 34 62 7 36 60 29 52 58:7642058:1650:1:129:1.94
64 42 3 5 48 66 56 34 62 7 36 60 52 58:7550219:1650:1:129:1.94
64 42 3 5 48 66 56 34 62 36 60 40 29 52 58:7663739:1719:1:129:1.86
64 42 3 5 48 66 56 34 62 36 60 40 52 58:7567962:1719:1:129:1.86
64 42 3 5 48 66 56 34 62 36 60 29 52 58:7567588:1719:1:129:1.86
64 42 3 5 48 66 56 62 7 36 60 40 29 52 58:7648101:1691:1:129:1.89
64 42 3 5 48 66 56 62 7 36 60 40 52 58:7554113:1691:1:129:1.89
64 42 3 5 48 66 56 62 7 36 60 29 52 58:7553583:1691:1:129:1.89
64 42 3 5 48 66 56 62 36 60 40 29 52 58:7556879:1760:1:129:1.81
64 42 3 5 48 56 34 62 7 36 60 40 29 52 58:7504886:1681:1:129:1.9
64 42 3 5 66 56 34 62 7 36 60 40 29 52 58:7526092:1707:1:129:1.87
64 42 3 48 66 56 34 62 7 36 60 40 29 52 58:7607457:1723:1:129:1.85
64 42 3 48 66 56 34 62 7 36 60 40 52 58:7511914:1723:1:129:1.85
64 42 3 48 66 56 34 62 7 36 60 29 52 58:7511264:1723:1:129:1.85
64 42 3 48 66 56 34 62 36 60 40 29 52 58:7513166:1795:1:129:1.78
64 42 3 48 66 56 62 7 36 60 40 29 52 58:7616570:1791:1:129:1.78
64 42 3 48 66 56 62 7 36 60 40 52 58:7517563:1791:1:129:1.78
64 42 3 48 66 56 62 7 36 60 29 52 58:7516637:1791:1:129:1.78
42 3 25 5 48 66 56 34 62 7 36 60 40 29 52 58:7582018:1578:1:58:2.02
42 3 25 5 48 66 56 34 62 7 36 60 29 52 58:7524733:1585:1:58:2.02
42 3 25 5 48 66 56 34 62 36 60 40 29 52 58:7536126:1647:1:58:1.94
42 3 25 5 48 66 56 62 7 36 60 40 29 52 58:7538924:1625:1:58:1.97
42 3 25 48 66 56 62 7 36 60 40 29 52 58:7509502:1719:1:58:1.86
42 3 5 48 66 56 34 62 7 36 60 40 29 52 58:7762865:1780:1:49:1.79
42 3 5 48 66 56 34 62 7 36 60 40 29 58:7586015:1784:1:49:1.79
42 3 5 48 66 56 34 62 7 36 60 40 52 58:7663271:1780:1:49:1.79
42 3 5 48 66 56 34 62 7 36 60 29 52 58:7691322:1787:1:49:1.79
42 3 5 48 66 56 34 62 7 36 60 29 58:7513348:1791:1:49:1.78
42 3 5 48 66 56 34 62 7 36 60 52 58:7591209:1787:1:49:1.79
42 3 5 48 66 56 34 62 36 60 40 29 52 58:7642033:1849:1:49:1.73
42 3 5 48 66 56 34 62 36 60 40 52 58:7538501:1849:1:49:1.73
42 3 5 48 66 56 34 62 36 60 29 52 58:7564988:1856:1:49:1.72
42 3 5 48 66 56 62 7 36 60 40 29 52 58:7666578:1827:1:49:1.75
42 3 5 48 66 56 62 7 36 60 40 52 58:7564591:1827:1:49:1.75
42 3 5 48 66 56 62 7 36 60 29 52 58:7596114:1835:1:49:1.74
42 3 5 48 66 56 62 36 60 40 29 52 58:7523888:1896:1:49:1.68
42 3 5 48 56 34 62 7 36 60 40 29 52 58:7517295:1816:1:49:1.76
42 3 5 66 56 34 62 7 36 60 40 29 52 58:7517877:1842:1:49:1.73
42 3 48 66 56 34 62 7 36 60 40 29 52 58:7590180:1856:1:48:1.72
42 3 48 66 56 34 62 7 36 60 29 52 58:7512706:1863:1:48:1.71
42 3 48 66 56 62 7 36 60 40 29 52 58:7593649:1934:1:43:1.65
42 3 48 66 56 62 7 36 60 29 52 58:7519196:1943:1:43:1.64
42 25 5 48 66 56 34 62 7 36 60 40 29 52 58:7513428:1752:1:58:1.82
42 5 48 66 56 34 62 7 36 60 40 29 52 58:7523446:1955:1:48:1.63
3 25 5 48 66 56 34 62 7 36 60 40 29 52 58:7903051:1832:1:58:1.74
3 25 5 48 66 56 34 62 7 36 60 40 29 58:7716361:1835:1:58:1.74
3 25 5 48 66 56 34 62 7 36 60 40 52 58:7801018:1832:1:58:1.74
3 25 5 48 66 56 34 62 7 36 60 40 58:7614149:1835:1:58:1.74
3 25 5 48 66 56 34 62 7 36 60 29 52 58:7843652:1843:1:58:1.73
3 25 5 48 66 56 34 62 7 36 60 29 58:7655509:1846:1:58:1.73
3 25 5 48 66 56 34 62 7 36 60 52 58:7740843:1843:1:58:1.73
3 25 5 48 66 56 34 62 7 36 60 58:7552521:1846:1:58:1.73
3 25 5 48 66 56 34 62 7 36 40 29 52 58:7501195:1832:1:58:1.74
3 25 5 48 66 56 34 62 36 60 40 29 52 58:7772790:1902:1:58:1.68
3 25 5 48 66 56 34 62 36 60 40 29 58:7577872:1905:1:58:1.68
3 25 5 48 66 56 34 62 36 60 40 52 58:7666758:1902:1:58:1.68
3 25 5 48 66 56 34 62 36 60 29 52 58:7706968:1913:1:58:1.67
3 25 5 48 66 56 34 62 36 60 29 58:7510597:1916:1:58:1.67
3 25 5 48 66 56 34 62 36 60 52 58:7600160:1913:1:58:1.67
3 25 5 48 66 56 62 7 36 60 40 29 52 58:7817487:1884:1:58:1.7
3 25 5 48 66 56 62 7 36 60 40 29 58:7624502:1887:1:58:1.69
3 25 5 48 66 56 62 7 36 60 40 52 58:7712724:1884:1:58:1.7
3 25 5 48 66 56 62 7 36 60 40 58:7519560:1887:1:58:1.69
3 25 5 48 66 56 62 7 36 60 29 52 58:7758057:1896:1:58:1.68
3 25 5 48 66 56 62 7 36 60 29 58:7563577:1899:1:58:1.68
3 25 5 48 66 56 62 7 36 60 52 58:7652452:1896:1:58:1.68
3 25 5 48 66 56 62 36 60 40 29 52 58:7664044:1954:1:58:1.63
3 25 5 48 66 56 62 36 60 40 52 58:7555282:1954:1:58:1.63
3 25 5 48 66 56 62 36 60 29 52 58:7597799:1966:1:58:1.62
3 25 5 48 56 34 62 7 36 60 40 29 52 58:7732017:1889:1:58:1.69
3 25 5 48 56 34 62 7 36 60 40 29 58:7538953:1892:1:58:1.69
3 25 5 48 56 34 62 7 36 60 40 52 58:7627107:1889:1:58:1.69
3 25 5 48 56 34 62 7 36 60 29 52 58:7666755:1900:1:58:1.68
3 25 5 48 56 34 62 7 36 60 52 58:7561069:1900:1:58:1.68
3 25 5 48 56 34 62 36 60 40 29 52 58:7573776:1959:1:58:1.63
3 25 5 48 56 34 62 36 60 29 52 58:7502091:1970:1:58:1.62
3 25 5 48 56 62 7 36 60 40 29 52 58:7625528:1941:1:58:1.65
3 25 5 48 56 62 7 36 60 40 52 58:7517888:1941:1:58:1.65
3 25 5 48 56 62 7 36 60 29 52 58:7560019:1953:1:58:1.64
3 25 5 66 56 34 62 7 36 60 40 29 52 58:7567115:1875:1:58:1.7
3 25 5 66 56 34 62 7 36 60 29 52 58:7502399:1886:1:58:1.69
3 25 48 66 56 34 62 7 36 60 40 29 52 58:7786772:1927:1:58:1.66
3 25 48 66 56 34 62 7 36 60 40 29 58:7588594:1930:1:58:1.66
3 25 48 66 56 34 62 7 36 60 40 52 58:7679675:1927:1:58:1.66
3 25 48 66 56 34 62 7 36 60 29 52 58:7723502:1939:1:58:1.65
3 25 48 66 56 34 62 7 36 60 29 58:7523785:1942:1:58:1.64
3 25 48 66 56 34 62 7 36 60 52 58:7615575:1939:1:58:1.65
3 25 48 66 56 34 62 36 60 40 29 52 58:7627645:2000:1:58:1.6
3 25 48 66 56 34 62 36 60 40 52 58:7516448:2000:1:58:1.6
3 25 48 66 56 34 62 36 60 29 52 58:7557754:2012:1:58:1.59
3 25 48 66 56 62 7 36 60 40 29 52 58:7824909:2018:1:58:1.58
3 25 48 66 56 62 7 36 60 40 29 58:7616360:2021:1:58:1.58
3 25 48 66 56 62 7 36 60 40 52 58:7713075:2018:1:58:1.58
3 25 48 66 56 62 7 36 60 40 58:7504347:2021:1:58:1.58
3 25 48 66 56 62 7 36 60 29 52 58:7762823:2032:1:58:1.57
3 25 48 66 56 62 7 36 60 29 58:7552671:2035:1:58:1.57
3 25 48 66 56 62 7 36 60 52 58:7650051:2032:1:58:1.57
3 25 48 66 56 62 36 60 40 29 52 58:7633134:2091:1:58:1.53
3 25 48 66 56 62 36 60 40 52 58:7517200:2091:1:58:1.53
3 25 48 66 56 62 36 60 29 52 58:7563755:2105:1:58:1.52
3 25 48 56 34 62 7 36 60 40 29 52 58:7629765:1996:1:58:1.6
3 25 48 56 34 62 7 36 60 40 52 58:7519149:1996:1:58:1.6
3 25 48 56 34 62 7 36 60 29 52 58:7559568:2008:1:58:1.59
3 25 48 56 62 7 36 60 40 29 52 58:7687428:2101:1:58:1.52
3 25 48 56 62 7 36 60 40 52 58:7571435:2101:1:58:1.52
3 25 48 56 62 7 36 60 29 52 58:7617372:2115:1:58:1.51
3 25 48 56 62 7 36 60 52 58:7500441:2115:1:58:1.51
3 9 5 48 66 56 34 62 7 36 60 40 29 52 58:7552509:1849:1:77:1.73
3 5 48 66 56 34 62 7 36 60 40 29 52 58:7887625:2038:1:43:1.57
3 5 48 66 56 34 62 7 36 60 40 29 58:7682001:2042:1:43:1.56
3 5 48 66 56 34 62 7 36 60 40 52 58:7773377:2038:1:43:1.57
3 5 48 66 56 34 62 7 36 60 40 58:7567496:2042:1:43:1.56
3 5 48 66 56 34 62 7 36 60 29 52 58:7812101:2049:1:43:1.56
3 5 48 66 56 34 62 7 36 60 29 58:7604963:2053:1:43:1.56
3 5 48 66 56 34 62 7 36 60 52 58:7697077:2049:1:43:1.56
3 5 48 66 56 34 62 36 60 40 29 52 58:7681180:2108:1:43:1.52
3 5 48 66 56 34 62 36 60 40 52 58:7562933:2108:1:43:1.52
3 5 48 66 56 34 62 36 60 29 52 58:7599233:2119:1:43:1.51
3 5 48 66 56 62 7 36 60 40 29 52 58:7745442:2090:1:43:1.53
3 5 48 66 56 62 7 36 60 40 29 58:7533334:2094:1:43:1.53
3 5 48 66 56 62 7 36 60 40 52 58:7628464:2090:1:43:1.53
3 5 48 66 56 62 7 36 60 29 52 58:7669487:2102:1:43:1.52
3 5 48 66 56 62 7 36 60 52 58:7551667:2102:1:43:1.52
3 5 48 66 56 62 36 60 40 29 52 58:7515815:2160:1:43:1.48
3 5 48 56 34 62 7 36 60 40 29 52 58:7648341:2096:1:43:1.52
3 5 48 56 34 62 7 36 60 40 52 58:7531178:2096:1:43:1.52
3 5 48 56 34 62 7 36 60 29 52 58:7566918:2107:1:43:1.52
3 5 66 56 34 62 7 36 60 40 29 52 58:7584710:2111:1:43:1.51
3 5 66 56 34 62 7 36 60 29 52 58:7502155:2122:1:43:1.51
3 48 66 56 34 62 7 36 60 40 29 52 58:7707535:2142:1:43:1.49
3 48 66 56 34 62 7 36 60 40 52 58:7587711:2142:1:43:1.49
3 48 66 56 34 62 7 36 60 29 52 58:7627167:2154:1:43:1.48
3 48 66 56 34 62 7 36 60 52 58:7506513:2154:1:43:1.48
3 48 66 56 62 7 36 60 40 29 52 58:7683267:2237:1:43:1.43
3 48 66 56 62 7 36 60 40 52 58:7558524:2237:1:43:1.43
3 48 66 56 62 7 36 60 29 52 58:7602941:2251:1:43:1.42
25 5 48 66 56 34 62 7 36 60 40 29 52 58:7734086:2035:1:58:1.57
25 5 48 66 56 34 62 7 36 60 40 29 58:7526952:2039:1:58:1.57
25 5 48 66 56 34 62 7 36 60 40 52 58:7628137:2037:1:58:1.57
25 5 48 66 56 34 62 7 36 60 29 52 58:7658822:2046:1:58:1.56
25 5 48 66 56 34 62 7 36 60 52 58:7551973:2048:1:58:1.56
25 5 48 66 56 34 62 36 60 40 29 52 58:7584452:2122:1:58:1.51
25 5 48 66 56 34 62 36 60 29 52 58:7501700:2133:1:58:1.5
25 5 48 66 56 62 7 36 60 40 29 52 58:7617844:2095:1:58:1.52
25 5 48 66 56 62 7 36 60 40 52 58:7508479:2097:1:58:1.52
25 5 48 66 56 62 7 36 60 29 52 58:7541383:2107:1:58:1.52
25 5 48 56 34 62 7 36 60 40 29 52 58:7539856:2105:1:58:1.52
25 48 66 56 34 62 7 36 60 40 29 52 58:7545425:2140:1:58:1.49
25 48 66 56 62 7 36 60 40 29 52 58:7528646:2239:1:58:1.43
5 48 66 56 34 62 7 36 60 40 29 52 58:7541650:2244:1:43:1.42
