53 104 71:1082296:816:1:1817:10.3
53 71 41:1078244:808:1:1829:10.4
13:1027712:2320:1:1897:3.63
13 120:1169896:1334:1:1897:6.3
13 120 67 71 97:1010739:582:1:1897:14.44
13 120 67 97:1066326:788:1:1897:10.67
13 120 71:1114420:884:1:1897:9.51
13 120 71 97:1293636:876:1:1897:9.6
13 120 36 94 97:1113557:690:1:1899:12.18
13 120 36 97:1082661:724:1:1899:11.61
13 120 94:1060338:1075:1:1897:7.82
13 120 94 97:1286592:1067:1:1897:7.88
13 120 97:1455916:1326:1:1897:6.34
13 67:1035714:1457:1:1897:5.77
13 67 71:1230621:1117:1:1897:7.53
13 67 71 38:1262179:1041:1:1993:8.08
13 67 71 97:1394856:1061:1:1897:7.92
13 67 38:1075581:1305:1:1993:6.44
13 67 94 97:1036671:1007:1:1897:8.35
13 67 97:1300706:1401:1:1897:6.0
13 79 94 97:1008713:986:1:1921:8.53
13 79 97:1134167:1216:1:1921:6.92
13 71:1321733:1584:1:1897:5.31
13 71 38:1351609:1432:1:1993:5.87
13 71 38 94:1047469:1006:1:1993:8.36
13 71 94:1007035:1089:1:1897:7.72
13 71 94 97:1163462:1029:1:1897:8.17
13 71 97:1601292:1524:1:1897:5.52
13 36:1060059:1228:1:1898:6.85
13 36 38:1010382:1041:1:1994:8.08
13 36 38 94:1070563:984:1:1994:8.54
13 36 94:1129546:1152:1:1898:7.3
13 36 94 97:1297183:1090:1:1898:7.71
13 36 97:1253720:1166:1:1898:7.21
13 41:1065752:1216:1:1993:6.92
13 38:1118192:2016:1:1993:4.17
13 38 94:1039316:1561:1:1993:5.39
13 94 97:1298362:1692:1:1897:4.97
13 97:1472920:2220:1:1897:3.79
9 36:1061433:1707:1:1839:4.93
9 36 24:1248747:1126:1:1839:7.47
9 36 24 94:1267774:1052:1:1839:7.99
9 36 94:1175001:1598:1:1839:5.26
9 24:1018461:1548:1:1837:5.43
12 79 71:1154683:1316:1:1989:6.39
12 79 71 97:1253050:1140:1:1989:7.38
12 79 94 97:1139554:1414:1:1985:5.95
12 79 97:1256590:1756:1:1985:4.79
12 71:1063605:1772:1:1989:4.75
12 71 97:1265374:1546:1:1989:5.44
12 97:1045596:2378:1:1985:3.54
90 11 38 94 97:1047394:990:1:1467:8.49
90 11 38 97:1038535:1084:1:1464:7.76
90 120:1033376:1510:1:1030:5.57
90 120 71 38 97:1059223:776:1:1372:10.83
90 120 71 97:1029875:824:1:1372:10.2
90 120 36 38 94 97:1092573:807:1:1039:10.42
90 120 36 38 97:1085957:867:1:1039:9.7
90 120 36 94 97:1045833:842:1:1039:9.98
90 120 36 97:1036021:909:1:1039:9.25
90 120 38:1157516:1453:1:1030:5.79
90 120 38 94:1143392:1266:1:1030:6.64
90 120 38 94 97:1391024:1243:1:1030:6.77
90 120 38 97:1451442:1430:1:1030:5.88
90 120 94:1039166:1314:1:1030:6.4
90 120 94 97:1298250:1291:1:1030:6.51
90 120 97:1341314:1487:1:1030:5.66
90 31 67 1 71:1005541:585:1:1906:14.36
90 31 67 1 71 41:1196719:571:1:1976:14.71
90 31 67 1 41:1158234:645:1:1976:13.03
90 31 1:1043888:918:1:1827:9.16
90 31 1 71:1037754:719:1:1906:11.69
90 31 1 71 41:1254099:689:1:1976:12.2
90 31 1 41:1322730:868:1:1976:9.68
90 31 1 41 94:1078740:659:1:1976:12.75
90 67 1 71 41:1079166:655:1:1976:12.83
90 67 1 41:1041019:766:1:1976:10.97
90 1 71 41:1138711:823:1:1976:10.21
90 1 41:1174294:1071:1:1976:7.85
90 1 41 94:1022358:848:1:1976:9.91
90 71 38 97:1165745:1276:1:1361:6.59
90 71 97:1130066:1420:1:1346:5.92
90 36 24:1199877:1229:1:1733:6.84
90 36 24 94:1236911:1152:1:1733:7.3
90 36 24 94 97:1355640:1059:1:1733:7.94
90 36 24 97:1345576:1136:1:1733:7.4
90 36 41:1064894:1176:1:1774:7.15
90 36 41 94:1126912:1115:1:1774:7.54
90 36 38 94 97:1223692:1322:1:1037:6.36
90 36 38 97:1174399:1415:1:1037:5.94
90 36 94 97:1227978:1513:1:584:5.56
90 36 97:1174258:1639:1:528:5.13
90 24:1348812:1812:1:1733:4.64
90 24 94:1333958:1575:1:1733:5.34
90 24 94 97:1527535:1443:1:1733:5.83
90 24 97:1608607:1679:1:1733:5.01
90 41:1103394:1737:1:1770:4.84
90 41 38:1079314:1445:1:1770:5.82
90 41 38 94:1049474:1224:1:1770:6.87
90 41 94:1107774:1486:1:1770:5.66
90 38 94 97:1323260:1953:1:1030:4.31
90 38 97:1312598:2268:1:1030:3.71
90 94 97:1227380:2187:1:584:3.85
90 97:1180540:2549:1:337:3.3
88 5 71 97:1088484:877:1:1751:9.59
88 5 97:1043101:1228:1:1739:6.85
88 120 71 38 97:1037757:709:1:1363:11.85
88 120 71 97:1042714:772:1:1353:10.89
88 120 38 97:1181801:1092:1:1318:7.7
88 120 97:1118136:1155:1:1308:7.28
88 31:1055699:1420:1:1821:5.92
88 31 104 67 71:1023251:556:1:1833:15.11
88 31 104 71:1102184:694:1:1833:12.11
88 31 67 1:1397146:911:1:1835:9.23
88 31 67 1 71:1415018:729:1:1979:11.53
88 31 67 1 71 41:1668462:696:1:1979:12.07
88 31 67 1 71 41 94:1118588:469:1:1982:17.91
88 31 67 1 41:1701488:857:1:1979:9.81
88 31 67 1 41 94:1274488:626:1:1982:13.42
88 31 67 1 94:1068660:672:1:1835:12.51
88 31 67 71:1089488:759:1:1833:11.07
88 31 67 71 41:1365612:722:1:1835:11.64
88 31 67 41:1307423:883:1:1835:9.52
88 31 67 41 94:1002755:652:1:1836:12.89
88 31 79 1:1336260:942:1:1836:8.92
88 31 79 1 36:1011399:556:1:1916:15.11
88 31 79 1 36 94:1004730:519:1:1916:16.18
88 31 79 1 94:1214591:795:1:1836:10.57
88 31 79 41:1238400:908:1:1859:9.26
88 31 79 41 94:1133798:772:1:1859:10.89
88 31 1:1699546:1374:1:1830:6.12
88 31 1 71:1639232:995:1:1979:8.45
88 31 1 71 41:1975600:942:1:1979:8.92
88 31 1 71 41 94:1373784:652:1:1982:12.89
88 31 1 71 94:1159361:696:1:1982:12.07
88 31 1 36:1093917:699:1:1834:12.02
88 31 1 36 41:1345240:679:1:1984:12.38
88 31 1 36 41 94:1290675:615:1:1984:13.66
88 31 1 36 94:1063755:633:1:1834:13.27
88 31 1 41:2181741:1300:1:1979:6.47
88 31 1 41 94:1749407:1002:1:1982:8.39
88 31 1 94:1396007:1065:1:1830:7.89
88 31 71:1194245:1041:1:1833:8.08
88 31 71 41:1566835:982:1:1833:8.56
88 31 71 41 94:1114714:692:1:1836:12.14
88 31 36 41:1027469:690:1:1837:12.18
88 31 36 41 94:1004482:626:1:1837:13.42
88 31 41:1585973:1340:1:1833:6.28
88 31 41 94:1306979:1042:1:1836:8.07
88 104:1135277:1573:1:1821:5.35
88 104 67 71:1251334:940:1:1826:8.94
88 104 79:1087839:1189:1:1821:7.07
88 104 79 71:1210807:930:1:1821:9.04
88 104 79 71 94:1100329:788:1:1821:10.67
88 104 79 94:1056768:1037:1:1821:8.11
88 104 71:1463417:1314:1:1821:6.4
88 104 71 94:1181264:1010:1:1821:8.32
88 104 94:1015073:1259:1:1821:6.68
88 67:1003129:1759:1:1309:4.78
88 67 1:1258963:1185:1:1835:7.1
88 67 1 71:1374881:939:1:1979:8.95
88 67 1 71 41:1672368:873:1:1979:9.63
88 67 1 71 41 94:1232076:639:1:1982:13.15
88 67 1 71 94:1018460:688:1:1982:12.21
88 67 1 41:1658857:1098:1:1979:7.66
88 67 1 41 94:1348885:857:1:1982:9.81
88 67 1 94:1043031:925:1:1835:9.09
88 67 56 71 97:1099964:806:1:1546:10.43
88 67 56 97:1112361:1150:1:1546:7.31
88 67 71:1273686:1313:1:1358:6.4
88 67 71 41:1309204:927:1:1835:9.07
88 67 71 38:1197899:1099:1:1362:7.65
88 67 71 38 97:1274123:979:1:1362:8.59
88 67 71 97:1376980:1166:1:1358:7.21
88 67 41:1187817:1178:1:1835:7.14
88 67 38 97:1147665:1264:1:1313:6.65
88 67 94 97:1045812:1240:1:1309:6.78
88 67 97:1248804:1595:1:1309:5.27
88 79 1:1324485:1354:1:1836:6.21
88 79 1 36:1023257:743:1:1916:11.31
88 79 1 36 94:1033574:694:1:1916:12.11
88 79 1 94:1256764:1163:1:1836:7.23
88 79 71:1187606:1352:1:1347:6.22
88 79 71 41:1162262:891:1:1836:9.43
88 79 71 94:1036162:1087:1:1348:7.74
88 79 71 94 97:1060724:924:1:1348:9.1
88 79 71 97:1299328:1188:1:1347:7.08
88 79 36 41:1046732:809:1:1916:10.39
88 79 36 41 94:1058141:754:1:1916:11.15
88 79 36 94 97:1004016:862:1:1298:9.75
88 79 24:1112624:1128:1:1729:7.45
88 79 24 94:1037730:966:1:1729:8.7
88 79 24 94 97:1042822:817:1:1729:10.29
88 79 24 97:1175714:978:1:1729:8.6
88 79 41:1317010:1436:1:1836:5.86
88 79 41 94:1267604:1245:1:1836:6.75
88 79 94:1033542:1758:1:1298:4.78
88 79 94 97:1208807:1523:1:1298:5.52
88 79 97:1277389:1810:1:1298:4.65
88 1:1402693:1786:1:1830:4.71
88 1 71:1549598:1303:1:1979:6.45
88 1 71 41:1970900:1206:1:1979:6.97
88 1 71 41 94:1486885:892:1:1982:9.42
88 1 71 94:1185010:967:1:1982:8.69
88 1 36:1013913:886:1:1834:9.49
88 1 36 41:1311993:841:1:1984:10.0
88 1 36 41 94:1286011:769:1:1984:10.93
88 1 36 94:1012729:808:1:1834:10.4
88 1 41:2041354:1668:1:1979:5.04
88 1 41 94:1740953:1339:1:1982:6.28
88 1 94:1238362:1433:1:1830:5.87
88 56 71:1071218:1231:1:1546:6.83
88 56 71 97:1327448:1225:1:1546:6.86
88 56 94 97:1102110:1464:1:1550:5.74
88 56 97:1351178:1938:1:1546:4.34
88 71:1383711:2000:1:1347:4.21
88 71 41:1490695:1323:1:1830:6.36
88 71 41 94:1149113:988:1:1830:8.51
88 71 38:1258227:1555:1:1362:5.41
88 71 38 94 97:1024029:989:1:1363:8.5
88 71 38 97:1451441:1416:1:1362:5.94
88 71 94:1077348:1476:1:1348:5.7
88 71 94 97:1156065:1260:1:1348:6.67
88 71 97:1617636:1783:1:1347:4.72
88 36 41:1009697:952:1:1834:8.83
88 36 41 94:1016475:868:1:1834:9.68
88 36 94 97:1054538:1124:1:1298:7.48
88 36 97:1046462:1252:1:1298:6.72
88 24:1241749:1560:1:1729:5.39
88 24 94:1147843:1301:1:1729:6.46
88 24 94 97:1254635:1148:1:1729:7.32
88 24 97:1429715:1406:1:1729:5.98
88 41:1355805:1868:1:1830:4.5
88 41 94:1221087:1515:1:1830:5.55
88 38 94 97:1086319:1526:1:1313:5.51
88 38 97:1263128:1968:1:1313:4.27
88 94 97:1227980:2075:1:1298:4.05
88 97:1361919:2621:1:1298:3.21
6 120 36 38:1046137:1003:1:1909:8.38
6 120 36 38 94:1128202:974:1:1909:8.63
6 120 36 38 94 97:1298445:950:1:1909:8.85
6 120 36 38 97:1226906:979:1:1909:8.59
6 120 36 94:1051851:1005:1:1909:8.37
6 120 36 94 97:1231132:981:1:1909:8.57
6 120 36 97:1158441:1015:1:1909:8.28
6 120 38 94 97:1172007:1274:1:1892:6.6
6 120 38 97:1185663:1451:1:1890:5.8
6 120 94 97:1062909:1318:1:1892:6.38
6 120 97:1067499:1516:1:1890:5.55
6 31 97:1076016:1504:1:1789:5.59
6 67 56 71 97:1130925:1037:1:1682:8.11
6 67 71 38 97:1052070:1015:1:1893:8.28
6 67 71 97:1089988:1178:1:1682:7.14
6 56 71 94 97:1003683:1134:1:1681:7.41
6 56 71 97:1243716:1509:1:1681:5.57
6 56 36 94 97:1139186:1183:1:1684:7.11
6 56 36 97:1068216:1255:1:1684:6.7
6 71 38 97:1092276:1413:1:1889:5.95
6 71 97:1144262:1730:1:1681:4.86
6 36:1050849:2100:1:869:4.01
6 36 41:1565328:1655:1:1849:5.08
6 36 41 94:1684210:1585:1:1849:5.31
6 36 38:1085112:1763:1:1904:4.77
6 36 38 94:1251231:1719:1:1904:4.89
6 36 38 94 97:1535951:1638:1:1904:5.13
6 36 38 97:1391084:1682:1:1904:5.0
6 36 94:1236727:2011:1:869:4.18
6 36 94 97:1588775:1930:1:1160:4.36
6 36 97:1435517:2019:1:869:4.17
6 41:1200275:2448:1:1849:3.44
6 41 94:1250004:2095:1:1849:4.02
6 38 94 97:1107232:2266:1:1891:3.71
6 94 97:1008115:2689:1:1160:3.13
11:1257361:3268:1:1457:2.57
11 5:1025623:1430:1:1585:5.88
11 5 120 38 97:1012048:684:1:1736:12.29
11 5 36 41:1014213:642:1:1910:13.09
11 5 36 41 38:1086575:642:1:1910:13.09
11 5 36 41 38 94:1098646:608:1:1910:13.82
11 5 36 41 94:1030086:608:1:1910:13.82
11 5 36 38:1013745:827:1:1596:10.16
11 5 36 38 94:1022946:765:1:1596:10.99
11 5 36 38 94 97:1127872:731:1:1736:11.5
11 5 36 38 97:1138229:793:1:1736:10.6
11 5 36 94 97:1059711:740:1:1736:11.36
11 5 36 97:1062358:802:1:1736:10.48
11 5 41:1207384:1038:1:1905:8.1
11 5 41 38:1322604:1038:1:1905:8.1
11 5 41 38 94:1207189:883:1:1908:9.52
11 5 41 94:1108883:883:1:1908:9.52
11 5 38:1174324:1418:1:1585:5.93
11 5 38 94:1100194:1192:1:1588:7.05
11 5 38 94 97:1285700:1134:1:1736:7.41
11 5 38 97:1426094:1360:1:1736:6.18
11 5 94 97:1171455:1146:1:1736:7.34
11 5 97:1286041:1372:1:1736:6.13
11 120:1396972:1724:1:1460:4.88
11 120 67 38 94 97:1016371:682:1:1490:12.32
11 120 67 38 97:1111904:798:1:1490:10.53
11 120 67 97:1039209:811:1:1490:10.36
11 120 71:1096665:929:1:1843:9.05
11 120 71 38:1180633:914:1:1843:9.2
11 120 71 38 94:1020397:740:1:1843:11.36
11 120 71 94 97:1048182:708:1:1909:11.87
11 120 71 97:1236736:882:1:1909:9.53
11 120 36:1302999:1076:1:1481:7.81
11 120 36 38:1388337:1052:1:1481:7.99
11 120 36 38 94:1452744:1010:1:1487:8.32
11 120 36 38 94 97:1639480:992:1:1487:8.48
11 120 36 38 97:1587437:1034:1:1481:8.13
11 120 36 94:1374028:1034:1:1487:8.13
11 120 36 94 97:1568304:1016:1:1487:8.28
11 120 36 97:1509639:1058:1:1481:7.95
11 120 38:1560857:1693:1:1460:4.97
11 120 38 94:1558626:1507:1:1464:5.58
11 120 38 94 97:1832329:1460:1:1464:5.76
11 120 38 97:1885156:1646:1:1460:5.11
11 120 94:1417033:1538:1:1464:5.47
11 120 94 97:1702630:1491:1:1464:5.64
11 120 97:1733165:1677:1:1460:5.02
11 67:1091043:1689:1:1489:4.98
11 67 71:1367499:1318:1:1843:6.38
11 67 71 36:1069682:757:1:1852:11.1
11 67 71 36 38:1141607:750:1:1852:11.21
11 67 71 36 38 94:1160235:709:1:1852:11.85
11 67 71 36 94:1093120:716:1:1852:11.74
11 67 71 36 94 97:1091648:631:1:1909:13.32
11 67 71 36 97:1089324:672:1:1909:12.51
11 67 71 38:1499322:1306:1:1843:6.44
11 67 71 38 94:1373079:1116:1:1843:7.53
11 67 71 94:1263354:1128:1:1843:7.45
11 67 71 94 97:1298070:983:1:1909:8.55
11 67 71 97:1465753:1173:1:1909:7.17
11 67 36:1030390:986:1:1489:8.53
11 67 36 38:1118379:970:1:1489:8.67
11 67 36 38 94:1164082:918:1:1489:9.16
11 67 36 38 94 97:1230736:833:1:1489:10.09
11 67 36 38 97:1208775:885:1:1489:9.5
11 67 36 94:1083187:934:1:1489:9.0
11 67 36 94 97:1163119:849:1:1489:9.9
11 67 36 97:1134064:901:1:1489:9.33
11 67 38:1261574:1668:1:1489:5.04
11 67 38 94:1242015:1455:1:1489:5.78
11 67 38 94 97:1396124:1310:1:1489:6.42
11 67 38 97:1485401:1523:1:1489:5.52
11 67 94:1097264:1476:1:1489:5.7
11 67 94 97:1271715:1331:1:1489:6.32
11 67 97:1335212:1544:1:1489:5.45
11 79 71:1056444:1010:1:1867:8.32
11 79 71 38:1142720:988:1:1867:8.51
11 79 71 97:1150398:909:1:1933:9.25
11 79 38:1114686:1460:1:1513:5.76
11 79 38 94:1056104:1230:1:1513:6.84
11 79 38 94 97:1209148:1129:1:1513:7.45
11 79 38 97:1338946:1359:1:1513:6.19
11 79 94 97:1125006:1169:1:1513:7.19
11 79 97:1224698:1399:1:1513:6.01
11 71:1426817:1850:1:1843:4.55
11 71 36:1009329:891:1:1852:9.43
11 71 36 38:1093763:881:1:1852:9.54
11 71 36 38 94:1114558:820:1:1852:10.25
11 71 36 94:1037264:830:1:1852:10.13
11 71 36 94 97:1079532:744:1:1909:11.3
11 71 36 97:1077451:805:1:1909:10.44
11 71 38:1611694:1828:1:1843:4.6
11 71 38 94:1474037:1514:1:1843:5.56
11 71 94:1325734:1536:1:1843:5.48
11 71 94 97:1473517:1377:1:1909:6.11
11 71 97:1672304:1691:1:1909:4.97
11 36:1607886:1988:1:1472:4.23
11 36 41:1767849:1391:1:1814:6.05
11 36 41 38:1921417:1391:1:1814:6.05
11 36 41 38 94:2025875:1353:1:1814:6.22
11 36 41 94:1876393:1353:1:1814:6.22
11 36 38:1789379:1952:1:1472:4.31
11 36 38 94:1938048:1876:1:1472:4.48
11 36 38 94 97:2190684:1758:1:1472:4.78
11 36 38 97:2075313:1834:1:1472:4.59
11 36 94:1759260:1904:1:1472:4.42
11 36 94 97:2031686:1786:1:1472:4.71
11 36 97:1915730:1870:1:1472:4.5
11 41:1795307:2164:1:1809:3.89
11 41 38:2033177:2164:1:1809:3.89
11 41 38 94:2036664:1949:1:1811:4.32
11 41 94:1822554:1949:1:1811:4.32
11 38:1594087:3220:1:1457:2.61
11 38 94:1726184:2866:1:1459:2.94
11 38 94 97:2171847:2651:1:1459:3.17
11 38 97:2154844:3005:1:1457:2.8
11 94:1428662:2906:1:1459:2.9
11 94 97:1906101:2691:1:1459:3.13
11 97:1852014:3053:1:1457:2.76
5:1262820:3796:1:1153:2.22
5 120:1223626:1613:1:1514:5.21
5 120 67 71 38 97:1014561:581:1:1629:14.46
5 120 67 71 97:1027703:629:1:1629:13.36
5 120 71:1068031:945:1:1526:8.9
5 120 71 38:1057843:853:1:1526:9.85
5 120 71 38 97:1239201:846:1:1605:9.94
5 120 71 94 97:1016026:708:1:1748:11.87
5 120 71 97:1269859:938:1:1605:8.96
5 120 36:1124982:963:1:1526:8.73
5 120 36 38:1171420:916:1:1526:9.18
5 120 36 38 94:1181992:845:1:1526:9.95
5 120 36 38 94 97:1362317:844:1:1736:9.96
5 120 36 38 97:1369137:915:1:1736:9.19
5 120 36 94:1140068:884:1:1526:9.51
5 120 36 94 97:1329219:883:1:1736:9.52
5 120 36 97:1333901:962:1:1736:8.74
5 120 38:1312642:1510:1:1514:5.57
5 120 38 94:1245202:1268:1:1514:6.63
5 120 38 94 97:1518096:1261:1:1736:6.67
5 120 38 97:1646306:1503:1:1593:5.6
5 120 94:1179128:1354:1:1514:6.21
5 120 94 97:1470684:1347:1:1736:6.24
5 120 97:1580632:1606:1:1593:5.24
5 67:1129324:1918:1:1329:4.39
5 67 79 71 97:1072249:751:1:1778:11.19
5 67 79 97:1092761:1047:1:1766:8.03
5 67 71:1508431:1535:1:1347:5.48
5 67 71 36:1087350:802:1:1358:10.48
5 67 71 36 38:1083813:732:1:1557:11.48
5 67 71 36 38 94:1062617:669:1:1557:12.56
5 67 71 36 38 94 97:1127704:627:1:1772:13.4
5 67 71 36 38 97:1170038:690:1:1772:12.18
5 67 71 36 94:1063709:726:1:1358:11.58
5 67 71 36 94 97:1138697:680:1:1772:12.36
5 67 71 36 97:1187716:756:1:1772:11.12
5 67 71 38:1435737:1315:1:1550:6.4
5 67 71 38 94:1209614:1034:1:1550:8.13
5 67 71 38 94 97:1317782:958:1:1772:8.78
5 67 71 38 97:1622537:1239:1:1629:6.79
5 67 71 94:1249782:1183:1:1348:7.11
5 67 71 94 97:1380893:1096:1:1772:7.67
5 67 71 97:1736444:1447:1:1629:5.81
5 67 36:1010888:1034:1:1331:8.13
5 67 36 38 94 97:1068090:753:1:1760:11.16
5 67 36 38 97:1094268:833:1:1760:10.09
5 67 36 94:1023965:939:1:1331:8.95
5 67 36 94 97:1148696:884:1:1760:9.51
5 67 36 97:1166951:979:1:1760:8.59
5 67 38:1081041:1549:1:1538:5.43
5 67 38 94 97:1151068:1159:1:1760:7.26
5 67 38 97:1349852:1473:1:1617:5.71
5 67 94:1039022:1528:1:1329:5.5
5 67 94 97:1264748:1426:1:1760:5.9
5 67 97:1464082:1815:1:1617:4.63
5 79:1325019:2184:1:1311:3.85
5 79 71:1513670:1524:1:1345:5.52
5 79 71 38:1178651:1064:1:1531:7.9
5 79 71 38 97:1351299:1016:1:1754:8.28
5 79 71 94:1108918:1065:1:1345:7.89
5 79 71 94 97:1202132:970:1:1754:8.67
5 79 71 97:1735512:1428:1:1754:5.89
5 79 36 97:1050872:895:1:1742:9.39
5 79 38:1014912:1408:1:1519:5.97
5 79 38 97:1284427:1360:1:1742:6.18
5 79 94:1131459:1659:1:1311:5.07
5 79 94 97:1349440:1516:1:1742:5.55
5 79 97:1695124:2040:1:1742:4.12
5 71:1672032:2324:1:1345:3.62
5 71 36:1126562:1044:1:1345:8.05
5 71 36 38:1048055:872:1:1536:9.64
5 71 36 38 94:1010535:768:1:1536:10.94
5 71 36 38 94 97:1104867:726:1:1751:11.58
5 71 36 38 97:1173113:830:1:1751:10.13
5 71 36 94:1084135:911:1:1345:9.23
5 71 36 94 97:1169465:839:1:1751:10.02
5 71 36 97:1253006:972:1:1751:8.65
5 71 38:1547379:1864:1:1525:4.51
5 71 38 94:1252088:1378:1:1525:6.1
5 71 38 94 97:1446996:1298:1:1748:6.48
5 71 38 97:1875125:1784:1:1605:4.71
5 71 94:1353679:1704:1:1345:4.94
5 71 94 97:1575611:1577:1:1748:5.33
5 71 97:2064736:2196:1:1605:3.83
5 36:1666320:2206:1:1153:3.81
5 36 41:2086156:1735:1:1897:4.85
5 36 41 38:1821106:1375:1:1897:6.12
5 36 41 38 94:1862812:1290:1:1897:6.52
5 36 41 94:2141090:1624:1:1897:5.18
5 36 38:1548870:1783:1:1161:4.72
5 36 38 94:1617377:1642:1:1161:5.12
5 36 38 94 97:1904077:1588:1:1736:5.3
5 36 38 97:1876932:1729:1:1736:4.86
5 36 94:1766188:2030:1:1153:4.14
5 36 94 97:2071039:1909:1:1736:4.41
5 36 97:2028599:2085:1:1736:4.03
5 41:2122840:2764:1:1897:3.04
5 41 38:1906636:2156:1:1897:3.9
5 41 38 94:1744170:1773:1:1897:4.74
5 41 94:1958530:2260:1:1897:3.72
5 38:1340862:3020:1:1153:2.79
5 38 94:1329880:2463:1:1155:3.42
5 38 94 97:1784130:2363:1:1736:3.56
5 38 97:1949100:2920:1:1593:2.88
5 94:1332916:3096:1:1153:2.72
5 94 97:1871354:2901:1:1736:2.9
5 97:2000900:3600:1:1593:2.34
120:1643240:3863:1:1026:2.18
120 67:1312483:1929:1:1302:4.36
120 67 71:1571966:1470:1:1351:5.72
120 67 71 36:1093575:756:1:1359:11.12
120 67 71 36 38:1112519:712:1:1373:11.8
120 67 71 36 38 94:1120666:668:1:1373:12.58
120 67 71 36 38 94 97:1201646:639:1:1373:13.15
120 67 71 36 38 97:1208407:683:1:1373:12.3
120 67 71 36 94:1098493:703:1:1359:11.95
120 67 71 36 94 97:1189223:674:1:1359:12.47
120 67 71 36 97:1201889:727:1:1359:11.56
120 67 71 38:1638113:1386:1:1363:6.07
120 67 71 38 94:1339659:1060:1:1363:7.93
120 67 71 38 94 97:1458572:991:1:1363:8.48
120 67 71 38 97:1839996:1317:1:1363:6.39
120 67 71 94:1290639:1122:1:1351:7.49
120 67 71 94 97:1429204:1053:1:1351:7.98
120 67 71 97:1799377:1401:1:1351:6.0
120 67 36:1185374:1088:1:1314:7.73
120 67 36 38:1240739:1030:1:1328:8.16
120 67 36 38 94:1288563:975:1:1328:8.62
120 67 36 38 94 97:1446440:946:1:1328:8.89
120 67 36 38 97:1416360:1001:1:1328:8.4
120 67 36 94:1236110:1023:1:1314:8.22
120 67 36 94 97:1407429:994:1:1314:8.46
120 67 36 97:1377361:1059:1:1314:7.94
120 67 38:1453687:1831:1:1314:4.59
120 67 38 94:1330374:1485:1:1314:5.66
120 67 38 94 97:1568521:1416:1:1314:5.94
120 67 38 97:1780180:1762:1:1314:4.77
120 67 94:1219824:1560:1:1302:5.39
120 67 94 97:1481315:1491:1:1302:5.64
120 67 97:1668444:1860:1:1302:4.52
120 79:1121687:1679:1:1298:5.01
120 79 71:1177174:1123:1:1347:7.49
120 79 71 38:1125637:968:1:1363:8.69
120 79 71 38 97:1235425:891:1:1363:9.43
120 79 71 94 97:1063234:791:1:1347:10.63
120 79 71 97:1329908:1046:1:1347:8.04
120 79 36 94 97:1017864:742:1:1302:11.33
120 79 36 97:1029622:818:1:1302:10.28
120 79 38:1165354:1492:1:1314:5.64
120 79 38 94:1109615:1250:1:1314:6.73
120 79 38 94 97:1296266:1173:1:1314:7.17
120 79 38 97:1421057:1415:1:1314:5.94
120 79 94:1083699:1398:1:1298:6.02
120 79 94 97:1310172:1321:1:1298:6.37
120 79 97:1427824:1602:1:1298:5.25
120 71:1791066:2227:1:1347:3.78
120 71 36:1207059:1038:1:1347:8.1
120 71 36 38:1240755:972:1:1373:8.65
120 71 36 38 94:1234592:886:1:1373:9.49
120 71 36 38 94 97:1361686:854:1:1373:9.84
120 71 36 38 97:1392015:940:1:1373:8.94
120 71 36 94:1202759:940:1:1347:8.94
120 71 36 94 97:1344907:908:1:1347:9.26
120 71 36 97:1376841:1006:1:1347:8.36
120 71 38:1901169:2072:1:1363:4.06
120 71 38 94:1587817:1579:1:1363:5.33
120 71 38 94 97:1809124:1488:1:1363:5.65
120 71 38 97:2249750:1981:1:1363:4.25
120 71 94:1512317:1697:1:1347:4.96
120 71 94 97:1767820:1606:1:1347:5.24
120 71 97:2183935:2136:1:1347:3.94
120 36:2025066:2375:1:1039:3.54
120 36 38:2195934:2277:1:1039:3.69
120 36 38 94:2344793:2164:1:1039:3.89
120 36 38 94 97:2763471:2132:1:1039:3.95
120 36 38 97:2645486:2245:1:1039:3.75
120 36 94:2185857:2248:1:1039:3.74
120 36 94 97:2626557:2216:1:1039:3.8
120 36 97:2500628:2343:1:1039:3.59
120 38:1977054:3676:1:1026:2.29
120 38 94:2041202:3145:1:1026:2.68
120 38 94 97:2648436:3054:1:1026:2.75
120 38 97:2721146:3585:1:1026:2.35
120 94:1765006:3293:1:1026:2.55
120 94 97:2413404:3202:1:1026:2.63
120 97:2439108:3772:1:1026:2.23
31:1675360:3808:1:1777:2.21
31 104:2124824:2432:1:1825:3.46
31 104 67:2053555:1856:1:1825:4.53
31 104 67 71:2730839:1822:1:1825:4.62
31 104 67 71 36:2073996:1082:1:1845:7.77
31 104 67 71 36 94:2107927:1035:1:1845:8.12
31 104 67 71 94:2209121:1395:1:1825:6.03
31 104 67 36:1684502:1100:1:1837:7.64
31 104 67 36 94:1742158:1053:1:1837:7.98
31 104 67 94:1715787:1429:1:1825:5.89
31 104 79:1224386:1072:1:1849:7.84
31 104 79 71:1425871:928:1:1849:9.06
31 104 79 71 94:1247460:767:1:1849:10.96
31 104 79 94:1129635:910:1:1849:9.24
31 104 71:2871874:2272:1:1825:3.7
31 104 71 36:2009644:1214:1:1826:6.93
31 104 71 36 94:2056176:1157:1:1826:7.27
31 104 71 94:2387657:1757:1:1825:4.79
31 104 36:1713083:1336:1:1826:6.29
31 104 36 94:1796016:1278:1:1826:6.58
31 104 94:1875044:1916:1:1825:4.39
31 67:1862520:2644:1:1817:3.18
31 67 79:1144877:1204:1:1817:6.98
31 67 79 1:1672049:1152:1:1827:7.3
31 67 79 1 71:1460358:796:1:1921:10.56
31 67 79 1 71 41:1658623:726:1:1993:11.58
31 67 79 1 71 41 94:1242722:530:1:1993:15.85
31 67 79 1 71 94:1120005:590:1:1921:14.24
31 67 79 1 36 41:1019674:465:1:1994:18.06
31 67 79 1 41:1924934:1016:1:1993:8.28
31 67 79 1 41 94:1617454:812:1:1993:10.35
31 67 79 1 94:1438336:929:1:1827:9.05
31 67 79 71:1128435:848:1:1849:9.91
31 67 79 71 41:1373679:773:1:1849:10.87
31 67 79 71 41 94:1060286:577:1:1849:14.56
31 67 79 41:1478259:1063:1:1849:7.91
31 67 79 41 94:1275978:859:1:1849:9.79
31 67 79 94:1027136:981:1:1817:8.57
31 67 1:3101639:2592:1:1825:3.25
31 67 1 71:3549259:2236:1:1897:3.76
31 67 1 71 36:2479647:1256:1:1901:6.7
31 67 1 71 36 41:2975944:1234:1:1970:6.81
31 67 1 71 36 41 94:2980756:1175:1:1970:7.16
31 67 1 71 36 94:2505047:1196:1:1901:7.03
31 67 1 71 41:4408815:2166:1:1969:3.88
31 67 1 71 41 94:3424053:1616:1:1969:5.2
31 67 1 71 94:2803032:1676:1:1897:5.02
31 67 1 36:2339633:1468:1:1835:5.73
31 67 1 36 41:2856568:1407:1:1970:5.98
31 67 1 36 41 94:2896663:1343:1:1970:6.26
31 67 1 36 94:2398986:1398:1:1835:6.02
31 67 1 41:4034225:2456:1:1969:3.43
31 67 1 41 94:3308912:1898:1:1969:4.43
31 67 1 94:2616410:2015:1:1825:4.17
31 67 71:2505389:2288:1:1825:3.68
31 67 71 36:1893358:1273:1:1845:6.61
31 67 71 36 41:2404683:1250:1:1849:6.73
31 67 71 36 41 94:2440523:1191:1:1849:7.06
31 67 71 36 94:1950848:1213:1:1845:6.93
31 67 71 41:3413299:2213:1:1825:3.8
31 67 71 41 94:2703719:1663:1:1825:5.06
31 67 71 94:2040410:1728:1:1825:4.87
31 67 36:1640548:1485:1:1831:5.66
31 67 36 41:2191094:1423:1:1837:5.91
31 67 36 41 94:2264071:1359:1:1837:6.19
31 67 36 94:1735951:1415:1:1831:5.94
31 67 41:2876978:2503:1:1825:3.36
31 67 41 94:2429538:1945:1:1825:4.32
31 67 94:1665937:2067:1:1817:4.07
31 79:1680421:2344:1:1785:3.59
31 79 1:2690807:2232:1:1827:3.77
31 79 1 71:2381040:1492:1:1921:5.64
31 79 1 71 36:1090296:578:1:1923:14.54
31 79 1 71 36 41:1259360:542:1:1994:15.5
31 79 1 71 36 41 94:1127286:463:1:1994:18.14
31 79 1 71 41:2770022:1360:1:1993:6.18
31 79 1 71 41 94:2040243:967:1:1993:8.69
31 79 1 71 94:1812666:1083:1:1921:7.76
31 79 1 36:1845368:1152:1:1828:7.3
31 79 1 36 41:2145923:1059:1:1994:7.94
31 79 1 36 41 94:2076071:969:1:1994:8.68
31 79 1 36 94:1809721:1054:1:1828:7.98
31 79 1 41:3303931:2016:1:1993:4.17
31 79 1 41 94:2804672:1609:1:1993:5.23
31 79 1 94:2359448:1799:1:1827:4.68
31 79 71:1734415:1572:1:1849:5.35
31 79 71 36 41:1022151:560:1:1850:15.0
31 79 71 41:2207984:1432:1:1849:5.87
31 79 71 41 94:1677095:1039:1:1849:8.09
31 79 71 94:1374264:1163:1:1849:7.23
31 79 36:1341316:1204:1:1786:6.98
31 79 36 41:1649829:1077:1:1850:7.81
31 79 36 41 94:1626465:987:1:1850:8.52
31 79 36 94:1357067:1104:1:1786:7.62
31 79 41:2396772:2088:1:1849:4.03
31 79 41 94:2101974:1681:1:1849:5.0
31 79 94:1569815:1909:1:1785:4.41
31 1:3420714:3688:1:1825:2.28
31 1 71:3863381:2932:1:1897:2.87
31 1 71 36:2593001:1520:1:1899:5.53
31 1 71 36 41:3180956:1484:1:1970:5.67
31 1 71 36 41 94:3119312:1376:1:1970:6.11
31 1 71 36 94:2573790:1410:1:1899:5.96
31 1 71 41:4932929:2800:1:1969:3.0
31 1 71 41 94:3795154:2053:1:1969:4.1
31 1 71 94:3052038:2169:1:1897:3.88
31 1 36:2851324:2110:1:1826:3.99
31 1 36 41:3594762:2017:1:1970:4.17
31 1 36 41 94:3615248:1898:1:1970:4.43
31 1 36 94:2918032:1983:1:1826:4.24
31 1 41:4744921:3472:1:1969:2.42
31 1 41 94:3992438:2711:1:1969:3.1
31 1 94:3004933:2901:1:1825:2.9
31 71:2495769:3012:1:1825:2.79
31 71 36:1875473:1540:1:1826:5.46
31 71 36 41:2485656:1502:1:1826:5.6
31 71 36 41 94:2480058:1394:1:1826:6.03
31 71 36 94:1913940:1430:1:1826:5.88
31 71 41:3652199:2872:1:1825:2.93
31 71 41 94:2885988:2125:1:1825:3.96
31 71 94:2065323:2249:1:1825:3.74
31 36:1878892:2170:1:1777:3.88
31 36 41:2632963:2035:1:1826:4.13
31 36 41 94:2714229:1916:1:1826:4.39
31 36 94:2003945:2033:1:1786:4.14
31 36 97:1949104:1798:1:1777:4.68
31 41:3111456:3544:1:1825:2.37
31 41 94:2736108:2783:1:1825:3.02
31 94:1649918:3011:1:1785:2.79
31 97:2113700:3196:1:1777:2.63
104:1720664:3968:1:1817:2.12
104 67:1668250:2631:1:1817:3.2
104 67 79 71:1298408:1114:1:1817:7.55
104 67 79 71 94:1202994:956:1:1817:8.79
104 67 71:2526517:2458:1:1817:3.42
104 67 71 36:1904216:1323:1:1845:6.36
104 67 71 36 94:1956139:1256:1:1845:6.7
104 67 71 94:2171562:1946:1:1817:4.32
104 67 36:1486639:1408:1:1831:5.97
104 67 36 94:1573869:1337:1:1831:6.29
104 67 94:1542882:2109:1:1817:3.99
104 79:1837093:2608:1:1817:3.23
104 79 71:2321626:2128:1:1817:3.95
104 79 71 94:2053405:1734:1:1817:4.85
104 79 94:1753542:2179:1:1817:3.86
104 71:2848110:3472:1:1817:2.42
104 71 36:1849180:1562:1:1821:5.38
104 71 36 94:1895029:1454:1:1821:5.78
104 71 94:2503293:2724:1:1817:3.09
104 36:1508031:1840:1:1821:4.57
104 36 94:1620778:1721:1:1821:4.89
104 94:1723854:3185:1:1817:2.64
67:1125310:4283:1:1299:1.96
67 79:1220890:2411:1:1299:3.49
67 79 1:1588785:1594:1:1827:5.28
67 79 1 71:1570067:1140:1:1921:7.38
67 79 1 71 41:1851735:1017:1:1993:8.27
67 79 1 71 41 94:1509521:799:1:1993:10.52
67 79 1 71 94:1286821:889:1:1921:9.46
67 79 1 36 41:1081677:617:1:1994:13.62
67 79 1 36 41 94:1080245:578:1:1994:14.54
67 79 1 41:2020516:1405:1:1993:5.99
67 79 1 41 94:1798002:1171:1:1993:7.18
67 79 1 94:1442281:1318:1:1827:6.38
67 79 56 71 97:1121535:880:1:1561:9.55
67 79 56 94 97:1052950:1071:1:1561:7.85
67 79 56 97:1256096:1393:1:1561:6.04
67 79 71:1506518:1700:1:1347:4.95
67 79 71 24 97:1050503:642:1:1741:13.09
67 79 71 41:1458098:1107:1:1827:7.6
67 79 71 41 94:1210784:875:1:1827:9.61
67 79 71 38:1261115:1277:1:1361:6.59
67 79 71 38 94:1154941:1080:1:1361:7.79
67 79 71 38 94 97:1158756:916:1:1361:9.18
67 79 71 38 97:1333816:1113:1:1361:7.55
67 79 71 94:1288618:1345:1:1348:6.25
67 79 71 94 97:1316150:1141:1:1348:7.37
67 79 71 97:1646090:1495:1:1347:5.63
67 79 36 94 97:1035466:898:1:1304:9.36
67 79 36 97:1044827:991:1:1299:8.48
67 79 24:1295471:1254:1:1737:6.71
67 79 24 94:1125335:1001:1:1737:8.4
67 79 24 94 97:1238724:928:1:1737:9.06
67 79 24 97:1477748:1180:1:1737:7.13
67 79 41:1436848:1536:1:1827:5.48
67 79 41 94:1323230:1286:1:1827:6.54
67 79 38:1016071:1680:1:1313:5.01
67 79 38 94:1009221:1450:1:1313:5.8
67 79 38 94 97:1156635:1286:1:1313:6.54
67 79 38 97:1241759:1516:1:1313:5.55
67 79 94:1209109:2013:1:1300:4.18
67 79 94 97:1433279:1775:1:1300:4.74
67 79 97:1572440:2172:1:1299:3.87
67 1:2286102:3034:1:1825:2.77
67 1 71:2949795:2580:1:1897:3.26
67 1 71 36:2143172:1393:1:1901:6.04
67 1 71 36 41:2648591:1341:1:1970:6.27
67 1 71 36 41 94:2683382:1281:1:1970:6.56
67 1 71 36 94:2187204:1323:1:1901:6.36
67 1 71 41:3905059:2457:1:1969:3.42
67 1 71 41 94:3156824:1885:1:1969:4.46
67 1 71 94:2428115:1975:1:1897:4.26
67 1 36:1914325:1650:1:1835:5.1
67 1 36 41:2489215:1559:1:1970:5.39
67 1 36 41 94:2562969:1491:1:1970:5.64
67 1 36 94:2003380:1567:1:1835:5.37
67 1 41:3409839:2845:1:1969:2.96
67 1 41 94:2934992:2257:1:1969:3.73
67 1 94:2058182:2404:1:1825:3.5
67 56:1291675:2979:1:1537:2.82
67 56 71:1852340:2250:1:1537:3.74
67 56 71 36:1609345:1318:1:1537:6.38
67 56 71 36 94:1632429:1222:1:1537:6.88
67 56 71 36 94 97:1861645:1210:1:1537:6.95
67 56 71 36 97:1865449:1306:1:1537:6.44
67 56 71 94:1561447:1741:1:1537:4.83
67 56 71 94 97:1900753:1725:1:1537:4.88
67 56 71 97:2319200:2234:1:1537:3.77
67 56 36:1545171:1808:1:1537:4.65
67 56 36 94:1648675:1696:1:1537:4.96
67 56 36 94 97:1984089:1684:1:1537:4.99
67 56 36 97:1911793:1796:1:1537:4.68
67 56 94:1308465:2444:1:1537:3.44
67 56 94 97:1808272:2428:1:1537:3.46
67 56 97:1925976:2963:1:1537:2.84
67 71:2189483:3356:1:1347:2.51
67 71 36:1751418:1698:1:1347:4.95
67 71 36 41:2038274:1373:1:1849:6.13
67 71 36 41 94:2102752:1311:1:1849:6.41
67 71 36 38:1817245:1573:1:1370:5.35
67 71 36 38 94:1891050:1490:1:1370:5.64
67 71 36 38 94 97:1958138:1329:1:1370:6.33
67 71 36 38 97:1924509:1412:1:1370:5.96
67 71 36 94:1826137:1592:1:1352:5.28
67 71 36 94 97:1914466:1418:1:1352:5.93
67 71 36 97:1888017:1524:1:1347:5.52
67 71 24:1253058:1090:1:1741:7.71
67 71 24 97:1428095:1046:1:1741:8.04
67 71 41:2791615:2547:1:1825:3.3
67 71 41 94:2314344:1961:1:1825:4.29
67 71 38:2236161:2933:1:1361:2.87
67 71 38 94:1985765:2331:1:1361:3.61
67 71 38 94 97:2173784:2057:1:1361:4.09
67 71 38 97:2598794:2659:1:1361:3.16
67 71 94:1914350:2596:1:1348:3.24
67 71 94 97:2146395:2282:1:1348:3.69
67 71 97:2639456:3041:1:1347:2.77
67 36:1528008:2290:1:1299:3.67
67 36 24 94 97:1057464:734:1:1738:11.45
67 36 24 97:1059192:796:1:1738:10.56
67 36 41:1778742:1613:1:1835:5.21
67 36 41 94:1887518:1542:1:1835:5.45
67 36 38:1555464:1974:1:1322:4.26
67 36 38 94:1693178:1874:1:1322:4.49
67 36 38 94 97:1905176:1713:1:1322:4.91
67 36 38 97:1812258:1813:1:1322:4.64
67 36 94:1694436:2160:1:1304:3.89
67 36 94 97:1956356:1968:1:1304:4.27
67 36 97:1846558:2098:1:1299:4.01
67 24:1441720:1878:1:1737:4.48
67 24 94:1200002:1382:1:1737:6.09
67 24 94 97:1408298:1305:1:1737:6.44
67 24 97:1772936:1800:1:1737:4.67
67 41:2097899:2976:1:1825:2.83
67 41 94:1908382:2372:1:1825:3.55
67 38:1323036:3552:1:1313:2.37
67 38 94:1382074:2917:1:1313:2.88
67 38 94 97:1810264:2643:1:1313:3.18
67 38 97:1935228:3278:1:1313:2.57
67 94:1269616:3480:1:1300:2.42
67 94 97:1802591:3132:1:1300:2.69
67 97:1891553:3934:1:1299:2.14
79:1305650:4744:1:1297:1.77
79 1:2310765:3032:1:1827:2.77
79 1 71:2419450:2100:1:1921:4.01
79 1 71 36:1084989:753:1:1923:11.16
79 1 71 36 41:1266672:677:1:1994:12.41
79 1 71 36 41 94:1173595:594:1:1994:14.14
79 1 71 36 94:1011701:656:1:1923:12.81
79 1 71 41:2975780:1872:1:1993:4.49
79 1 71 41 94:2352100:1411:1:1993:5.96
79 1 71 94:1952193:1584:1:1921:5.31
79 1 36:1618234:1407:1:1828:5.98
79 1 36 41:2005941:1274:1:1994:6.6
79 1 36 41 94:1978909:1173:1:1994:7.17
79 1 36 94:1623179:1286:1:1828:6.54
79 1 41:3250255:2720:1:1993:3.09
79 1 41 94:2875771:2220:1:1993:3.79
79 1 94:2132751:2467:1:1827:3.41
79 56:1255535:2848:1:1561:2.95
79 56 71:1452159:1760:1:1561:4.78
79 56 71 94:1011145:1153:1:1561:7.29
79 56 71 94 97:1235205:1148:1:1561:7.32
79 56 71 97:1831591:1755:1:1561:4.79
79 56 36:1223474:1490:1:1561:5.64
79 56 36 94:1237407:1328:1:1561:6.33
79 56 36 94 97:1508967:1327:1:1561:6.34
79 56 36 97:1536404:1489:1:1561:5.65
79 56 94:1188639:2203:1:1561:3.82
79 56 94 97:1645578:2198:1:1561:3.83
79 56 97:1877866:2843:1:1561:2.96
79 71:2122284:3204:1:1345:2.63
79 71 36:1064336:1136:1:1345:7.4
79 71 36 41:1037598:755:1:1828:11.13
79 71 36 94:1013516:977:1:1345:8.61
79 71 36 97:1084075:967:1:1345:8.69
79 71 24:1644059:1412:1:1733:5.96
79 71 24 94:1230347:1004:1:1735:8.37
79 71 24 94 97:1230061:862:1:1735:9.75
79 71 24 97:1758454:1268:1:1733:6.63
79 71 41:2285168:2088:1:1827:4.03
79 71 41 94:1827621:1563:1:1827:5.38
79 71 38:1791109:2312:1:1361:3.64
79 71 38 94:1592074:1848:1:1361:4.55
79 71 38 94 97:1754903:1643:1:1361:5.12
79 71 38 97:2097392:2107:1:1361:3.99
79 71 94:1820994:2449:1:1345:3.44
79 71 94 97:1986431:2101:1:1345:4.0
79 71 97:2519296:2854:1:1345:2.95
79 36:1441530:2219:1:1297:3.79
79 36 24:1670752:1461:1:1730:5.76
79 36 24 94:1689422:1346:1:1730:6.25
79 36 24 94 97:1678543:1153:1:1730:7.29
79 36 24 97:1707590:1267:1:1730:6.64
79 36 41:1532615:1428:1:1828:5.89
79 36 41 94:1545144:1303:1:1828:6.45
79 36 38 94:1006328:1196:1:1322:7.03
79 36 38 94 97:1164234:1115:1:1322:7.54
79 36 38 97:1158640:1233:1:1322:6.82
79 36 94:1539605:2021:1:1297:4.16
79 36 94 97:1680777:1747:1:1297:4.81
79 36 97:1662620:1944:1:1297:4.33
79 24:2025949:2616:1:1729:3.22
79 24 94:1887163:2166:1:1729:3.88
79 24 94 97:2038969:1881:1:1729:4.47
79 24 97:2318393:2328:1:1729:3.61
79 41:2170615:3080:1:1827:2.73
79 41 94:2012992:2507:1:1827:3.36
79 38:1219055:3160:1:1313:2.66
79 38 94:1274563:2637:1:1313:3.19
79 38 94 97:1692629:2432:1:1313:3.46
79 38 97:1796735:2955:1:1313:2.85
79 94:1472432:3913:1:1297:2.15
79 94 97:2007498:3422:1:1297:2.46
79 97:2108593:4250:1:1297:1.98
1:2183661:4488:1:1825:1.87
1 71:3104853:3540:1:1897:2.38
1 71 36:2150903:1695:1:1899:4.96
1 71 36 41:2761397:1619:1:1970:5.2
1 71 36 41 94:2748807:1507:1:1970:5.58
1 71 36 94:2170554:1569:1:1899:5.36
1 71 41:4368649:3312:1:1969:2.54
1 71 41 94:3515923:2497:1:1969:3.37
1 71 94:2583567:2670:1:1897:3.15
1 36:2158821:2365:1:1826:3.56
1 36 41:2999331:2232:1:1970:3.77
1 36 41 94:3074919:2102:1:1970:4.0
1 36 94:2281103:2215:1:1826:3.8
1 41:3861134:4176:1:1969:2.01
1 41 94:3421461:3322:1:1969:2.53
1 94:2119250:3569:1:1825:2.36
56 71:1850744:3344:1:1537:2.52
56 71 36:1619186:1744:1:1537:4.82
56 71 36 94:1615639:1553:1:1537:5.42
56 71 36 94 97:1915914:1541:1:1537:5.46
56 71 36 97:1968257:1732:1:1537:4.86
56 71 94:1550915:2478:1:1537:3.39
56 71 94 97:2045226:2459:1:1537:3.42
56 71 97:2564329:3325:1:1537:2.53
56 36:1680678:2870:1:1537:2.93
56 36 94:1866859:2656:1:1537:3.17
56 36 94 97:2410808:2644:1:1537:3.18
56 36 97:2279599:2858:1:1537:2.94
56 94:1074399:3960:1:1537:2.12
56 94 97:1907421:3941:1:1537:2.13
56 97:1873348:4845:1:1537:1.74
71:1969282:5076:1:1345:1.66
71 36:1708596:2270:1:1345:3.71
71 36 41:2059142:1697:1:1826:4.96
71 36 41 94:2083435:1564:1:1826:5.38
71 36 38:1671682:1918:1:1370:4.39
71 36 38 94:1751139:1773:1:1370:4.74
71 36 38 94 97:1911789:1609:1:1370:5.23
71 36 38 97:1886942:1754:1:1370:4.8
71 36 94:1786918:2059:1:1345:4.09
71 36 94 97:1921223:1807:1:1345:4.65
71 36 97:1923933:2018:1:1345:4.17
71 24:1790202:2036:1:1733:4.13
71 24 94:1275880:1339:1:1735:6.28
71 24 94 97:1381272:1193:1:1735:7.05
71 24 97:2075909:1888:1:1733:4.46
71 41:2919760:3528:1:1825:2.38
71 41 94:2424666:2649:1:1825:3.18
71 38:2087959:4184:1:1361:2.01
71 38 94:1941614:3269:1:1361:2.57
71 38 94 97:2367433:2954:1:1361:2.85
71 38 97:2774112:3869:1:1361:2.17
71 94:1848899:3870:1:1345:2.17
71 94 97:2327875:3412:1:1345:2.47
71 97:2797323:4616:1:1345:1.82
36:2151864:4972:1:192:1.69
36 24:3012435:3272:1:1730:2.57
36 24 94:3199698:3098:1:1730:2.72
36 24 94 97:3567012:2863:1:1730:2.94
36 24 97:3446439:3036:1:1730:2.77
36 41:3217527:3663:1:1769:2.3
36 41 38:2869513:2880:1:1769:2.92
36 41 38 94:3079319:2762:1:1769:3.05
36 41 94:3466596:3481:1:1769:2.42
36 38:2210305:4059:1:1037:2.07
36 38 94:2552945:3861:1:1037:2.18
36 38 94 97:3196718:3657:1:1037:2.3
36 38 97:2926658:3855:1:1037:2.18
36 94:2573580:4686:1:192:1.8
36 94 97:3266524:4289:1:584:1.96
36 97:2960585:4574:1:528:1.84
24:2502279:5040:1:1729:1.67
24 94:2562289:4265:1:1729:1.97
24 94 97:3199777:3912:1:1729:2.15
24 97:3362710:4684:1:1729:1.8
41:2569768:5880:1:1769:1.43
41 38:2509174:4568:1:1769:1.84
41 38 94:2545710:3876:1:1769:2.17
41 94:2675170:4925:1:1769:1.71
38 94:1272722:5822:1:1026:1.45
38 94 97:2366044:5443:1:1026:1.55
38 97:2138770:6445:1:1025:1.31
94 97:2073888:6433:1:584:1.31
97:1710344:7748:1:337:1.09
