39 100 31 1 79 24:2176312:1096:1:3625:7.67
39 100 31 1 79 24 94 97:2089290:934:1:3625:9.0
39 100 31 1 79 24 97:2249558:1027:1:3625:8.19
39 31 1 79 90 24:2230480:1020:1:3626:8.24
39 31 1 79 90 24 94:2114223:939:1:3626:8.95
39 31 1 79 24:2661777:1384:1:3625:6.08
39 31 1 79 24 94:2402971:1218:1:3625:6.9
39 31 1 79 24 94 97:2038147:934:1:3625:9.0
39 31 1 79 24 97:2193146:1027:1:3625:8.19
39 31 1 24:2279482:1384:1:3625:6.08
39 31 1 24 94:2079626:1218:1:3625:6.9
39 1 79 24:2050289:1384:1:3625:6.08
122 24 41:2090575:1744:1:2499:4.82
122 24 41 94:2020647:1567:1:2499:5.37
42 2 120:2273603:1984:1:2754:4.24
42 2 120 71 24 38 94:2006701:894:1:3906:9.4
42 2 120 71 24 38 94 97:2133148:874:1:3906:9.62
42 2 120 71 24 38 97:2080221:891:1:3906:9.43
42 2 120 71 24 94 97:2117813:911:1:3906:9.23
42 2 120 71 24 97:2077681:937:1:3906:8.97
42 2 120 88 24 38 94:2027689:899:1:3906:9.35
42 2 120 88 24 38 94 97:2142829:874:1:3906:9.62
42 2 120 88 24 38 97:2075790:886:1:3906:9.49
42 2 120 88 24 94:2007507:938:1:3906:8.96
42 2 120 88 24 94 97:2127082:911:1:3906:9.23
42 2 120 88 24 97:2074652:932:1:3906:9.02
42 2 120 79 24 38 94 97:2065470:889:1:3906:9.46
42 2 120 79 24 38 97:2008646:906:1:3906:9.28
42 2 120 79 24 94 97:2043773:926:1:3906:9.08
42 2 120 67 24 38 94 97:2049493:878:1:3906:9.57
42 2 120 67 24 94 97:2029540:915:1:3906:9.19
42 2 120 24:3054045:1856:1:3906:4.53
42 2 120 24 38:3179615:1808:1:3906:4.65
42 2 120 24 38 94:3344349:1790:1:3906:4.7
42 2 120 24 38 94 97:3631493:1753:1:3906:4.8
42 2 120 24 38 97:3472242:1770:1:3906:4.75
42 2 120 24 94:3211755:1829:1:3906:4.6
42 2 120 24 94 97:3505686:1790:1:3906:4.7
42 2 120 24 97:3356059:1816:1:3906:4.63
42 2 120 38:2433979:1936:1:2754:4.34
42 2 120 38 94:2578888:1889:1:2754:4.45
42 2 120 38 94 97:2914986:1852:1:2754:4.54
42 2 120 38 97:2783678:1898:1:2754:4.43
42 2 120 94:2418252:1928:1:2754:4.36
42 2 120 94 97:2762757:1889:1:2754:4.45
42 2 120 97:2634309:1944:1:2754:4.33
42 2 24:2367389:1960:1:3905:4.29
42 2 24 38:2449665:1856:1:3905:4.53
42 2 24 38 94:2610169:1827:1:3905:4.6
42 2 24 38 94 97:2928785:1790:1:3905:4.7
42 2 24 38 97:2777036:1818:1:3905:4.63
42 2 24 94:2509724:1903:1:3905:4.42
42 2 24 94 97:2843951:1864:1:3905:4.51
42 2 24 97:2717927:1920:1:3905:4.38
42 2 38 94 97:2266679:1989:1:2753:4.23
42 2 38 97:2145379:2074:1:2753:4.06
42 2 94 97:2128567:2068:1:2753:4.07
42 2 97:2016806:2184:1:2753:3.85
42 120 24:2633121:2000:1:3010:4.21
42 120 24 38:2682226:1880:1:3010:4.47
42 120 24 38 94:2840386:1849:1:3010:4.55
42 120 24 38 94 97:3157234:1812:1:3010:4.64
42 120 24 38 97:3008521:1842:1:3010:4.57
42 120 24 94:2792939:1958:1:3010:4.3
42 120 24 94 97:3133964:1919:1:3010:4.38
42 120 24 97:2986697:1960:1:3010:4.29
42 120 38 94:2013860:1948:1:2754:4.32
42 120 38 94 97:2379662:1911:1:2754:4.4
42 120 38 97:2240010:1970:1:2754:4.27
42 120 94 97:2391932:2104:1:2754:4.0
42 120 97:2247991:2184:1:2754:3.85
42 24 38 94:2143454:1952:1:3009:4.31
42 24 38 94 97:2507622:1915:1:3009:4.39
42 24 38 97:2357386:1962:1:3009:4.29
42 24 94:2078556:2098:1:3009:4.01
42 24 94 97:2475725:2059:1:3009:4.09
42 24 97:2335216:2136:1:3009:3.94
100 31 1 79 24 97:2014658:1027:1:3625:8.19
100 88 56 24 94 97:2118287:1516:1:3929:5.55
100 56 79 24 94 97:2172539:1683:1:3929:5.0
100 56 79 24 97:2131585:1783:1:3929:4.72
100 56 24 94:2162374:2630:1:3929:3.2
100 56 24 94 97:2634490:2547:1:3929:3.3
100 56 24 97:2461309:2647:1:3929:3.18
100 79 24 94 97:2017636:1785:1:3625:4.71
100 24 94 97:2305400:2649:1:3625:3.18
100 24 97:2112343:2759:1:3625:3.05
128 57 41:2394104:2168:1:2786:3.88
128 57 41 97:2448591:1891:1:3024:4.45
128 31 1:2547729:1784:1:2738:4.71
128 31 1 67:2229490:1329:1:2976:6.33
128 31 1 67 97:2304124:1213:1:2976:6.93
128 31 1 97:2493055:1507:1:2976:5.58
128 120 97:2026912:1750:1:2082:4.81
128 41:2076238:2216:1:2441:3.8
128 41 97:2126772:1891:1:3024:4.45
128 97:2012976:2819:1:2081:2.98
6 31 1 41:2149665:1508:1:2185:5.58
11 23 1 67 41:2003572:1206:1:2137:6.97
11 23 1 41:2039248:1424:1:2137:5.91
23 57 31 104:2116997:1840:1:2177:4.57
23 57 31 104 67 41:2391893:1385:1:2393:6.07
23 57 31 104 41:2915986:1832:1:2393:4.59
23 57 31 104 41 38:2077332:1324:1:2394:6.35
23 57 31 41:2117042:1832:1:2393:4.59
23 57 104 56 67 41 97:2035278:1256:1:2696:6.7
23 57 104 56 41:2657005:2016:1:2688:4.17
23 57 104 56 41 38:2091542:1532:1:2688:5.49
23 57 104 56 41 97:2447765:1668:1:2688:5.04
23 57 104 41:2439026:2120:1:2393:3.97
23 57 104 41 97:2169047:1668:1:2688:5.04
23 31 104 67 41:2174288:1385:1:2393:6.07
23 31 104 41:2613934:1832:1:2393:4.59
23 31 1:2028954:1952:1:2177:4.31
23 31 1 67 41:2531122:1505:1:2177:5.59
23 31 1 67 41 38:2160501:1226:1:2178:6.86
23 31 1 67 41 94:2054484:1191:1:2178:7.06
23 31 1 41:2892842:1952:1:2177:4.31
23 31 1 41 38:2228209:1460:1:2178:5.76
23 31 41:2002198:2024:1:2177:4.16
23 104 71 88 79 67:2005860:1096:1:2126:7.67
23 104 71 67:2019702:1800:1:2126:4.67
23 104 71 67 41:2141661:1440:1:2398:5.84
23 104 71 67 41 38:2168761:1365:1:2398:6.16
23 104 71 41:2041657:1632:1:2398:5.15
23 104 71 41 38:2095165:1549:1:2398:5.43
23 104 88 79 67:2008145:1382:1:2123:6.09
23 104 88 79 41 38:2015502:1170:1:2395:7.19
23 104 88 67 41:2037374:1295:1:2395:6.49
23 104 88 67 41 38:2013535:1198:1:2395:7.02
23 104 88 41:2168972:1608:1:2395:5.23
23 104 88 41 38:2087429:1448:1:2395:5.81
23 104 56 41:2323777:2016:1:2688:4.17
23 104 56 41 97:2166590:1668:1:2688:5.04
23 104 79 41:2082807:1672:1:2393:5.03
23 104 67 41:2570833:2199:1:2393:3.83
23 104 67 41 38:2418548:1904:1:2394:4.42
23 104 67 41 38 94:2104777:1573:1:2395:5.35
23 104 67 41 38 97:2112632:1511:1:2696:5.57
23 104 67 41 94:2086518:1695:1:2393:4.96
23 104 67 41 97:2330808:1777:1:2696:4.73
23 104 67 97:2046788:2137:1:2344:3.94
23 104 41:2776062:2824:1:2393:2.98
23 104 41 38:2443934:2316:1:2394:3.63
23 104 41 38 94:2102374:1864:1:2395:4.51
23 104 41 94:2070122:2011:1:2393:4.18
23 104 41 97:2440678:2189:1:2688:3.84
23 71 1 67 41:2358993:1504:1:2134:5.59
23 71 1 67 41 38:2436117:1445:1:2134:5.82
23 71 1 67 41 38 94:2207265:1247:1:2134:6.74
23 71 1 67 41 94:2116233:1279:1:2134:6.58
23 71 1 41:2089214:1608:1:2134:5.23
23 71 1 41 38:2181244:1541:1:2134:5.46
23 1 67 41:2788278:2209:1:2129:3.81
23 1 67 41 38:2664029:1930:1:2130:4.36
23 1 67 41 38 94:2358257:1608:1:2131:5.23
23 1 67 41 94:2323536:1723:1:2129:4.88
23 1 41:2756857:2656:1:2129:3.17
23 1 41 38:2459876:2164:1:2130:3.89
23 1 41 38 94:2125869:1731:1:2131:4.86
23 1 41 94:2091830:1871:1:2129:4.5
5 2 24 38 94 97:2019971:1271:1:3905:6.62
5 2 24 94 97:2000674:1352:1:3905:6.22
5 31 1 41:2275129:1407:1:2833:5.98
5 24 94 97:2088750:1826:1:2241:4.61
5 24 97:2043343:1960:1:2241:4.29
55 57 2 24:2049437:1488:1:3905:5.65
55 57 2 24 38:2057986:1381:1:3905:6.09
55 57 2 24 38 94:2097523:1327:1:3905:6.34
55 57 2 24 38 94 97:2386170:1326:1:3905:6.34
55 57 2 24 38 97:2359758:1379:1:3905:6.1
55 57 2 24 94:2076690:1413:1:3905:5.95
55 57 2 24 94 97:2379192:1410:1:3905:5.96
55 57 2 24 97:2370900:1484:1:3905:5.67
55 57 24 94 97:2017345:1480:1:3905:5.68
55 2 24 38 94 97:2221639:1358:1:3905:6.19
55 2 24 38 97:2181917:1411:1:3905:5.96
55 2 24 94 97:2196404:1442:1:3905:5.83
55 2 24 97:2182010:1524:1:3905:5.52
55 104 71 88 79:2250564:1216:1:2753:6.92
55 104 71 88 79 67:2516541:1183:1:2753:7.11
55 104 71 88 79 67 38:2296983:1027:1:2753:8.19
55 104 71 88 79 67 97:2158085:928:1:2753:9.06
55 104 71 88 79 38:2015608:1027:1:2753:8.19
55 104 71 88 67:2191166:1183:1:2753:7.11
55 104 71 88 67 38:2012708:1027:1:2753:8.19
55 104 71 79 67:2065263:1189:1:2753:7.07
55 104 88 79:2282439:1554:1:2753:5.41
55 104 88 79 67:2531380:1450:1:2753:5.8
55 104 88 79 67 38:2269698:1226:1:2753:6.86
55 104 88 79 67 97:2062718:1069:1:2753:7.87
55 104 88 67:2132825:1450:1:2753:5.8
55 104 79 67:2048766:1504:1:2753:5.59
55 71 88 79 67:2065939:1214:1:2753:6.93
55 88 79 67:2011401:1529:1:2753:5.5
55 24:2030580:2288:1:3009:3.68
55 24 38 97:2132741:1747:1:3009:4.81
55 24 97:2143669:1932:1:3009:4.35
55 41:2343322:2840:1:3297:2.96
55 41 38:2348122:2517:1:3297:3.34
55 41 38 94:2158347:2099:1:3297:4.01
55 41 38 94 97:2075535:1685:1:3298:4.99
55 41 38 97:2263989:1998:1:3298:4.21
55 41 94:2164081:2355:1:3297:3.57
55 41 97:2062099:2009:1:3298:4.19
57 31 104 67 41:2246513:1385:1:2393:6.07
57 31 104 41:2740939:1848:1:2377:4.55
57 31 1:2024618:1848:1:2305:4.55
57 31 1 97:2031828:1531:1:2544:5.49
57 104 56 41:2437249:2016:1:2688:4.17
57 104 56 41 97:2269801:1668:1:2688:5.04
57 104 41:2225549:2136:1:2377:3.94
57 41:2081524:3432:1:2377:2.45
57 41 38:2060854:2913:1:2377:2.89
57 41 38 94:2099888:2599:1:2377:3.24
57 41 38 94 97:2294134:2290:1:2688:3.67
57 41 38 97:2234693:2487:1:2688:3.38
57 41 94 97:2166280:2431:1:2688:3.46
57 41 97:2380730:2964:1:2688:2.84
2 120:2193944:2848:1:2754:2.95
2 120 90 24 38 94 97:2066861:1150:1:3906:7.31
2 120 24:3181723:2504:1:3906:3.36
2 120 24 38:3388006:2450:1:3906:3.43
2 120 24 38 94:3593403:2414:1:3906:3.48
2 120 24 38 94 97:4037923:2377:1:3906:3.54
2 120 24 38 97:3844384:2412:1:3906:3.49
2 120 24 94:3384442:2458:1:3906:3.42
2 120 24 94 97:3837958:2419:1:3906:3.48
2 120 24 97:3650097:2464:1:3906:3.41
2 120 38:2447128:2778:1:2754:3.03
2 120 38 94:2663760:2696:1:2754:3.12
2 120 38 94 97:3098718:2578:1:2754:3.26
2 120 38 97:2900718:2647:1:2754:3.18
2 120 94:2411454:2747:1:2754:3.06
2 120 94 97:2858308:2620:1:2754:3.21
2 120 97:2657926:2699:1:2754:3.12
2 36 24 38 94 97:2086624:1424:1:3905:5.91
2 90 24 38 94:2065514:1644:1:3906:5.12
2 90 24 38 94 97:2320766:1594:1:3906:5.28
2 90 24 38 97:2187034:1615:1:3906:5.21
2 90 24 94 97:2244694:1659:1:3906:5.07
2 90 24 97:2117558:1693:1:3906:4.97
2 24:2738634:3304:1:3905:2.55
2 24 38:2998760:3189:1:3905:2.64
2 24 38 94:3268133:3126:1:3905:2.69
2 24 38 94 97:3830399:3041:1:3905:2.77
2 24 38 97:3586602:3103:1:3905:2.71
2 24 94:3003969:3212:1:3905:2.62
2 24 94 97:3590665:3125:1:3905:2.69
2 24 97:3358862:3216:1:3905:2.62
2 38 94 97:2632718:3442:1:2753:2.44
2 38 97:2348622:3568:1:2753:2.36
2 94 97:2311178:3531:1:2753:2.38
2 97:2020204:3689:1:2753:2.28
31 104:2124824:2432:1:1825:3.46
31 104 1:3203708:2352:1:3985:3.58
31 104 1 90 41:2180292:1141:1:3997:7.37
31 104 1 67:2762475:1745:1:3985:4.82
31 104 1 67 41:3265976:1649:1:3985:5.1
31 104 1 67 41 94:2204239:1106:1:3987:7.6
31 104 1 41:4072080:2256:1:3985:3.73
31 104 1 41 94:2509144:1405:1:3986:5.99
31 104 1 94:2033316:1482:1:3986:5.67
31 104 67:2000241:1825:1:1825:4.61
31 104 67 41:2568722:1721:1:2177:4.89
31 104 41:3060776:2328:1:2177:3.61
31 104 41 38:2029926:1532:1:2377:5.49
31 71 1:2299176:1930:1:1901:4.36
31 71 1 90 67 41:2126671:1022:1:1980:8.23
31 71 1 90 41:2372119:1278:1:1980:6.58
31 71 1 90 41 94:2112333:1087:1:1980:7.74
31 71 1 67:2211173:1513:1:1901:5.56
31 71 1 67 41:2565711:1399:1:1973:6.01
31 71 1 67 41 94:2144090:1127:1:1973:7.46
31 71 1 41:2843028:1798:1:1973:4.68
31 71 1 41 94:2424601:1461:1:1973:5.76
31 71 1 94:2001338:1574:1:1901:5.34
31 71 1 97:2120094:1506:1:2354:5.58
31 71 67 41:2059183:1471:1:1833:5.72
31 71 41:2150295:1870:1:1829:4.5
31 36 1 90 41:2288222:1218:1:1981:6.9
31 36 1 90 41 94:2278887:1153:1:1981:7.29
31 36 1 41:2366481:1486:1:1970:5.66
31 36 1 41 94:2292350:1357:1:1981:6.2
31 88 1:2052780:1686:1:1828:4.99
31 88 1 79 24:2057311:1063:1:3217:7.91
31 88 1 79 24 94:2027485:1001:1:3217:8.4
31 88 1 41:2480191:1542:1:1979:5.45
31 88 1 41 94:2214378:1319:1:1982:6.38
31 1:3420714:3688:1:1825:2.28
31 1 79:2690807:2232:1:1827:3.77
31 1 79 90:2126837:1455:1:1828:5.78
31 1 79 90 24:2128516:1086:1:3218:7.74
31 1 79 90 24 94:2032186:1002:1:3218:8.39
31 1 79 90 41:2469921:1326:1:1998:6.34
31 1 79 90 41 94:2331427:1204:1:1998:6.98
31 1 79 90 94:2044965:1328:1:1831:6.33
31 1 79 67:2068261:1401:1:1827:6.0
31 1 79 67 41:2317784:1221:1:1993:6.89
31 1 79 24:2595395:1528:1:3217:5.5
31 1 79 24 94:2353850:1343:1:3217:6.26
31 1 79 24 94 97:2078550:1059:1:3217:7.94
31 1 79 24 97:2237120:1171:1:3217:7.18
31 1 79 41:3303931:2016:1:1993:4.17
31 1 79 41 94:2712357:1618:1:1993:5.2
31 1 79 94:2282043:1813:1:1827:4.64
31 1 79 94 97:2007097:1371:1:2544:6.13
31 1 79 97:2357783:1661:1:2544:5.06
31 1 90:2588964:2187:1:1826:3.85
31 1 90 67:2222749:1565:1:1826:5.37
31 1 90 67 41:2667585:1472:1:1980:5.71
31 1 90 67 41 94:2269089:1200:1:1980:7.01
31 1 90 24:2126427:1257:1:3218:6.69
31 1 90 41:3253507:2058:1:1980:4.09
31 1 90 41 94:2888072:1734:1:1980:4.85
31 1 90 94:2364062:1858:1:1829:4.53
31 1 90 97:2281908:1651:1:2353:5.09
31 1 67:3016684:2533:1:1825:3.32
31 1 67 41:3771395:2353:1:1969:3.58
31 1 67 41 38:2367373:1418:1:2178:5.93
31 1 67 41 94:2861672:1736:1:1971:4.85
31 1 67 94:2362079:1897:1:1825:4.43
31 1 67 94 97:2124764:1463:1:2546:5.75
31 1 67 97:2832120:2006:1:2355:4.19
31 1 24:2461905:1736:1:3217:4.85
31 1 24 94:2022572:1359:1:3217:6.19
31 1 24 97:2230020:1363:1:3217:6.17
31 1 41:4744921:3472:1:1969:2.42
31 1 41 38:2373833:1668:1:2178:5.04
31 1 41 94:3514751:2503:1:1970:3.36
31 1 94:2663333:2698:1:1825:3.12
31 1 94 97:2422828:2027:1:2544:4.15
31 1 97:3247015:2822:1:2353:2.98
31 79 41:2396772:2088:1:1849:4.03
31 79 41 94:2010686:1672:1:1849:5.03
31 90 67 41:2056381:1516:1:1836:5.55
31 90 41:2351718:2102:1:1836:4.0
31 90 41 94:2145162:1773:1:1836:4.74
31 67 41:2694935:2425:1:1825:3.47
31 67 41 94:2078817:1790:1:1827:4.7
31 41:3111456:3544:1:1825:2.37
31 41 94:2368154:2557:1:1826:3.29
104 71 88:2031378:1735:1:1821:4.85
104 71 88 79:2266196:1551:1:1821:5.42
104 71 88 79 67:2458491:1420:1:1825:5.92
104 71 88 79 67 38:2127751:1159:1:2398:7.26
104 71 88 79 67 97:2225032:1151:1:2344:7.31
104 71 88 79 97:2015775:1215:1:2344:6.92
104 71 88 67:2270974:1577:1:1825:5.33
104 71 88 67 38:2013214:1307:1:2398:6.43
104 71 88 67 97:2129942:1299:1:2344:6.47
104 71 1:2110710:1798:1:3993:4.68
104 71 1 67:2400162:1655:1:3997:5.08
104 71 1 67 41:2653967:1463:1:3997:5.75
104 71 1 67 41 94:2116670:1126:1:3997:7.47
104 71 1 41:2488083:1606:1:3993:5.24
104 71 1 41 94:2013798:1234:1:3993:6.81
104 71 79 67:2134957:1609:1:1825:5.23
104 71 79 67 97:2022204:1323:1:2344:6.36
104 71 67:2297521:2239:1:1825:3.76
104 71 67 41:2193637:1591:1:2097:5.29
104 71 67 41 38:2186077:1474:1:2398:5.71
104 71 67 38:2158734:1922:1:2398:4.38
104 71 67 38 97:2193607:1662:1:2509:5.06
104 71 67 97:2350416:1916:1:2153:4.39
104 71 41:2064537:1822:1:2093:4.62
104 71 41 38:2057021:1658:1:2398:5.07
104 36 88 79:2048167:1385:1:1820:6.07
104 36 88 79 67:2001452:1156:1:1820:7.27
104 36 1 41:2016906:1269:1:3985:6.63
104 88 1:2109601:1644:1:3995:5.12
104 88 1 67:2174397:1405:1:3995:5.99
104 88 1 67 41:2369798:1213:1:3995:6.93
104 88 1 41:2476138:1452:1:3995:5.79
104 88 79:2251233:2076:1:1819:4.05
104 88 79 67:2395774:1770:1:1819:4.75
104 88 79 67 38:2075090:1426:1:2395:5.9
104 88 79 67 97:2103249:1362:1:2344:6.17
104 88 79 41:2134904:1428:1:2091:5.89
104 88 67:2186526:2043:1:1819:4.12
104 88 67 41:2044204:1395:1:2091:6.03
104 88 67 97:2029528:1610:1:2344:5.22
104 88 41:2232409:1812:1:2091:4.64
104 1:2904439:3152:1:3985:2.67
104 1 90 67 41:2215677:1278:1:3997:6.58
104 1 90 41:2219836:1476:1:3997:5.7
104 1 67:2953604:2545:1:3985:3.31
104 1 67 41:3690914:2353:1:3985:3.58
104 1 67 41 94:2656423:1638:1:3987:5.13
104 1 67 94:2196602:1801:1:3987:4.67
104 1 41:4033925:2960:1:3985:2.84
104 1 41 94:2720845:1937:1:3986:4.34
104 1 94:2068292:2100:1:3986:4.01
104 56 41:2104021:2016:1:2688:4.17
104 79 67:2063073:2147:1:1817:3.92
104 79 67 41:2045836:1499:1:2089:5.61
104 79 41:2225591:1960:1:2089:4.29
104 67:2154752:3183:1:1817:2.64
104 67 41:2732433:2535:1:2089:3.32
104 67 41 38:2466498:2096:1:2394:4.01
104 67 41 38 97:2246842:1703:1:2505:4.94
104 67 41 94:2030518:1797:1:2089:4.68
104 67 41 97:2415360:1969:1:2505:4.27
104 67 38 97:2064672:2149:1:2505:3.91
104 67 97:2275990:2613:1:2153:3.22
104 41:2900080:3320:1:2089:2.53
104 41 38:2404328:2524:1:2377:3.33
104 41 38 97:2038062:1915:1:2497:4.39
104 41 94:2091018:2264:1:2089:3.72
104 41 97:2419868:2381:1:2497:3.53
120 56 38 94 97:2267196:2184:1:2178:3.85
120 56 38 97:2131695:2294:1:2178:3.67
120 56 94 97:2153774:2326:1:2083:3.62
120 56 97:2150478:2621:1:2082:3.21
120 24:2578840:2744:1:3010:3.07
120 24 38:2752162:2618:1:3010:3.21
120 24 38 94:2862022:2473:1:3010:3.4
120 24 38 94 97:3336246:2436:1:3010:3.45
120 24 38 97:3261748:2580:1:3010:3.26
120 24 94:2706308:2587:1:3010:3.25
120 24 94 97:3206918:2548:1:3010:3.3
120 24 97:3118316:2704:1:3010:3.11
120 38 94:2117426:3232:1:1026:2.6
120 38 94 97:2643120:3036:1:1026:2.77
120 38 97:2529724:3310:1:1026:2.54
120 94 97:2496582:3290:1:1026:2.56
120 97:2461520:3761:1:1026:2.24
71 88 1 79 41:2004754:1075:1:2007:7.82
71 88 1 41:2067975:1307:1:1982:6.43
71 88 79:2224465:2155:1:1345:3.9
71 88 79 67:2259212:1728:1:1345:4.87
71 88 79 67 97:2161692:1417:1:1345:5.94
71 88 79 94:2015645:1823:1:1345:4.61
71 88 79 94 97:2016948:1531:1:1345:5.49
71 88 79 97:2204662:1767:1:1345:4.76
71 88 67:2102240:2041:1:1345:4.12
71 88 67 97:2086671:1673:1:1345:5.03
71 88 97:2084934:2147:1:1345:3.92
71 1:2063144:2538:1:1901:3.31
71 1 79 67 41:2136879:1185:1:1993:7.1
71 1 79 41:2318886:1515:1:1993:5.55
71 1 90 67 41:2092067:1241:1:1980:6.78
71 1 90 41:2170634:1497:1:1980:5.62
71 1 67:2308428:2121:1:1901:3.97
71 1 67 41:2823205:1911:1:1973:4.4
71 1 67 41 38:2446030:1554:1:2134:5.41
71 1 67 41 38 94:2075149:1247:1:2134:6.74
71 1 67 41 94:2361632:1513:1:1973:5.56
71 1 67 97:2160515:1664:1:2356:5.05
71 1 41:2801244:2310:1:1973:3.64
71 1 41 38:2145813:1650:1:2134:5.1
71 1 41 94:2416022:1847:1:1973:4.55
71 1 97:2034218:1982:1:2354:4.24
71 79 67:2032227:2195:1:1345:3.83
71 79 67 97:2025336:1776:1:1345:4.74
71 79 97:2010703:2322:1:1345:3.62
71 67:2018175:3137:1:1345:2.68
71 67 41:2088816:2039:1:1833:4.13
71 67 38 97:2007742:2085:1:1361:4.03
71 67 94 97:2010112:2142:1:1345:3.93
71 67 97:2220481:2585:1:1345:3.25
36 88 1 79 41:2029848:1105:1:2008:7.61
36 88 79:2145227:2044:1:1298:4.12
36 88 79 90:2018044:1554:1:1298:5.41
36 88 79 90 94:2060544:1471:1:1298:5.72
36 88 79 94:2121216:1854:1:1298:4.54
36 88 79 94 97:2048246:1524:1:1298:5.52
36 88 79 97:2076100:1658:1:1298:5.07
36 1 79 90 41:2013167:1139:1:1999:7.38
36 1 79 41:2193305:1452:1:1994:5.79
36 1 79 41 94:2089062:1298:1:1994:6.48
36 1 90 41:2195094:1488:1:1981:5.65
36 1 90 41 94:2204614:1393:1:1981:6.04
36 1 67 41:2059339:1439:1:1970:5.84
36 1 41:2311302:1915:1:1970:4.39
36 1 41 94:2259400:1715:1:1981:4.9
36 90:2085156:3192:1:192:2.64
36 90 24:2049777:1945:1:1730:4.32
36 90 24 94:2194441:1888:1:1730:4.46
36 90 24 94 97:2229450:1667:1:1730:5.05
36 90 24 97:2095491:1704:1:1730:4.94
36 90 41:2318306:2226:1:1770:3.78
36 90 41 94:2446194:2125:1:1770:3.96
36 90 41 94 97:2217992:1673:1:2690:5.03
36 90 41 97:2112211:1738:1:2690:4.84
36 90 38 94 97:2141986:2019:1:1030:4.17
36 90 94:2335008:3053:1:192:2.76
36 90 94 97:2477791:2598:1:585:3.24
36 90 97:2278148:2701:1:530:3.11
36 24 94:2019565:2307:1:1729:3.65
36 24 94 97:2164895:2050:1:1729:4.1
36 41:2132824:2802:1:1770:3.0
36 41 94:2254377:2586:1:1770:3.25
36 41 94 97:2158610:2053:1:2688:4.1
36 41 97:2057102:2189:1:2688:3.84
36 38 94 97:2078475:2599:1:1026:3.24
36 94 97:2263474:3282:1:585:2.56
36 97:2030485:3498:1:530:2.41
88 1:2056101:2486:1:1828:3.38
88 1 79:2225883:2054:1:1830:4.1
88 1 79 67:2148518:1559:1:1830:5.39
88 1 79 67 41:2340991:1319:1:2005:6.38
88 1 79 41:2675607:1814:1:2005:4.64
88 1 79 41 94:2412090:1550:1:2006:5.43
88 1 79 94:2050920:1761:1:1832:4.78
88 1 79 97:2057471:1587:1:2976:5.3
88 1 90 41:2018329:1379:1:1982:6.1
88 1 90 41 94:2000808:1277:1:1982:6.59
88 1 67:2090345:1880:1:1828:4.47
88 1 67 41:2476615:1640:1:1979:5.13
88 1 67 41 94:2120034:1334:1:1982:6.3
88 1 41:2767710:2246:1:1979:3.75
88 1 41 94:2439144:1851:1:1982:4.54
88 56 24 94 97:2035274:1516:1:3929:5.55
88 79:2121868:3302:1:1297:2.55
88 79 67:2219001:2413:1:1297:3.49
88 79 67 94 97:2028392:1691:1:1297:4.97
88 79 67 97:2212848:1954:1:1297:4.3
88 79 41:2252605:2174:1:1830:3.87
88 79 41 94:2110671:1877:1:1832:4.48
88 79 94:2096945:2872:1:1297:2.93
88 79 94 97:2227590:2369:1:1297:3.55
88 79 97:2266919:2656:1:1297:3.17
88 67 97:2079530:2418:1:1297:3.48
88 24 94 97:2110222:1790:1:1729:4.7
88 24 97:2018752:1874:1:1729:4.49
88 41:2031565:2606:1:1828:3.23
88 94 97:2065702:3013:1:1297:2.79
88 97:2006364:3416:1:1297:2.46
1:2183661:4488:1:1825:1.87
1 79:2310765:3032:1:1827:2.77
1 79 90 41:2365413:1661:1:1998:5.06
1 79 90 41 94:2263976:1495:1:1998:5.63
1 79 67:2278897:2201:1:1827:3.82
1 79 67 41:2812521:1925:1:1993:4.37
1 79 67 41 94:2303923:1506:1:1993:5.58
1 79 67 97:2071757:1665:1:2546:5.05
1 79 41:3250255:2720:1:1993:3.09
1 79 41 94:2723945:2150:1:1993:3.91
1 79 94:2054448:2431:1:1827:3.46
1 79 97:2209584:2278:1:2544:3.69
1 90 67 41:2519467:1807:1:1980:4.65
1 90 67 41 94:2219947:1491:1:1980:5.64
1 90 41:2754235:2393:1:1980:3.52
1 90 41 94:2533577:2025:1:1980:4.15
1 67:2513933:3333:1:1825:2.52
1 67 41:3579645:3057:1:1969:2.75
1 67 41 38:2712099:2122:1:2130:3.96
1 67 41 38 94:2188917:1608:1:2131:5.23
1 67 41 94:2843992:2268:1:1971:3.71
1 67 94:2119101:2515:1:1825:3.34
1 67 94 97:2081888:1983:1:2546:4.24
1 67 97:2539790:2623:1:2355:3.21
1 41:3861134:4176:1:1969:2.01
1 41 38:2439570:2372:1:2113:3.55
1 41 94:3054068:3035:1:1970:2.77
1 94 97:2011113:2547:1:2544:3.3
1 97:2403335:3439:1:2353:2.45
56 79 24 94 97:2078439:1683:1:3929:5.0
56 79 24 97:2031876:1783:1:3929:4.72
56 24 94:2016872:2630:1:3929:3.2
56 24 94 97:2493348:2547:1:3929:3.3
56 24 97:2314558:2647:1:3929:3.18
56 41 97:2059146:2623:1:2688:3.21
79 67 41:2028077:2107:1:1827:3.99
79 24:2025949:2616:1:1729:3.22
79 24 94:2072437:2382:1:1729:3.53
79 24 94 97:2215115:2059:1:1729:4.09
79 24 97:2179892:2219:1:1729:3.79
79 41:2170615:3080:1:1827:2.73
90 24:2282835:3002:1:1730:2.8
90 24 41:2328308:1944:1:2441:4.33
90 24 41 94:2186077:1694:1:2441:4.97
90 24 41 94 97:2083974:1406:1:3024:5.98
90 24 41 97:2270304:1626:1:2833:5.17
90 24 94:2346403:2729:1:1730:3.08
90 24 94 97:2572171:2433:1:1730:3.46
90 24 97:2575488:2676:1:1730:3.14
90 41:2415928:3457:1:1769:2.43
90 41 94:2468698:3064:1:1769:2.75
90 41 94 97:2391838:2421:1:2689:3.47
90 41 97:2435678:2752:1:2498:3.06
90 94 97:2164438:3643:1:584:2.31
67 41:2199310:3239:1:1825:2.6
67 41 97:2095466:2438:1:2505:3.45
24:2502279:5040:1:1729:1.67
24 41:2661712:2864:1:2441:2.94
24 41 94:2531730:2473:1:2441:3.4
24 41 94 97:2621953:2125:1:3024:3.96
24 41 97:2791083:2443:1:2833:3.44
24 38:2159811:3541:1:3009:2.38
24 38 94:2338169:3267:1:3009:2.58
24 38 94 97:2949548:3166:1:3009:2.66
24 38 97:2846160:3439:1:3009:2.45
24 94:2746143:4571:1:1729:1.84
24 94 97:3412656:4184:1:1729:2.01
24 97:3268750:4579:1:1729:1.84
41:2569768:5880:1:1769:1.43
41 38:2206080:4049:1:1769:2.08
41 38 94:2174430:3366:1:1769:2.5
41 38 94 97:2265964:2724:1:2688:3.09
41 38 97:2330012:3200:1:2497:2.63
41 94:2494052:4671:1:1769:1.8
41 94 97:2695280:3729:1:2688:2.26
41 97:2911224:4632:1:2497:1.82
38 94 97:2090752:4838:1:1026:1.74
