11 38 90 36:3133549:2478:1:1457:3.39
11 38 90 36 97:3493394:2354:1:1457:3.57
11 38 90 36 97 94:3705015:2326:1:1457:3.62
11 38 90 36 94:3363012:2449:1:1457:3.44
11 38 36 97:3230437:2733:1:1457:3.08
11 38 36 97 94:3477501:2696:1:1457:3.12
11 38 36 94:3076446:2871:1:1457:2.93
11 90 36 97:3284468:2391:1:1457:3.52
11 90 36 97 94:3489274:2355:1:1457:3.57
11 90 36 94:3127879:2478:1:1457:3.39
11 36 97 94:3209928:2725:1:1457:3.09
5 41 90 36 94:3123358:1944:1:1897:4.33
5 41 36:3023660:2442:1:1897:3.44
5 41 36 94:3196867:2390:1:1897:3.52
5 38 90 36 97:3152324:2194:1:1736:3.83
5 38 90 36 97 94:3351273:2167:1:1736:3.88
5 38 36 97 94:3151902:2538:1:1736:3.31
5 90 36:3131625:2852:1:1153:2.95
5 90 36 97:3576180:2715:1:1736:3.1
5 90 36 97 94:3828735:2684:1:1736:3.13
5 90 36 94:3404553:2820:1:1153:2.98
5 36 97:3175857:3139:1:1736:2.68
5 36 97 94:3464138:3092:1:1736:2.72
31 104 71 67:3385793:2200:1:1825:3.82
31 104 71 67 36:3697365:1841:1:1825:4.57
31 104 71 67 36 94:3827239:1809:1:1825:4.65
31 104 71 67 94:3253431:1975:1:1825:4.26
31 104 71 36:3302317:1905:1:1825:4.42
31 104 71 36 94:3445099:1872:1:1825:4.49
31 104 67 36:3098072:1912:1:1825:4.4
31 104 67 36 94:3247493:1879:1:1825:4.48
31 1:3420714:3688:1:1825:2.28
31 1 88 79 36 94:3031588:1428:1:1828:5.89
31 1 88 71 41 36:3147130:1209:1:1977:6.96
31 1 88 71 41 36 94:3205129:1186:1:1977:7.09
31 1 88 71 41 94:3010368:1334:1:1977:6.3
31 1 88 67 41 36:3027222:1216:1:1977:6.92
31 1 88 67 41 36 94:3094801:1194:1:1977:7.04
31 1 88 41:3540271:2016:1:1977:4.17
31 1 88 41 90:3134863:1549:1:1978:5.43
31 1 88 41 90 36:3417098:1399:1:1978:6.01
31 1 88 41 90 36 94:3527494:1385:1:1978:6.07
31 1 88 41 90 94:3261549:1533:1:1978:5.49
31 1 88 41 36:3901804:1772:1:1977:4.75
31 1 88 41 36 94:4011224:1742:1:1977:4.83
31 1 88 41 94:3678519:1981:1:1977:4.25
31 1 88 90 36:3059404:1498:1:1826:5.61
31 1 88 90 36 94:3191262:1484:1:1826:5.67
31 1 88 36:3325887:1882:1:1826:4.47
31 1 88 36 94:3470609:1852:1:1826:4.54
31 1 88 94:3032972:2125:1:1826:3.96
31 1 79 41:3303931:2016:1:1993:4.17
31 1 79 41 90 36:3131841:1355:1:1993:6.21
31 1 79 41 90 36 94:3238009:1340:1:1993:6.28
31 1 79 41 90 94:3046842:1519:1:1993:5.54
31 1 79 41 36:3495696:1695:1:1993:4.96
31 1 79 41 36 94:3587146:1660:1:1993:5.07
31 1 79 41 94:3433891:1975:1:1993:4.26
31 1 79 90 36 94:3020188:1492:1:1827:5.64
31 1 79 36:3028248:1858:1:1827:4.53
31 1 79 36 94:3164568:1823:1:1827:4.61
31 1 71:3863381:2932:1:1897:2.87
31 1 71 67:4120079:2586:1:1897:3.25
31 1 71 67 41:5038945:2472:1:1969:3.4
31 1 71 67 41 90:3369337:1542:1:1969:5.45
31 1 71 67 41 90 36:3382557:1305:1:1969:6.44
31 1 71 67 41 90 36 94:3485430:1291:1:1969:6.51
31 1 71 67 41 90 94:3105029:1362:1:1969:6.17
31 1 71 67 41 36:5267129:2098:1:1969:4.01
31 1 71 67 41 36 94:5366241:2055:1:1969:4.09
31 1 71 67 41 94:4790280:2235:1:1969:3.76
31 1 71 67 90 36:3043962:1379:1:1897:6.1
31 1 71 67 90 36 94:3164853:1365:1:1897:6.16
31 1 71 67 36:4506311:2183:1:1897:3.85
31 1 71 67 36 94:4647369:2140:1:1897:3.93
31 1 71 67 94:4003746:2349:1:1897:3.58
31 1 71 41:4932929:2800:1:1969:3.0
31 1 71 41 90:3481053:1793:1:1969:4.69
31 1 71 41 90 36:3618658:1537:1:1969:5.47
31 1 71 41 90 36 94:3745386:1522:1:1969:5.53
31 1 71 41 90 94:3290488:1612:1:1969:5.22
31 1 71 41 36:5302722:2376:1:1969:3.54
31 1 71 41 36 94:5427970:2328:1:1969:3.61
31 1 71 41 94:4771097:2556:1:1969:3.29
31 1 71 90 36:3196799:1624:1:1897:5.18
31 1 71 90 36 94:3343715:1609:1:1897:5.23
31 1 71 36:4421136:2474:1:1897:3.4
31 1 71 36 94:4593580:2426:1:1897:3.47
31 1 71 94:3841261:2688:1:1897:3.13
31 1 67:3585229:2980:1:1825:2.82
31 1 67 41:4611028:2800:1:1969:3.0
31 1 67 41 90:3499251:1870:1:1969:4.5
31 1 67 41 90 36:3634250:1590:1:1969:5.29
31 1 67 41 90 36 94:3762399:1572:1:1969:5.35
31 1 67 41 90 94:3319270:1684:1:1969:4.99
31 1 67 41 36:5038257:2383:1:1969:3.53
31 1 67 41 36 94:5176279:2336:1:1969:3.6
31 1 67 41 94:4472988:2557:1:1969:3.29
31 1 67 90 36:3246245:1715:1:1825:4.9
31 1 67 90 36 94:3401778:1697:1:1825:4.96
31 1 67 36:4205669:2519:1:1825:3.34
31 1 67 36 94:4395003:2472:1:1825:3.4
31 1 67 94:3591785:2737:1:1825:3.07
31 1 41:4744921:3472:1:1969:2.42
31 1 41 90:4001357:2465:1:1969:3.41
31 1 41 90 36:4323169:2116:1:1969:3.98
31 1 41 90 36 94:4497177:2093:1:1969:4.02
31 1 41 90 94:3925640:2274:1:1969:3.7
31 1 41 36:5406434:2955:1:1969:2.85
31 1 41 36 94:5595941:2899:1:1969:2.9
31 1 41 94:4728511:3218:1:1969:2.61
31 1 90:3256773:2662:1:1825:3.16
31 1 90 36:3736928:2268:1:1825:3.71
31 1 90 36 94:3945110:2245:1:1825:3.75
31 1 90 94:3296028:2471:1:1825:3.4
31 1 36:4333726:3118:1:1825:2.7
31 1 36 94:4584415:3062:1:1825:2.75
31 1 94:3561402:3434:1:1825:2.45
31 88 41 36:3152667:1843:1:1833:4.56
31 88 41 36 94:3284180:1813:1:1833:4.64
31 71 67 41:3932387:2544:1:1825:3.31
31 71 67 41 36:4374660:2169:1:1825:3.88
31 71 67 41 36 94:4502669:2126:1:1825:3.96
31 71 67 41 94:3801855:2307:1:1825:3.65
31 71 67 36:3552568:2260:1:1825:3.72
31 71 67 36 94:3723165:2217:1:1825:3.79
31 71 41:3652199:2872:1:1825:2.93
31 71 41 90 36 94:3099841:1571:1:1827:5.35
31 71 41 36:4259213:2447:1:1825:3.44
31 71 41 36 94:4415590:2399:1:1825:3.51
31 71 41 94:3611686:2628:1:1825:3.2
31 71 36:3308008:2551:1:1825:3.3
31 71 36 94:3512223:2503:1:1825:3.36
31 67 41:3315814:2872:1:1825:2.93
31 67 41 90 36 94:3081699:1621:1:1827:5.19
31 67 41 36:3977531:2454:1:1825:3.43
31 67 41 36 94:4146574:2407:1:1825:3.5
31 67 41 94:3299597:2629:1:1825:3.2
31 67 36:3057025:2596:1:1817:3.24
31 67 36 94:3278022:2549:1:1817:3.3
31 41:3111456:3544:1:1825:2.37
31 41 90 36:3365939:2165:1:1827:3.89
31 41 90 36 94:3556523:2142:1:1827:3.93
31 41 36:4055285:3026:1:1825:2.78
31 41 36 94:4279548:2970:1:1825:2.83
31 41 94:3221558:3290:1:1825:2.56
31 36 94:3188925:3162:1:1785:2.66
104 88 71 67 36:3100329:1629:1:1817:5.16
104 88 71 67 36 94:3249656:1616:1:1817:5.2
104 88 71 67 94:3115307:1969:1:1817:4.27
104 88 71 36 94:3001418:1730:1:1817:4.86
104 88 67 36 94:3099403:1895:1:1817:4.44
104 71 67:3647740:3328:1:1817:2.53
104 71 67 90:3068319:2311:1:1817:3.64
104 71 67 90 36:3274586:1885:1:1817:4.46
104 71 67 90 36 94:3458237:1872:1:1817:4.49
104 71 67 90 94:3054395:2132:1:1817:3.95
104 71 67 36:4181177:2700:1:1817:3.12
104 71 67 36 94:4413828:2664:1:1817:3.16
104 71 67 94:3728061:3097:1:1817:2.72
104 71 90 36 94:3132118:1967:1:1817:4.28
104 71 36:3583144:2817:1:1817:2.99
104 71 36 94:3834902:2778:1:1817:3.03
104 71 94:3007456:3236:1:1817:2.6
104 67 90 36:3054568:2173:1:1817:3.87
104 67 90 36 94:3255832:2149:1:1817:3.91
104 67 36:3477628:2990:1:1817:2.81
104 67 36 94:3742341:2943:1:1817:2.86
104 90 36 94:3001731:2383:1:1817:3.53
104 36 94:3178780:3196:1:1817:2.63
120 71 38 36 97 94:3060263:1780:1:1363:4.73
120 71 90 36 97 94:3049753:1617:1:1347:5.2
120 71 36 97 94:3099204:1932:1:1347:4.35
120 38 90:3002896:3430:1:1026:2.45
120 38 90 36:4086466:3064:1:1026:2.75
120 38 90 36 97:4666005:3008:1:1026:2.8
120 38 90 36 97 94:4954006:2984:1:1026:2.82
120 38 90 36 94:4385575:3040:1:1026:2.77
120 38 90 97:3697702:3372:1:1026:2.5
120 38 90 97 94:3938826:3266:1:1026:2.58
120 38 90 94:3272036:3324:1:1026:2.53
120 38 36:3474367:3418:1:1026:2.46
120 38 36 97:4111229:3332:1:1026:2.53
120 38 36 97 94:4428390:3299:1:1026:2.55
120 38 36 94:3806847:3384:1:1026:2.49
120 38 97 94:3194722:3630:1:1026:2.32
120 90 36:3952723:3240:1:1026:2.6
120 90 36 97:4575120:3184:1:1026:2.64
120 90 36 97 94:4885239:3160:1:1026:2.66
120 90 36 94:4273950:3216:1:1026:2.62
120 90 97:3534276:3588:1:1026:2.34
120 90 97 94:3810916:3482:1:1026:2.42
120 90 94:3089750:3540:1:1026:2.38
120 36:3245314:3594:1:1026:2.34
120 36 97:3928498:3508:1:1026:2.4
120 36 97 94:4268829:3475:1:1026:2.42
120 36 94:3601068:3560:1:1026:2.36
1 88 79 90 36:3274771:1753:1:1828:4.8
1 88 79 90 36 94:3419135:1732:1:1828:4.86
1 88 79 90 94:3118937:1999:1:1828:4.21
1 88 79 36:3272228:2080:1:1828:4.04
1 88 79 36 94:3430172:2043:1:1828:4.12
1 88 79 94:3119226:2483:1:1828:3.39
1 88 71 67 41:3063355:1544:1:1977:5.45
1 88 71 67 41 36:3199557:1315:1:1977:6.4
1 88 71 67 41 36 94:3276829:1293:1:1977:6.5
1 88 71 67 41 94:3166956:1519:1:1977:5.54
1 88 71 67 36 94:3026918:1445:1:1977:5.82
1 88 71 41:3194689:1872:1:1977:4.49
1 88 71 41 36:3431022:1593:1:1977:5.28
1 88 71 41 36 94:3529886:1566:1:1977:5.37
1 88 71 41 94:3323850:1840:1:1977:4.57
1 88 71 36 94:3121574:1718:1:1977:4.9
1 88 67 41:3281629:2064:1:1977:4.08
1 88 67 41 90 36:3004968:1326:1:1978:6.34
1 88 67 41 90 36 94:3095473:1307:1:1978:6.43
1 88 67 41 36:3596082:1759:1:1977:4.78
1 88 67 41 36 94:3701760:1726:1:1977:4.87
1 88 67 41 94:3421865:2025:1:1977:4.15
1 88 67 36:3126300:1952:1:1826:4.31
1 88 67 36 94:3278922:1919:1:1826:4.38
1 88 41:3561038:2720:1:1977:3.09
1 88 41 90:3268830:2068:1:1978:4.07
1 88 41 90 36:3686589:1836:1:1978:4.58
1 88 41 90 36 94:3824177:1813:1:1978:4.64
1 88 41 90 94:3436444:2043:1:1978:4.12
1 88 41 36:4072339:2315:1:1977:3.63
1 88 41 36 94:4226676:2274:1:1977:3.7
1 88 41 94:3763045:2671:1:1977:3.15
1 88 90 36:3239117:2018:1:1826:4.17
1 88 90 36 94:3414433:1995:1:1826:4.22
1 88 36:3317000:2508:1:1826:3.35
1 88 36 94:3524505:2467:1:1826:3.41
1 79 71 41 36:3052739:1516:1:1993:5.55
1 79 71 41 36 94:3134320:1484:1:1993:5.67
1 79 71 41 94:3097977:1834:1:1993:4.59
1 79 67 41:3047684:2064:1:1993:4.08
1 79 67 41 36:3207554:1682:1:1993:5.0
1 79 67 41 36 94:3296071:1644:1:1993:5.12
1 79 67 41 94:3180236:2019:1:1993:4.17
1 79 41:3250255:2720:1:1993:3.09
1 79 41 90:3003477:2055:1:1993:4.09
1 79 41 90 36:3363231:1792:1:1993:4.69
1 79 41 90 36 94:3498002:1768:1:1993:4.76
1 79 41 90 94:3171172:2029:1:1993:4.15
1 79 41 36:3630566:2238:1:1993:3.76
1 79 41 36 94:3770587:2192:1:1993:3.84
1 79 41 94:3448579:2665:1:1993:3.16
1 79 90 36 94:3173544:2003:1:1827:4.2
1 79 36 94:3153328:2438:1:1827:3.45
1 71:3104853:3540:1:1897:2.38
1 71 67:3681966:3194:1:1897:2.63
1 71 67 41:4761071:2984:1:1969:2.82
1 71 67 41 90:3296733:1872:1:1969:4.49
1 71 67 41 90 36:3439789:1585:1:1969:5.31
1 71 67 41 90 36 94:3573519:1569:1:1969:5.36
1 71 67 41 90 94:3134752:1690:1:1969:4.98
1 71 67 41 36:5124135:2482:1:1969:3.39
1 71 67 41 36 94:5274128:2435:1:1969:3.45
1 71 67 41 94:4657289:2741:1:1969:3.07
1 71 67 90 36:3116327:1742:1:1897:4.83
1 71 67 90 36 94:3278781:1726:1:1897:4.87
1 71 67 36:4289790:2650:1:1897:3.17
1 71 67 36 94:4494035:2603:1:1897:3.23
1 71 67 94:3725754:2951:1:1897:2.85
1 71 41:4368649:3312:1:1969:2.54
1 71 41 90:3212412:2123:1:1969:3.96
1 71 41 90 36:3502351:1817:1:1969:4.63
1 71 41 90 36 94:3661112:1800:1:1969:4.67
1 71 41 90 94:3125350:1940:1:1969:4.34
1 71 41 36:4931330:2760:1:1969:3.05
1 71 41 36 94:5111558:2708:1:1969:3.11
1 71 41 94:4357461:3062:1:1969:2.75
1 71 90 36:3067081:1987:1:1897:4.23
1 71 90 36 94:3256736:1970:1:1897:4.27
1 71 36:3947673:2941:1:1897:2.86
1 71 36 94:4187403:2889:1:1897:2.91
1 71 94:3248615:3290:1:1897:2.56
1 67 41:4221182:3504:1:1969:2.4
1 67 41 90:3458166:2389:1:1969:3.52
1 67 41 90 36:3787519:2027:1:1969:4.15
1 67 41 90 36 94:3946468:2000:1:1969:4.21
1 67 41 90 94:3389025:2194:1:1969:3.83
1 67 41 36:4891241:2926:1:1969:2.88
1 67 41 36 94:5084081:2868:1:1969:2.93
1 67 41 94:4238966:3247:1:1969:2.59
1 67 90 36:3288461:2235:1:1825:3.76
1 67 90 36 94:3491060:2208:1:1825:3.81
1 67 36:3857956:3145:1:1825:2.68
1 67 36 94:4119974:3087:1:1825:2.73
1 67 94:3068352:3523:1:1825:2.39
1 41:3861134:4176:1:1969:2.01
1 41 90:3558070:2984:1:1969:2.82
1 41 90 36:4126744:2553:1:1969:3.3
1 41 90 36 94:4335727:2521:1:1969:3.34
1 41 90 94:3597368:2784:1:1969:3.02
1 41 36:4853965:3498:1:1969:2.41
1 41 36 94:5105388:3431:1:1969:2.45
1 41 94:4009778:3908:1:1969:2.15
1 90 36:3394890:2788:1:1825:3.02
1 90 36 94:3654313:2756:1:1825:3.05
1 36:3546000:3744:1:1825:2.25
1 36 94:3876471:3677:1:1825:2.29
88 79 24 90 36 94:3142696:1574:1:1729:5.34
88 79 71 36 97 94:3026657:1716:1:1345:4.9
88 79 71 36 94:3099858:1984:1:1345:4.24
88 79 71 97 94:3035589:2201:1:1345:3.82
88 79 67 90 36:3146290:1917:1:1297:4.39
88 79 67 90 36 97:3162434:1715:1:1297:4.9
88 79 67 90 36 97 94:3309358:1696:1:1297:4.96
88 79 67 90 36 94:3317244:1897:1:1297:4.43
88 79 67 90 97:3038382:2084:1:1297:4.04
88 79 67 90 97 94:3229103:2063:1:1297:4.08
88 79 67 90 94:3053372:2268:1:1297:3.71
88 79 67 36:3002689:2228:1:1297:3.78
88 79 67 36 97:3008249:1948:1:1297:4.32
88 79 67 36 97 94:3173386:1921:1:1297:4.38
88 79 67 36 94:3194801:2196:1:1297:3.83
88 79 67 97 94:3066065:2431:1:1297:3.46
88 79 41 90 36:3248937:1824:1:1828:4.61
88 79 41 90 36 94:3381046:1797:1:1828:4.68
88 79 41 90 94:3052661:2079:1:1828:4.05
88 79 41 36:3291601:2177:1:1828:3.86
88 79 41 36 94:3437237:2134:1:1828:3.94
88 79 41 94:3092028:2597:1:1828:3.24
88 79 90:3132720:3215:1:1297:2.62
88 79 90 36:3713382:2697:1:1297:3.12
88 79 90 36 97:3746574:2372:1:1297:3.55
88 79 90 36 97 94:3959716:2348:1:1297:3.58
88 79 90 36 94:3962193:2670:1:1297:3.15
88 79 90 97:3438029:2882:1:1297:2.92
88 79 90 97 94:3712787:2856:1:1297:2.95
88 79 90 94:3445784:3186:1:1297:2.64
88 79 36:3283809:3061:1:1297:2.75
88 79 36 97:3358650:2645:1:1297:3.18
88 79 36 97 94:3594499:2610:1:1297:3.22
88 79 36 94:3560043:3018:1:1297:2.79
88 79 97 94:3252507:3295:1:1297:2.55
88 56 90 36 97:3241756:2153:1:1546:3.91
88 56 90 36 97 94:3447458:2136:1:1546:3.94
88 56 36 97 94:3180124:2429:1:1545:3.46
88 24 90 36:3316120:2016:1:1729:4.17
88 24 90 36 97:3306261:1782:1:1729:4.72
88 24 90 36 97 94:3485515:1775:1:1729:4.74
88 24 90 36 94:3516477:2006:1:1729:4.19
88 24 90 97 94:3134090:2046:1:1729:4.11
88 24 36 97 94:3063011:1868:1:1729:4.5
88 24 36 94:3058545:2133:1:1729:3.94
88 71 67 90 36 97 94:3055100:1490:1:1345:5.64
88 71 67 90 36 94:3034091:1654:1:1345:5.09
88 71 67 36:3177454:2134:1:1345:3.94
88 71 67 36 97:3184197:1877:1:1345:4.48
88 71 67 36 97 94:3354209:1859:1:1345:4.52
88 71 67 36 94:3371088:2112:1:1345:3.98
88 71 67 97 94:3107095:2259:1:1345:3.72
88 71 41 36 94:3053055:1739:1:1826:4.84
88 71 90 36:3128494:2128:1:1345:3.95
88 71 90 36 97:3224018:1913:1:1345:4.4
88 71 90 36 97 94:3411579:1902:1:1345:4.42
88 71 90 36 94:3341987:2117:1:1345:3.97
88 71 90 97 94:3061378:2212:1:1345:3.8
88 71 36:3216341:2653:1:1345:3.17
88 71 36 97:3310140:2332:1:1345:3.61
88 71 36 97 94:3524833:2308:1:1345:3.64
88 71 36 94:3462273:2624:1:1345:3.21
88 71 97 94:3072954:2797:1:1345:3.01
88 67 41 36 94:3135053:1905:1:1826:4.42
88 67 90 36:3331701:2398:1:1297:3.51
88 67 90 36 97:3455739:2163:1:1297:3.89
88 67 90 36 97 94:3654188:2142:1:1297:3.93
88 67 90 36 94:3558623:2376:1:1297:3.54
88 67 90 97 94:3235962:2511:1:1297:3.35
88 67 36:3170276:2872:1:1297:2.93
88 67 36 97:3327173:2544:1:1297:3.31
88 67 36 97 94:3558321:2513:1:1297:3.35
88 67 36 94:3435832:2836:1:1297:2.97
88 41 90 36:3173560:2089:1:1826:4.03
88 41 90 36 94:3337910:2060:1:1826:4.08
88 41 36:3295203:2605:1:1826:3.23
88 41 36 94:3490802:2558:1:1826:3.29
88 38 90 36 97:3071346:2115:1:1313:3.98
88 38 90 36 97 94:3269806:2096:1:1313:4.01
88 38 36 97 94:3043269:2422:1:1313:3.47
88 90 36:3829801:3394:1:1297:2.48
88 90 36 97:4063157:3036:1:1297:2.77
88 90 36 97 94:4352444:3010:1:1297:2.8
88 90 36 94:4159575:3365:1:1297:2.5
88 90 97:3264054:3548:1:1297:2.37
88 90 97 94:3616465:3520:1:1297:2.39
88 90 94:3139601:3883:1:1297:2.17
88 36:3244293:3921:1:1297:2.15
88 36 97:3571526:3457:1:1297:2.43
88 36 97 94:3899366:3418:1:1297:2.46
88 36 94:3620756:3874:1:1297:2.17
79 24 90 36:3025552:2008:1:1729:4.19
79 24 90 36 97:3036641:1774:1:1729:4.74
79 24 90 36 97 94:3216241:1767:1:1729:4.76
79 24 90 36 94:3226969:1998:1:1729:4.21
79 24 90 97 94:3069289:2150:1:1729:3.91
79 71 90 36 97 94:3063651:1848:1:1345:4.55
79 71 36 97 94:3061416:2214:1:1345:3.8
79 67 90 36 97:3082969:2106:1:1297:3.99
79 67 90 36 97 94:3276340:2085:1:1297:4.03
79 67 90 36 94:3158393:2314:1:1297:3.64
79 67 90 97 94:3000334:2538:1:1297:3.31
79 67 36 97 94:3075859:2416:1:1297:3.48
79 41 90 36 94:3001321:2015:1:1827:4.17
79 41 36 94:3040317:2476:1:1827:3.4
79 90 36:3316250:3342:1:1297:2.52
79 90 36 97:3583147:2988:1:1297:2.82
79 90 36 97 94:3869707:2962:1:1297:2.84
79 90 36 94:3643030:3312:1:1297:2.54
79 90 97 94:3323603:3615:1:1297:2.33
79 36 97 94:3318384:3330:1:1297:2.53
79 36 94:3012711:3784:1:1297:2.22
56 71 67 36:3035987:2341:1:1537:3.59
56 71 67 36 97:3537835:2341:1:1537:3.59
56 71 67 36 97 94:3731899:2304:1:1537:3.65
56 71 67 36 94:3237583:2304:1:1537:3.65
56 71 90 36 97:3321217:2253:1:1537:3.73
56 71 90 36 97 94:3545344:2237:1:1537:3.76
56 71 90 36 94:3068272:2237:1:1537:3.76
56 71 36:3041064:2992:1:1537:2.81
56 71 36 97:3680328:2992:1:1537:2.81
56 71 36 97 94:3947400:2949:1:1537:2.85
56 71 36 94:3316832:2949:1:1537:2.85
56 67 90 36 97:3193731:2305:1:1537:3.65
56 67 90 36 97 94:3420271:2286:1:1537:3.68
56 67 36 97:3356546:3004:1:1537:2.8
56 67 36 97 94:3629865:2961:1:1537:2.84
56 90 36:3287685:3569:1:1537:2.36
56 90 36 97:4049581:3569:1:1537:2.36
56 90 36 97 94:4411653:3545:1:1537:2.37
56 90 36 94:3654549:3545:1:1537:2.37
56 90 97 94:3217189:3957:1:1537:2.13
56 36 97:3609788:4308:1:1537:1.95
56 36 97 94:4029197:4257:1:1537:1.98
56 36 94:3118597:4257:1:1537:1.98
24 90:3958560:4797:1:1729:1.75
24 90 36:5436021:4216:1:1729:2.0
24 90 36 97:5940501:3942:1:1729:2.13
24 90 36 97 94:6303109:3901:1:1729:2.16
24 90 36 94:5830062:4170:1:1729:2.02
24 90 97:4704654:4493:1:1729:1.87
24 90 97 94:4956656:4284:1:1729:1.96
24 90 94:4285034:4583:1:1729:1.84
24 36:4187673:4354:1:1729:1.93
24 36 97:4760254:4044:1:1729:2.08
24 36 97 94:5135539:3994:1:1729:2.11
24 36 94:4598211:4297:1:1729:1.96
24 97:3365616:4688:1:1729:1.79
24 97 94:3676188:4443:1:1729:1.89
71 67 41:3447651:3128:1:1825:2.69
71 67 41 36:4087133:2604:1:1825:3.23
71 67 41 36 94:4272847:2557:1:1825:3.29
71 67 41 94:3472392:2885:1:1825:2.92
71 67 38 90 36:3187551:2196:1:1361:3.83
71 67 38 90 36 97:3351048:2007:1:1361:4.19
71 67 38 90 36 97 94:3548153:1994:1:1361:4.22
71 67 38 90 36 94:3407263:2182:1:1361:3.86
71 67 38 90 97:3054584:2440:1:1361:3.45
71 67 38 90 97 94:3068554:2261:1:1361:3.72
71 67 38 36:3784824:3053:1:1361:2.76
71 67 38 36 97:4014678:2763:1:1361:3.04
71 67 38 36 97 94:4260037:2730:1:1361:3.08
71 67 38 36 94:4061885:3015:1:1361:2.79
71 67 38 97:3367322:3384:1:1361:2.49
71 67 38 97 94:3480640:3156:1:1361:2.67
71 67 38 94:3040608:3447:1:1361:2.44
71 67 90 36:3445891:2572:1:1345:3.27
71 67 90 36 97:3650102:2343:1:1345:3.59
71 67 90 36 97 94:3883278:2328:1:1345:3.61
71 67 90 36 94:3706146:2556:1:1345:3.29
71 67 90 97:3225725:2822:1:1345:2.98
71 67 90 97 94:3299130:2641:1:1345:3.19
71 67 36:3941199:3510:1:1345:2.4
71 67 36 97:4213795:3157:1:1345:2.66
71 67 36 97 94:4495701:3116:1:1345:2.7
71 67 36 94:4261789:3463:1:1345:2.43
71 67 97:3410677:3858:1:1345:2.18
71 67 97 94:3591717:3621:1:1345:2.32
71 67 94:3071837:3983:1:1345:2.11
71 41 36:3793342:2935:1:1825:2.87
71 41 36 94:4014615:2881:1:1825:2.92
71 41 94:3046167:3276:1:1825:2.57
71 38 90 36:3170840:2626:1:1361:3.2
71 38 90 36 97:3469428:2437:1:1361:3.45
71 38 90 36 97 94:3714623:2422:1:1361:3.47
71 38 90 36 94:3439410:2610:1:1361:3.22
71 38 90 97 94:3046442:2749:1:1361:3.06
71 38 36:3359316:3490:1:1361:2.41
71 38 36 97:3757366:3200:1:1361:2.63
71 38 36 97 94:4058254:3165:1:1361:2.66
71 38 36 94:3693604:3450:1:1361:2.44
71 38 97 94:3029202:3658:1:1361:2.3
71 90 36:3545124:3247:1:1345:2.59
71 90 36 97:3882891:2967:1:1345:2.84
71 90 36 97 94:4183829:2949:1:1345:2.85
71 90 36 94:3879509:3228:1:1345:2.61
71 90 97:3134762:3526:1:1345:2.39
71 90 97 94:3333667:3342:1:1345:2.52
71 36:3582398:4238:1:1345:1.99
71 36 97:4034638:3821:1:1345:2.2
71 36 97 94:4393550:3774:1:1345:2.23
71 36 94:3988375:4184:1:1345:2.01
71 97 94:3148006:4393:1:1345:1.92
67 41 90 36:3002776:2179:1:1825:3.86
67 41 90 36 94:3185476:2149:1:1825:3.91
67 41 36:3658932:3108:1:1825:2.71
67 41 36 94:3894931:3047:1:1825:2.76
67 38 90 36:3174833:2843:1:1313:2.96
67 38 90 36 97:3541308:2654:1:1313:3.17
67 38 90 36 97 94:3797517:2631:1:1313:3.2
67 38 90 36 94:3455979:2819:1:1313:2.98
67 38 90 97 94:3028993:2992:1:1313:2.81
67 38 36:3146072:3702:1:1313:2.27
67 38 36 97:3628060:3412:1:1313:2.47
67 38 36 97 94:3945494:3369:1:1313:2.5
67 38 36 94:3499365:3654:1:1313:2.3
67 90 36:3540123:3514:1:1297:2.39
67 90 36 97:3925935:3214:1:1297:2.62
67 90 36 97 94:4240349:3186:1:1297:2.64
67 90 36 94:3891323:3484:1:1297:2.41
67 90 97:3059169:3837:1:1297:2.19
67 90 97 94:3292585:3641:1:1297:2.31
67 36:3267570:4454:1:1297:1.89
67 36 97:3805053:4030:1:1297:2.09
67 36 97 94:4184182:3976:1:1297:2.12
67 36 94:3697597:4393:1:1297:1.92
41 38 90 36:4061473:3138:1:1769:2.68
41 38 90 36 94:4304336:3083:1:1769:2.73
41 38 90 94:3095246:3300:1:1769:2.55
41 38 36:4108532:3993:1:1769:2.11
41 38 36 94:4421563:3914:1:1769:2.15
41 90:3364658:4635:1:1769:1.82
41 90 36:4845818:4126:1:1769:2.04
41 90 36 94:5184452:4061:1:1769:2.07
41 90 94:3638036:4402:1:1769:1.91
41 36:4631218:5108:1:1769:1.65
41 36 94:5043799:5008:1:1769:1.68
38 90 36:4494914:5079:1:1026:1.66
38 90 36 97:5350976:4850:1:1026:1.73
38 90 36 97 94:5816538:4798:1:1026:1.75
38 90 36 94:4994317:5024:1:1026:1.67
38 90 97:3592234:5503:1:1026:1.53
38 90 97 94:4025094:5285:1:1026:1.59
38 36:3449460:5945:1:1026:1.42
38 36 97:4469596:5615:1:1026:1.5
38 36 97 94:5012588:5543:1:1026:1.52
38 36 94:4039063:5866:1:1026:1.43
90 36:4833762:6295:1:192:1.34
90 36 97:5743144:5832:1:528:1.44
90 36 97 94:6303443:5765:1:584:1.46
90 36 94:5454247:6222:1:192:1.35
90 97:3605440:6655:1:337:1.26
90 97 94:4175530:6420:1:584:1.31
36:3374487:7288:1:192:1.15
36 97:4525857:6688:1:528:1.26
36 97 94:5173358:6592:1:584:1.28
36 94:4100029:7180:1:192:1.17
