42 2 120 38 36:3183570:1837:1:2754:4.58
42 2 120 38 36 97:3582862:1837:1:2754:4.58
42 2 120 38 36 97 94:3784444:1837:1:2754:4.58
42 2 120 38 36 94:3385152:1837:1:2754:4.58
42 2 120 38 97 94:3075539:1936:1:2754:4.34
42 2 120 36:3057849:1885:1:2754:4.46
42 2 120 36 97:3467625:1885:1:2754:4.46
42 2 120 36 97 94:3674339:1885:1:2754:4.46
42 2 120 36 94:3264563:1885:1:2754:4.46
42 2 38 36 97:3050651:2013:1:2753:4.18
42 2 38 36 97 94:3271295:2013:1:2753:4.18
42 2 36 97 94:3202072:2115:1:2753:3.98
42 120 38 36 97:3093962:1909:1:2754:4.41
42 120 38 36 97 94:3282949:1898:1:2754:4.43
42 120 36 97:3201844:2118:1:2754:3.97
42 120 36 97 94:3401706:2100:1:2754:4.01
128 31 1 67:3023071:1776:1:2976:4.74
128 31 1 67 97:3415371:1776:1:2976:4.74
128 56 71 67 97:3049111:1968:1:2203:4.27
23 57 31 104 71 67:3338368:1840:1:2177:4.57
23 57 31 104 71 67 41:4131474:1832:1:2393:4.59
23 57 31 104 71 67 41 38:3101205:1403:1:2395:5.99
23 57 31 104 71 67 41 94:3513930:1538:1:2393:5.47
23 57 31 104 71 67 97:3539041:1736:1:2344:4.85
23 57 31 104 71 41:3630399:1832:1:2393:4.59
23 57 31 104 71 41 94:3102940:1538:1:2393:5.47
23 57 31 104 71 97:3062106:1736:1:2344:4.85
23 57 31 104 67 41:3417061:1832:1:2393:4.59
23 57 31 71 67 41:3332530:1832:1:2393:4.59
23 57 104 56 71 67 41:3563574:1800:1:2700:4.67
23 57 104 56 71 67 41 97:3962066:1800:1:2700:4.67
23 57 104 56 71 67 41 97 94:3399173:1506:1:2700:5.58
23 57 104 56 71 67 41 94:3083129:1506:1:2700:5.58
23 57 104 56 71 67 97:3332827:1896:1:2700:4.44
23 57 104 56 71 41:3192456:1872:1:2692:4.49
23 57 104 56 71 41 97:3607348:1872:1:2692:4.49
23 57 104 56 71 41 97 94:3143032:1578:1:2692:5.33
23 57 104 56 67 41 97:3392769:1872:1:2696:4.49
23 57 104 56 41 97:3103617:2016:1:2688:4.17
23 57 104 71 67 41:3448453:1904:1:2393:4.42
23 57 104 71 67 41 97:3664358:1800:1:2700:4.67
23 57 104 71 67 41 97 94:3152186:1506:1:2700:5.58
23 57 104 71 67 41 94:3029847:1610:1:2393:5.22
23 57 104 71 67 97:3032382:1904:1:2344:4.42
23 57 104 71 41:3039030:1976:1:2393:4.26
23 57 104 71 41 97:3298075:1872:1:2692:4.49
23 57 104 67 41 97:3082824:1872:1:2696:4.49
23 57 56 71 67 41 97:3174178:1800:1:2700:4.67
23 31 104 71 67:3035035:1840:1:2177:4.57
23 31 104 71 67 41:3829422:1832:1:2393:4.59
23 31 104 71 67 41 94:3262554:1538:1:2393:5.47
23 31 104 71 67 97:3253582:1736:1:2344:4.85
23 31 104 71 41:3328347:1832:1:2393:4.59
23 31 104 67 41:3115009:1832:1:2393:4.59
23 31 1 71 67:3330131:1952:1:2177:4.31
23 31 1 71 67 41:4194019:1952:1:2177:4.31
23 31 1 71 67 41 38:3311102:1533:1:2177:5.49
23 31 1 71 67 41 38 94:3016253:1363:1:2178:6.17
23 31 1 71 67 41 94:3607907:1658:1:2178:5.07
23 31 1 71 41:3661624:1952:1:2177:4.31
23 31 1 71 41 94:3165597:1658:1:2178:5.07
23 31 1 67 41:3425237:1952:1:2177:4.31
23 31 71 67 41:3347756:2024:1:2177:4.16
23 104 56 71 67 41:3267111:1800:1:2700:4.67
23 104 56 71 67 41 97:3665603:1800:1:2700:4.67
23 104 56 71 67 41 97 94:3153386:1506:1:2700:5.58
23 104 56 71 67 97:3020791:1896:1:2700:4.44
23 104 56 71 41 97:3298720:1872:1:2692:4.49
23 104 56 67 41 97:3083562:1872:1:2696:4.49
23 104 71 67:3338653:2776:1:2121:3.03
23 104 71 67 41:3974844:2416:1:2393:3.48
23 104 71 67 41 38 97:3262944:1786:1:2700:4.71
23 104 71 67 41 38 97 94:3105218:1616:1:2700:5.2
23 104 71 67 41 97:4322003:2312:1:2700:3.64
23 104 71 67 41 97 94:3914561:2018:1:2700:4.17
23 104 71 67 41 94:3660968:2122:1:2393:3.96
23 104 71 67 97:3809024:2672:1:2344:3.15
23 104 71 67 97 94:3568104:2376:1:2344:3.54
23 104 71 67 94:3191611:2480:1:2121:3.39
23 104 71 41:3411866:2488:1:2393:3.38
23 104 71 41 97:3802165:2384:1:2692:3.53
23 104 71 41 97 94:3493300:2090:1:2692:4.02
23 104 71 41 94:3196567:2194:1:2393:3.83
23 104 71 97:3161884:2744:1:2344:3.07
23 104 71 97 94:3020141:2448:1:2344:3.44
23 104 67 41:3368976:2680:1:2393:3.14
23 104 67 41 38 97:3051644:2050:1:2696:4.1
23 104 67 41 97:3811992:2576:1:2696:3.27
23 104 67 41 97 94:3565591:2282:1:2696:3.69
23 104 67 41 94:3216141:2386:1:2393:3.53
23 104 67 97:3043940:2936:1:2344:2.87
23 104 41 97:3279114:2720:1:2688:3.09
23 104 41 97 94:3138792:2426:1:2688:3.47
23 1 71 67:3232904:2560:1:2129:3.29
23 1 71 67 41:4201801:2464:1:2129:3.41
23 1 71 67 41 38:3328562:1939:1:2131:4.34
23 1 71 67 41 38 94:3190315:1769:1:2131:4.75
23 1 71 67 41 94:3860775:2170:1:2129:3.88
23 1 71 67 94:3033500:2266:1:2129:3.71
23 1 71 41:3528016:2464:1:2129:3.41
23 1 71 41 94:3277075:2170:1:2129:3.88
23 1 67 41:3484297:2656:1:2129:3.17
23 1 67 41 94:3296688:2362:1:2129:3.56
23 71 67 41:3156554:2608:1:2129:3.23
23 71 67 41 97:3313523:2312:1:2700:3.64
23 71 67 41 97 94:3058841:2018:1:2700:4.17
23 71 67 41 94:3017500:2314:1:2129:3.64
57 31 104 71 67:3137760:1840:1:2177:4.57
57 31 104 71 67 41:3931612:1832:1:2393:4.59
57 31 104 71 67 41 94:3347408:1538:1:2393:5.47
57 31 104 71 67 97:3349841:1736:1:2344:4.85
57 31 104 71 41:3430537:1832:1:2393:4.59
57 31 104 67 41:3217199:1832:1:2393:4.59
57 31 1 71 67:3131003:1778:1:2324:4.73
57 31 1 71 67 97:3459951:1746:1:2547:4.82
57 31 1 71 97:3011088:1764:1:2545:4.77
57 31 71 67 41:3132668:1832:1:2393:4.59
57 104 56 71 67 41:3367242:1800:1:2700:4.67
57 104 56 71 67 41 97:3765734:1800:1:2700:4.67
57 104 56 71 67 41 97 94:3236181:1506:1:2700:5.58
57 104 56 71 67 97:3126009:1896:1:2700:4.44
57 104 56 71 41 97:3403064:1872:1:2692:4.49
57 104 56 67 41 97:3188811:1872:1:2696:4.49
57 104 71 67 41:3240713:1904:1:2393:4.42
57 104 71 67 41 97:3468026:1800:1:2700:4.67
57 104 71 67 97:3111819:2096:1:2344:4.01
57 104 71 41 97:3093791:1872:1:2692:4.49
57 41 38 36 97:3239992:2389:1:2688:3.52
57 41 38 36 97 94:3389016:2307:1:2688:3.65
57 41 38 36 94:3010091:2399:1:2377:3.51
57 41 36 97:3041288:2445:1:2688:3.44
57 41 36 97 94:3195467:2355:1:2688:3.57
2 120 38 36:3615555:2657:1:2754:3.17
2 120 38 36 97:4097799:2596:1:2754:3.24
2 120 38 36 97 94:4381825:2596:1:2754:3.24
2 120 38 36 94:3906535:2657:1:2754:3.17
2 120 38 97 94:3293658:2716:1:2754:3.1
2 120 36:3396359:2719:1:2754:3.09
2 120 36 97:3883768:2648:1:2754:3.18
2 120 36 97 94:4173436:2648:1:2754:3.18
2 120 36 94:3693737:2719:1:2754:3.09
2 120 97 94:3056144:2776:1:2754:3.03
2 90 38 36 97 94:3160664:2201:1:2753:3.82
2 90 36 97 94:3035514:2286:1:2753:3.68
2 38 36:3344093:3620:1:2753:2.32
2 38 36 97:4038936:3535:1:2753:2.38
2 38 36 97 94:4426360:3535:1:2753:2.38
2 38 36 94:3741095:3620:1:2753:2.32
2 36:3043089:3747:1:2753:2.25
2 36 97:3764693:3652:1:2753:2.3
2 36 97 94:4152353:3642:1:2753:2.31
2 36 94:3443515:3737:1:2753:2.25
5 36 97 94:3116208:2781:1:1736:3.03
31 104 71 67:3385793:2200:1:1825:3.82
31 104 71 67 41:4151752:2096:1:2177:4.01
31 104 71 67 41 38:3124540:1595:1:2395:5.27
31 104 71 67 41 94:3246682:1610:1:2178:5.22
31 104 71 67 97:3567094:2024:1:2161:4.16
31 104 71 41:3698064:2168:1:2177:3.88
31 104 71 97:3008444:2024:1:2161:4.16
31 104 67 41:3454961:2168:1:2177:3.88
31 104 41:3060776:2328:1:2177:3.61
31 1:3420714:3688:1:1825:2.28
31 1 88 79 41:3208870:1584:1:2001:5.31
31 1 88 41:3540271:2016:1:1977:4.17
31 1 88 41 94:3278087:1809:1:1978:4.65
31 1 79 41:3303931:2016:1:1993:4.17
31 1 79 41 94:3061847:1804:1:1993:4.66
31 1 71:3863381:2932:1:1897:2.87
31 1 71 90 67 41:3326620:1509:1:1971:5.57
31 1 71 90 41:3313240:1704:1:1971:4.94
31 1 71 67:4120079:2586:1:1897:3.25
31 1 71 67 41:5038945:2472:1:1969:3.4
31 1 71 67 41 38:3552822:1725:1:2177:4.88
31 1 71 67 41 94:4050738:1952:1:1969:4.31
31 1 71 67 38:3015988:1821:1:2131:4.62
31 1 71 67 97:4155751:2290:1:2356:3.67
31 1 71 67 97 94:3198977:1752:1:2547:4.8
31 1 71 67 94:3334479:2048:1:1897:4.11
31 1 71 41:4932929:2800:1:1969:3.0
31 1 71 41 38:3102842:1725:1:2177:4.88
31 1 71 41 36:3197652:1566:1:1969:5.37
31 1 71 41 36 94:3057963:1445:1:1969:5.82
31 1 71 41 94:4085734:2258:1:1969:3.73
31 1 71 97:3940320:2564:1:2354:3.28
31 1 71 97 94:3122223:2002:1:2545:4.2
31 1 71 94:3231050:2370:1:1897:3.55
31 1 90 67 41:3092302:1681:1:1971:5.0
31 1 90 41:3228418:2060:1:1971:4.08
31 1 67:3585229:2980:1:1825:2.82
31 1 67 41:4611028:2800:1:1969:3.0
31 1 67 41 94:3811552:2252:1:1969:3.74
31 1 67 97:3724720:2612:1:2355:3.22
31 1 67 94:3012119:2411:1:1825:3.49
31 1 41:4744921:3472:1:1969:2.42
31 1 41 36:3532563:2098:1:1969:4.01
31 1 41 36 94:3418088:1944:1:1969:4.33
31 1 41 94:4081909:2874:1:1969:2.93
31 1 36:3043197:2314:1:1825:3.64
31 1 97:3632466:3160:1:2353:2.66
31 1 94:3008669:3065:1:1825:2.74
31 71 67 41:3932387:2544:1:1825:3.31
31 71 67 41 94:3252465:2024:1:1825:4.16
31 71 67 97:3043366:2298:1:2153:3.66
31 71 41:3652199:2872:1:1825:2.93
31 71 41 94:3130416:2330:1:1825:3.61
31 67 41:3315814:2872:1:1825:2.93
31 41:3111456:3544:1:1825:2.37
104 88 71 67 97:3068259:1808:1:2344:4.65
104 88 71 67 97 94:3029627:1695:1:2344:4.96
104 56 71 67 41:3070779:1800:1:2700:4.67
104 56 71 67 41 97:3469271:1800:1:2700:4.67
104 56 71 41 97:3094436:1872:1:2692:4.49
104 71 90 67 97:3077693:1991:1:2153:4.22
104 71 67:3647740:3328:1:1817:2.53
104 71 67 41:4117664:2680:1:2089:3.14
104 71 67 41 38:3119505:2060:1:2395:4.08
104 71 67 41 38 97:3433472:1978:1:2509:4.25
104 71 67 41 97:4408385:2504:1:2509:3.36
104 71 67 41 97 94:3695161:2018:1:2700:4.17
104 71 67 41 94:3547746:2194:1:2089:3.83
104 71 67 38 97:3285429:2426:1:2509:3.47
104 71 67 36:3076690:2077:1:1817:4.05
104 71 67 36 97:3286451:1941:1:2344:4.33
104 71 67 36 97 94:3282422:1833:1:2344:4.59
104 71 67 36 94:3116785:1969:1:1817:4.27
104 71 67 97:4156293:3152:1:2153:2.67
104 71 67 97 94:3698998:2648:1:2344:3.18
104 71 67 94:3338371:2824:1:1817:2.98
104 71 41:3560537:2824:1:2089:2.98
104 71 41 38 97:3022645:2045:1:2501:4.11
104 71 41 97:3823935:2576:1:2501:3.27
104 71 41 97 94:3265948:2090:1:2692:4.02
104 71 41 94:3153908:2338:1:2089:3.6
104 71 97:3361916:3224:1:2153:2.61
104 71 97 94:3065308:2720:1:2344:3.09
104 67 41:3471854:3016:1:2089:2.79
104 67 41 38 97:3125306:2242:1:2505:3.75
104 67 41 97:3801508:2768:1:2505:3.04
104 67 41 97 94:3318331:2282:1:2696:3.69
104 67 41 94:3140259:2530:1:2089:3.33
104 67 97:3181139:3416:1:2153:2.46
104 41 97:3196172:2912:1:2497:2.89
120 56 38 36 97:3019021:2182:1:2178:3.86
120 56 38 36 97 94:3210109:2148:1:2178:3.92
120 56 36 97 94:3125051:2267:1:2082:3.71
120 38 36:3235669:3179:1:1026:2.65
120 38 36 97:3841199:3110:1:1026:2.71
120 38 36 97 94:4121701:3065:1:1026:2.74
120 38 36 94:3535533:3134:1:1026:2.68
120 36:3105218:3433:1:1026:2.45
120 36 97:3758982:3352:1:1026:2.51
120 36 97 94:4057333:3297:1:1026:2.55
120 36 94:3426885:3378:1:1026:2.49
1 88 79 67 41:3040501:1632:1:2001:5.15
1 88 79 67 41 94:3003607:1534:1:2002:5.48
1 88 79 41:3617940:2288:1:2001:3.68
1 88 79 41 36:3118980:1627:1:2004:5.17
1 88 79 41 36 94:3117067:1550:1:2004:5.43
1 88 79 41 94:3577106:2140:1:2002:3.93
1 88 71 67 41:3063355:1544:1:1977:5.45
1 88 71 41:3194689:1872:1:1977:4.49
1 88 71 41 94:3088205:1721:1:1978:4.89
1 88 67 41:3281629:2064:1:1977:4.08
1 88 67 41 94:3202130:1907:1:1978:4.41
1 88 41:3561038:2720:1:1977:3.09
1 88 41 36:3033520:1860:1:1978:4.52
1 88 41 36 94:3041164:1764:1:1978:4.77
1 88 41 94:3509754:2513:1:1978:3.35
1 79 67 41:3047684:2064:1:1993:4.08
1 79 41:3250255:2720:1:1993:3.09
1 79 41 94:3221503:2508:1:1993:3.35
1 71:3104853:3540:1:1897:2.38
1 71 90 67 41:3210852:1807:1:1971:4.65
1 71 90 41:3030099:2002:1:1971:4.2
1 71 67:3681966:3194:1:1897:2.63
1 71 67 41:4761071:2984:1:1969:2.82
1 71 67 41 38:3444022:2131:1:2131:3.95
1 71 67 41 38 94:3002915:1769:1:2131:4.75
1 71 67 41 94:4123182:2464:1:1969:3.41
1 71 67 97:3982386:2898:1:2356:2.9
1 71 67 97 94:3398024:2360:1:2547:3.56
1 71 67 94:3268778:2656:1:1897:3.17
1 71 41:4368649:3312:1:1969:2.54
1 71 41 36:3038917:1898:1:1969:4.43
1 71 41 36 94:3014850:1777:1:1969:4.73
1 71 41 94:3886164:2770:1:1969:3.04
1 71 97:3480124:3172:1:2354:2.65
1 71 97 94:3050103:2610:1:2545:3.22
1 67 41:4221182:3504:1:1969:2.4
1 67 41 94:3810846:2956:1:1969:2.85
1 67 97:3360137:3412:1:2355:2.47
1 67 97 94:3011271:2843:1:2546:2.96
1 41:3861134:4176:1:1969:2.01
1 41 36:3173805:2559:1:1969:3.29
1 41 36 94:3211200:2405:1:1969:3.5
1 41 94:3621126:3578:1:1969:2.35
88 79 71 36 97:3006697:1761:1:1345:4.78
88 79 71 36 97 94:3078304:1699:1:1345:4.95
88 79 71 36 94:3092953:1935:1:1345:4.35
88 79 67 36 97 94:3080465:1825:1:1297:4.61
88 79 67 36 94:3013095:2042:1:1297:4.12
88 79 36:3316113:3006:1:1297:2.8
88 79 36 97:3486477:2651:1:1297:3.17
88 79 36 97 94:3624593:2554:1:1297:3.29
88 79 36 94:3519129:2909:1:1297:2.89
88 79 97 94:3114688:3168:1:1297:2.66
88 71 36 97:3047143:2150:1:1345:3.91
88 71 36 97 94:3148322:2069:1:1345:4.07
88 71 36 94:3068431:2342:1:1345:3.59
88 67 36 97 94:3066353:2189:1:1297:3.84
88 36 97:3324772:3224:1:1297:2.61
88 36 97 94:3528691:3108:1:1297:2.71
88 36 94:3239700:3500:1:1297:2.4
79 24 36 97 94:3044145:1948:1:1729:4.32
79 71 36 97 94:3075029:2149:1:1345:3.91
79 36 97:3229294:3408:1:1297:2.47
79 36 97 94:3459100:3285:1:1297:2.56
79 36 94:3075530:3669:1:1297:2.29
56 71 67 41 97:3070195:2056:1:2700:4.09
56 36 97 94:3233239:3490:1:1537:2.41
24 90 36 97:3326418:2506:1:1729:3.36
24 90 36 97 94:3521283:2451:1:1729:3.43
24 90 36 94:3229465:2631:1:1729:3.2
24 41 36:3252974:2346:1:2441:3.59
24 41 36 94:3423863:2282:1:2441:3.69
24 36:4304304:4423:1:1729:1.9
24 36 97:4956042:4150:1:1729:2.03
24 36 97 94:5283452:4053:1:1729:2.08
24 36 94:4688378:4326:1:1729:1.94
24 97:3365616:4688:1:1729:1.79
24 97 94:3594100:4351:1:1729:1.93
71 67 41:3447651:3128:1:1825:2.69
71 67 41 97:3659010:2760:1:2509:3.05
71 67 41 97 94:3163072:2240:1:2700:3.76
71 67 41 94:3125953:2608:1:1825:3.23
71 67 36:3013450:2802:1:1345:3.0
71 67 36 97:3264621:2529:1:1345:3.33
71 67 36 97 94:3352036:2404:1:1345:3.5
71 67 36 94:3165117:2677:1:1345:3.14
71 67 97:3410677:3858:1:1345:2.18
71 67 97 94:3240313:3318:1:1345:2.54
71 41 97:3239011:3088:1:2501:2.72
71 38 36 97 94:3045726:2430:1:1361:3.46
71 36 97:3351560:3235:1:1345:2.6
71 36 97 94:3529102:3092:1:1345:2.72
71 36 94:3190553:3431:1:1345:2.45
90 38 36 97:3212350:3212:1:1026:2.62
90 38 36 97 94:3486124:3151:1:1026:2.67
90 38 36 94:3054441:3370:1:1026:2.5
90 36 97:3478174:3939:1:530:2.14
90 36 97 94:3789215:3830:1:584:2.2
90 36 94:3317081:4211:1:192:2.0
67 41 97:3070506:3280:1:2505:2.57
67 36 97:3086087:3353:1:1297:2.51
67 36 97 94:3297255:3213:1:1297:2.62
41 38 36 97:3315767:2808:1:2688:3.0
41 38 36 97 94:3522386:2726:1:2688:3.09
41 38 36 94:3200561:2979:1:1769:2.82
41 36:3544581:4181:1:1769:2.01
41 36 97:3922211:3683:1:2688:2.28
41 36 97 94:4148359:3529:1:2688:2.38
41 36 94:3867701:4027:1:1769:2.09
41 97:3447372:5232:1:2497:1.61
41 97 94:3527442:4634:1:2688:1.82
38 36:3010343:5218:1:1026:1.61
38 36 97:3952172:4965:1:1026:1.69
38 36 97 94:4399032:4865:1:1026:1.73
38 36 94:3512995:5118:1:1026:1.64
36:3037266:6611:1:192:1.27
36 97:4143036:6113:1:528:1.38
36 97 94:4652219:5924:1:584:1.42
36 94:3653009:6422:1:192:1.31
