42 2 120 24:3054045:1856:1:3906:4.53
42 2 120 24 36:3334361:1613:1:3906:5.21
42 2 120 24 36 38:3443774:1580:1:3906:5.32
42 2 120 24 36 38 94:3256181:1461:1:3906:5.76
42 2 120 24 36 38 94 97:3563849:1461:1:3906:5.76
42 2 120 24 36 38 97:3784218:1580:1:3906:5.32
42 2 120 24 36 94:3165332:1494:1:3906:5.63
42 2 120 24 36 94 97:3479924:1494:1:3906:5.63
42 2 120 24 36 97:3681729:1613:1:3906:5.21
42 2 120 24 38:3179615:1808:1:3906:4.65
42 2 120 24 38 94:3078898:1689:1:3906:4.98
42 2 120 24 38 94 97:3445050:1689:1:3906:4.98
42 2 120 24 38 97:3578543:1808:1:3906:4.65
42 2 120 24 94 97:3350234:1737:1:3906:4.84
42 2 120 24 97:3463457:1856:1:3906:4.53
42 2 120 36 38 97:3135277:1667:1:2754:5.05
42 2 120 36 97:3007989:1700:1:2754:4.95
42 2 24 36 38 94 97:3034099:1488:1:3905:5.65
42 2 24 36 38 97:3174412:1607:1:3905:5.23
42 2 24 36 97:3131874:1682:1:3905:5.0
42 120 24 36:3056385:1739:1:3010:4.84
42 120 24 36 38:3045039:1634:1:3010:5.15
42 120 24 36 38 94 97:3205987:1510:1:3010:5.57
42 120 24 36 38 97:3396167:1634:1:3010:5.15
42 120 24 36 94 97:3268287:1615:1:3010:5.21
42 120 24 36 97:3431641:1739:1:3010:4.84
42 120 24 38 97:3096738:1880:1:3010:4.47
42 120 24 94 97:3005370:1876:1:3010:4.48
42 120 24 97:3075321:2000:1:3010:4.21
100 56 24 36 94 97:3045499:2083:1:3929:4.04
100 56 24 36 97:3020489:2197:1:3929:3.83
128 31 1 67:3023071:1776:1:2976:4.74
128 31 1 67 38 97:3313219:1648:1:2976:5.1
128 31 1 67 97:3415371:1776:1:2976:4.74
23 57 31 104 71 67 41:3084727:1424:1:2395:5.91
23 57 31 104 71 67 41 38:3088094:1374:1:2395:6.12
23 57 31 104 67 41:3417061:1832:1:2393:4.59
23 57 31 104 67 41 38:3276704:1698:1:2395:4.95
23 57 104 56 67 41 38 97:3296153:1742:1:2696:4.83
23 57 104 56 67 41 97:3392769:1872:1:2696:4.49
23 57 104 56 41 38 97:3066315:1886:1:2688:4.46
23 57 104 56 41 97:3103617:2016:1:2688:4.17
23 57 104 67 41 38 97:3009209:1742:1:2696:4.83
23 57 104 67 41 97:3082824:1872:1:2696:4.49
23 31 104 67 41:3115009:1832:1:2393:4.59
23 31 104 67 41 38:3000992:1698:1:2395:4.95
23 31 71 1 67 41 38:3032130:1451:1:2177:5.8
23 31 1 67 41:3425237:1952:1:2177:4.31
23 31 1 67 41 38:3328793:1821:1:2177:4.62
23 31 1 67 41 38 94:3023030:1576:1:2178:5.34
23 104 71 67 41 38:3060553:1846:1:2395:4.56
23 104 71 67 41 38 97:3308891:1759:1:2700:4.78
23 104 71 67 41 97:3228539:1807:1:2700:4.65
23 104 71 67 38 97:3015498:2015:1:2700:4.17
23 104 71 67 97:3019976:2167:1:2344:3.88
23 104 56 67 41 38 97:3012299:1742:1:2696:4.83
23 104 56 67 41 97:3083562:1872:1:2696:4.49
23 104 67 41:3368976:2680:1:2393:3.14
23 104 67 41 38:3427815:2544:1:2395:3.31
23 104 67 41 38 94:3169035:2233:1:2395:3.77
23 104 67 41 38 94 97:3524511:2149:1:2696:3.91
23 104 67 41 38 97:3840262:2446:1:2696:3.44
23 104 67 41 94 97:3362745:2189:1:2696:3.84
23 104 67 41 97:3811992:2576:1:2696:3.27
23 104 67 38 97:3082521:2702:1:2696:3.11
23 104 67 97:3043940:2936:1:2344:2.87
23 104 41 38 94 97:3172186:2293:1:2688:3.67
23 104 41 38 97:3366698:2590:1:2688:3.25
23 104 41 97:3279114:2720:1:2688:3.09
23 71 1 67 41 38:3078138:1853:1:2132:4.54
23 1 67 41:3484297:2656:1:2129:3.17
23 1 67 41 38:3546377:2525:1:2131:3.33
23 1 67 41 38 94:3352837:2228:1:2131:3.78
23 1 67 41 94:3183694:2269:1:2130:3.71
57 31 104 67 41:3217199:1832:1:2393:4.59
57 31 104 67 41 38:3092736:1698:1:2395:4.95
57 104 56 67 41 38 97:3107613:1742:1:2696:4.83
57 104 56 67 41 97:3188811:1872:1:2696:4.49
57 41 38 94 97:3051682:2937:1:2688:2.86
2 120 24:3181723:2504:1:3906:3.36
2 120 24 36:3437862:2028:1:3906:4.15
2 120 24 36 38:3605994:1995:1:3906:4.22
2 120 24 36 38 94:3528469:1876:1:3906:4.48
2 120 24 36 38 94 97:3920117:1876:1:3906:4.48
2 120 24 36 38 97:4030418:1995:1:3906:4.22
2 120 24 36 94:3378901:1909:1:3906:4.41
2 120 24 36 94 97:3777473:1909:1:3906:4.41
2 120 24 36 97:3869210:2028:1:3906:4.15
2 120 24 38:3397991:2456:1:3906:3.43
2 120 24 38 94:3434516:2337:1:3906:3.6
2 120 24 38 94 97:3944432:2337:1:3906:3.6
2 120 24 38 97:3940683:2456:1:3906:3.43
2 120 24 94:3238518:2385:1:3906:3.53
2 120 24 94 97:3758918:2385:1:3906:3.53
2 120 24 97:3734899:2504:1:3906:3.36
2 120 36 38 94 97:3244613:2042:1:2755:4.12
2 120 36 38 97:3266688:2173:1:2754:3.87
2 120 36 94 97:3068200:2075:1:2755:4.05
2 120 36 97:3070289:2206:1:2754:3.81
2 120 38 94 97:3109322:2593:1:2755:3.24
2 120 38 97:3006308:2727:1:2754:3.09
2 24 36:3215793:2546:1:3905:3.3
2 24 36 38:3398741:2471:1:3905:3.4
2 24 36 38 94:3448848:2352:1:3905:3.58
2 24 36 38 94 97:3896408:2328:1:3905:3.61
2 24 36 38 97:3881701:2447:1:3905:3.44
2 24 36 94:3278083:2419:1:3905:3.48
2 24 36 94 97:3742351:2395:1:3905:3.51
2 24 36 97:3717581:2522:1:3905:3.34
2 24 38:3010371:3200:1:3905:2.63
2 24 38 94:3206618:3081:1:3905:2.73
2 24 38 94 97:3820040:3033:1:3905:2.77
2 24 38 97:3662059:3152:1:3905:2.67
2 24 94 97:3594245:3129:1:3905:2.69
2 24 97:3418600:3256:1:3905:2.58
2 36 38 94 97:3148800:2680:1:2754:3.14
2 36 38 97:3032483:2821:1:2753:2.98
31 104 71 1 67:3209417:1659:1:3987:5.07
31 104 71 1 67 41:3634463:1563:1:3987:5.38
31 104 71 1 41:3314893:1618:1:3987:5.2
31 104 71 67 41:3099828:1635:1:2177:5.14
31 104 71 67 41 38:3032784:1531:1:2395:5.49
31 104 1:3203708:2352:1:3985:3.58
31 104 1 67:3596380:2192:1:3985:3.84
31 104 1 67 41:4370969:2096:1:3985:4.01
31 104 1 67 41 94:3326389:1569:1:3985:5.36
31 104 1 41:4072080:2256:1:3985:3.73
31 104 1 41 94:3218014:1729:1:3985:4.86
31 104 67 41:3454961:2168:1:2177:3.88
31 104 67 41 38:3147810:1890:1:2395:4.45
31 104 41:3060776:2328:1:2177:3.61
31 71 1 67:3006453:2007:1:1898:4.19
31 71 1 67 41:3574759:1893:1:1970:4.44
31 71 1 67 41 38:3187919:1608:1:2177:5.23
31 71 1 67 97:3075777:1788:1:2356:4.7
31 71 1 41:3471327:2152:1:1970:3.91
31 71 1 41 94:3031516:1781:1:1970:4.72
31 1:3420714:3688:1:1825:2.28
31 1 88 79 24:3040900:1456:1:3217:5.78
31 1 88 79 24 94:3187297:1451:1:3217:5.8
31 1 88 79 41:3208870:1584:1:2001:5.31
31 1 88 79 41 94:3275110:1537:1:2002:5.47
31 1 88 41:3540271:2016:1:1977:4.17
31 1 88 41 94:3532406:1904:1:1977:4.42
31 1 79 41:3303931:2016:1:1993:4.17
31 1 79 41 94:3294414:1894:1:1993:4.44
31 1 90 41:3027696:1870:1:1970:4.5
31 1 67:3585229:2980:1:1825:2.82
31 1 67 41:4611028:2800:1:1969:3.0
31 1 67 41 38:3465911:2013:1:2177:4.18
31 1 67 41 94:3935210:2273:1:1969:3.7
31 1 67 94:3154896:2448:1:1825:3.44
31 1 67 94 97:3142463:2086:1:2546:4.03
31 1 67 97:3724720:2612:1:2355:3.22
31 1 36 41:3413323:2016:1:1969:4.17
31 1 36 41 94:3422893:1911:1:1969:4.4
31 1 41:4744921:3472:1:1969:2.42
31 1 41 94:4313545:2945:1:1969:2.86
31 1 94:3239960:3156:1:1825:2.67
31 1 94 97:3279859:2634:1:2544:3.19
31 1 97:3632466:3160:1:2353:2.66
31 67 41:3315814:2872:1:1825:2.93
31 41:3111456:3544:1:1825:2.37
104 71 1 67:3233082:2157:1:3987:3.9
104 71 1 67 41:3707039:1965:1:3987:4.28
104 71 1 67 41 94:3019063:1561:1:3987:5.39
104 71 1 41:3250795:2020:1:3987:4.16
104 71 67 41:3074001:2109:1:2090:3.99
104 71 67 41 38:3111715:2003:1:2395:4.2
104 71 67 41 38 97:3403477:1916:1:2509:4.39
104 71 67 41 97:3301139:1964:1:2509:4.28
104 71 67 38 97:3297858:2364:1:2509:3.56
104 71 67 97:3374799:2612:1:2153:3.22
104 1 67:3589413:2992:1:3985:2.81
104 1 67 41:4597811:2800:1:3985:3.0
104 1 67 41 94:3782846:2221:1:3985:3.79
104 1 67 94:3041455:2408:1:3985:3.49
104 1 41:4033925:2960:1:3985:2.84
104 1 41 94:3429524:2381:1:3985:3.53
104 67 41:3471854:3016:1:2089:2.79
104 67 41 38:3400599:2736:1:2395:3.07
104 67 41 38 94 97:3295283:2149:1:2696:3.91
104 67 41 38 97:3865714:2638:1:2505:3.19
104 67 41 94 97:3129441:2189:1:2696:3.84
104 67 41 97:3801508:2768:1:2505:3.04
104 67 38 97:3197978:3086:1:2505:2.73
104 67 97:3181139:3416:1:2153:2.46
104 41 38 97:3319692:2782:1:2497:3.02
104 41 97:3196172:2912:1:2497:2.89
120 24 36 38:3050352:2049:1:3010:4.11
120 24 36 38 94:3007275:1925:1:3010:4.37
120 24 36 38 94 97:3408211:1925:1:3010:4.37
120 24 36 38 97:3485460:2049:1:3010:4.11
120 24 36 94 97:3381258:2030:1:3010:4.14
120 24 36 97:3431681:2154:1:3010:3.91
120 24 38 94 97:3259350:2404:1:3010:3.5
120 24 38 97:3337515:2624:1:3010:3.21
120 24 94 97:3145233:2524:1:3010:3.33
120 24 97:3184344:2744:1:3010:3.07
120 36 38 94 97:3112053:2470:1:1027:3.41
120 36 38 97:3099167:2650:1:1026:3.17
120 36 94 97:3063826:2655:1:1027:3.17
120 36 97:3016335:2843:1:1026:2.96
71 1 67 41:3329375:2295:1:1970:3.67
71 1 67 41 38:3123401:2010:1:2132:4.18
1 88 79 67 41:3040501:1632:1:2001:5.15
1 88 79 67 41 94:3015204:1533:1:2002:5.49
1 88 79 41:3617940:2288:1:2001:3.68
1 88 79 41 94:3698356:2189:1:2002:3.84
1 88 79 94:3046720:2424:1:1828:3.47
1 88 79 94 97:3037137:2062:1:2976:4.08
1 88 67 41:3281629:2064:1:1977:4.08
1 88 67 41 94:3208122:1900:1:1977:4.43
1 88 41:3561038:2720:1:1977:3.09
1 88 41 94:3617214:2556:1:1977:3.29
1 79 67 41:3047684:2064:1:1993:4.08
1 79 41:3250255:2720:1:1993:3.09
1 79 41 94:3314650:2546:1:1993:3.3
1 67 41:4221182:3504:1:1969:2.4
1 67 41 38:3524693:2717:1:2131:3.1
1 67 41 38 94:3115605:2228:1:2131:3.78
1 67 41 94:3809499:2925:1:1969:2.88
1 67 94 97:3060333:2834:1:2546:2.97
1 67 97:3360137:3412:1:2355:2.47
1 36 41:3069574:2437:1:1969:3.45
1 36 41 94:3104001:2280:1:1969:3.69
1 41:3861134:4176:1:1969:2.01
1 41 94:3713943:3597:1:1969:2.34
88 79 36 94:3008829:2534:1:1297:3.32
88 79 41 94:3038194:2531:1:1828:3.32
88 79 94 97:3129111:3172:1:1297:2.65
24 36:3455829:3696:1:1729:2.28
24 36 38 94 97:3298179:2435:1:3009:3.45
24 36 38 97:3241292:2559:1:3009:3.29
24 36 94:3675969:3564:1:1729:2.36
24 36 94 97:4015844:3252:1:1729:2.59
24 36 97:3866784:3384:1:1729:2.49
24 94 97:3573881:4364:1:1729:1.93
24 97:3365616:4688:1:1729:1.79
67 41 97:3070506:3280:1:2505:2.57
36 38 94 97:3272245:3925:1:1027:2.14
36 38 97:3080595:4201:1:1026:2.0
36 94 97:3490454:4831:1:584:1.74
36 97:3185514:5136:1:528:1.64
41 38 94 97:3136312:3589:1:2688:2.34
41 38 97:3112518:4078:1:2497:2.06
41 94 97:3562754:4653:1:2688:1.81
41 97:3447372:5232:1:2497:1.61
