648:3018726:6123:1:1638:161.66
402 897 27 7:3345241:2270:1:3557:435.93
402 27 7:3166638:2425:1:3557:408.08
88 87 27:3365133:2763:1:2620:358.18
88 87 27 7:4397912:2511:1:3377:394.11
88 87 7:3601512:3003:1:2707:329.56
88 27 7:3826658:2591:1:3377:381.95
37 28 32:3101874:3331:1:2390:297.12
37 28 32 27:4217054:2848:1:2712:347.49
37 28 32 27 7:5278313:2609:1:3107:379.31
37 28 32 7:4496432:3055:1:2676:323.95
37 28 27 7:4133274:2611:1:3107:379.02
37 28 7:3151565:3057:1:2676:323.74
37 32:3053144:3487:1:2095:283.83
37 32 27:4249794:2979:1:2712:332.22
37 32 27 7:5380132:2733:1:2712:362.11
37 32 7:4528108:3199:1:2095:309.38
37 32 7 11:3060426:1819:1:3373:543.96
37 27:3132164:3171:1:2303:312.11
37 27 7:4410802:2883:1:2513:343.27
37 7:3316092:3398:1:2083:291.26
1496 205 27 7:3314202:2091:1:3740:473.23
879 27:3435436:3309:1:2483:299.09
879 27 7:4765267:3022:1:2932:327.49
879 7:3543831:3445:1:2932:287.29
490:12801440:23225:1:443:42.62
490 3:8492246:9716:1:1233:101.88
490 3 11:3629210:3193:1:2321:309.96
490 3 11 6:3392696:2611:1:2560:379.02
490 3 6:5620953:5413:1:2376:182.86
490 11:6560020:7941:1:1288:124.65
490 11 6:6314472:6406:1:1338:154.52
490 6:9129556:12758:1:717:77.59
400 27 7:3558512:2967:1:2688:333.56
2331 7:3380704:3469:1:3005:285.3
212 87 27 7:3448802:2197:1:3358:450.41
212 27 7:3782884:2892:1:2993:342.21
1960 205 27:3295732:2994:1:2812:330.55
1960 205 27 7:3675570:2246:1:3561:440.59
1960 27 7:3259066:2300:1:3561:430.25
2817 205 27:3096046:3330:1:2960:297.21
2817 205 27 7:3806203:2588:1:3015:382.39
2817 27 7:3327880:2660:1:2960:372.04
1138 27:3253234:3291:1:2400:300.73
1138 27 7:4430398:2906:1:2473:340.56
1138 7:3542576:3622:1:2400:273.25
211 87 27:4451162:3540:1:2631:279.58
211 87 27 7:5700369:3184:1:2631:310.83
211 87 7:4688041:3768:1:2573:262.67
211 27:3655872:3715:1:2631:266.42
211 27 7:5019674:3308:1:2631:299.18
211 7:3832066:3937:1:2573:251.4
276 897:3016246:4232:1:2054:233.88
276 897 27:4434837:3508:1:2721:282.13
276 897 27 7:5769545:3199:1:3072:309.38
276 897 7:4819252:3851:1:2199:257.01
276 27:4066960:3710:1:2651:266.77
276 27 7:5442980:3328:1:3072:297.39
276 7:4364810:4024:1:2199:245.96
1052 205 27:3411072:3441:1:2237:287.62
1052 205 27 7:3913720:2563:1:3139:386.12
1052 27 7:3431852:2625:1:2957:377.0
1507 205 27:3348578:3374:1:3553:293.33
1507 205 27 7:4120496:2664:1:3881:371.48
1507 205 7:3032778:3055:1:2946:323.95
1507 27 7:3625278:2733:1:3881:362.11
73:7165074:18749:1:591:52.8
73 3:5536542:7830:1:1110:126.42
73 3 6:3773739:4347:1:1793:227.69
73 11:4607410:7041:1:1390:140.59
73 11 6:4511386:5537:1:1582:178.77
73 6:5742829:10509:1:860:94.2
2283 526 2284 529 1518 525:3415270:1592:2:3965:621.47
2283 526 2284 529 1518 525 514:3589540:1591:2:3965:621.86
2283 526 2284 529 525 528:3336556:1732:2:3965:571.26
2283 526 2284 529 525 528 514:3526246:1731:2:3965:571.59
2283 526 2284 529 525 514:3071778:1739:2:3965:568.97
2283 526 529 1518 525:3333547:1596:2:3965:619.91
2283 526 529 1518 525 514:3508247:1595:2:3965:620.3
2283 526 529 525 528:3245253:1736:2:3965:569.95
2283 526 529 525 528 514:3435451:1735:2:3965:570.28
2283 2284 529 1518 525 514:3154074:1593:2:3965:621.08
2283 2284 529 525 528 514:3050197:1733:2:3965:570.94
2283 529 1518 525 514:3071614:1597:2:3965:619.53
526 529 1518 1519:3101980:2017:1:3427:490.59
526 529 1518 1519 525:3830107:1888:2:3427:524.09
526 529 1518 1519 525 528:4328502:1881:2:3427:526.04
526 529 1518 1519 525 528 514:4534331:1879:2:3427:526.6
526 529 1518 1519 525 514:4037244:1886:2:3427:524.64
526 529 1518 1519 528:3411811:1884:2:3427:525.2
526 529 1518 1519 528 514:3618991:1882:2:3427:525.76
526 529 1518 1519 514:3324094:2015:1:3427:491.07
526 529 1518 525:3205647:1890:2:3427:523.53
526 529 1518 525 528:3702258:1881:2:3427:526.04
526 529 1518 525 528 514:3908723:1879:2:3427:526.6
526 529 1518 525 514:3413608:1888:2:3427:524.09
526 529 1519 525 528:3417452:1882:2:3427:525.76
526 529 1519 525 528 514:3624413:1880:2:3427:526.32
526 529 1519 525 514:3123694:1887:2:3427:524.37
526 529 525 528:3219762:2171:1:3293:455.8
526 529 525 528 514:3458507:2169:1:3293:456.22
526 1518 1519 525:3001928:1893:2:3427:522.7
526 1518 1519 525 528:3503682:1885:2:3427:524.92
526 1518 1519 525 528 514:3710453:1883:2:3427:525.48
526 1518 1519 525 514:3210199:1891:2:3427:523.26
526 1518 525 528 514:3086956:1885:2:3427:524.92
265 27 7:4135092:2915:1:2931:339.51
265 7:4763478:5435:1:1665:182.12
265 7 11:3970538:3475:1:2269:284.81
265 7 6:3479771:3466:1:2558:285.55
529 1518 1519 525:3322611:1896:2:3427:521.88
529 1518 1519 525 528:3825156:1889:2:3427:523.81
529 1518 1519 525 528 514:4032337:1887:2:3427:524.37
529 1518 1519 525 514:3531100:1894:2:3427:522.43
529 1518 1519 528 514:3115839:1892:2:3427:522.98
529 1518 525 528:3195828:1889:2:3427:523.81
529 1518 525 528 514:3403645:1887:2:3427:524.37
529 1519 525 528 514:3123855:1892:2:3427:522.98
334 333 329 332 330:3402792:2480:1:3303:399.03
334 333 329 332 330 331:4056214:2468:1:3303:400.97
334 333 329 332 330 331 338:4592901:2307:1:3303:428.94
334 333 329 332 330 331 338 339:5331021:2296:1:3303:431.0
334 333 329 332 330 331 339:4796035:2432:1:3303:406.91
334 333 329 332 330 338:3978439:2314:1:3303:427.65
334 333 329 332 330 338 339:4720708:2303:1:3303:429.69
334 333 329 332 330 339:4149363:2440:1:3303:405.57
334 333 329 332 331:3410947:2491:1:3303:397.27
334 333 329 332 331 338:4010298:2326:1:3303:425.44
334 333 329 332 331 338 339:4756811:2315:1:3303:427.46
334 333 329 332 331 339:4160852:2451:1:3303:403.75
334 333 329 332 338:3388660:2334:1:3303:423.98
334 333 329 332 338 339:4139430:2323:1:3303:425.99
334 333 329 332 339:3506455:2460:1:3303:402.28
334 333 329 330 331:3012884:2489:1:3303:397.59
334 333 329 330 331 338:3623627:2327:1:3303:425.26
334 333 329 330 331 338 339:4370437:2316:1:3303:427.28
334 333 329 330 331 338 339 11:4151671:1939:1:3521:510.31
334 333 329 330 331 338 11:3535790:1948:1:3521:507.95
334 333 329 330 331 339:3771869:2452:1:3303:403.59
334 333 329 330 331 339 11:3698072:2060:1:3484:480.35
334 333 329 330 331 11:3068179:2087:1:3303:474.14
334 333 329 330 338 339:3751363:2324:1:3303:425.81
334 333 329 330 338 339 11:3638078:1946:1:3521:508.48
334 333 329 330 338 11:3018223:1955:1:3521:506.14
334 333 329 330 339:3115738:2461:1:3303:402.11
334 333 329 330 339 11:3151154:2068:1:3484:478.49
334 333 329 331 338:3030817:2349:1:3303:421.28
334 333 329 331 338 339:3785346:2337:1:3303:423.44
334 333 329 331 338 339 11:3646030:1952:1:3521:506.91
334 333 329 331 338 11:3024584:1961:1:3521:504.59
334 333 329 331 339:3124958:2473:1:3303:400.16
334 333 329 331 339 11:3139066:2073:1:3484:477.34
334 333 329 338 339:3164873:2352:1:3303:420.74
334 333 329 338 339 11:3135953:1966:1:3521:503.31
334 333 332 330 331:3161148:2626:1:2490:376.86
334 333 332 330 331 324 338:3355550:1955:1:3435:506.14
334 333 332 330 331 324 338 339:3953520:1951:1:3435:507.17
334 333 332 330 331 324 339:3310568:2014:1:3435:491.32
334 333 332 330 331 338:3860080:2462:1:2869:401.95
334 333 332 330 331 338 339:4651437:2450:1:2869:403.92
334 333 332 330 331 339:3963187:2586:1:2490:382.68
334 333 332 330 324 338 339:3464846:1959:1:3435:505.1
334 333 332 330 338:3198964:2470:1:2869:400.65
334 333 332 330 338 339:3995067:2458:1:2869:402.6
334 333 332 330 339:3269038:2595:1:2490:381.36
334 333 332 331 324 338:3060524:2084:1:3435:474.82
334 333 332 331 324 338 339:3701451:2080:1:3435:475.73
334 333 332 331 338:3379079:2592:1:2777:381.8
334 333 332 331 338 339:4214004:2579:1:2777:383.72
334 333 332 331 338 339 11:4075915:2164:1:3303:457.28
334 333 332 331 338 11:3386108:2175:1:3303:454.96
334 333 332 331 339:3420716:2715:1:2490:364.51
334 333 332 331 339 11:3452015:2285:1:3303:433.07
334 333 332 324 338 339:3201168:2107:1:3435:469.64
334 333 332 338 339:3543167:2607:1:2777:379.6
334 333 332 338 339 11:3522260:2188:1:3303:452.26
334 333 330 331 324 338 339:3219196:1977:1:3435:500.51
334 333 330 331 338 339:3621141:2476:1:2777:399.68
334 333 330 331 338 339 11:3586171:2083:1:3521:475.05
334 333 330 338 339 11:3028101:2090:1:3521:473.46
334 333 331 338 339:3126217:2612:1:2777:378.88
334 333 331 338 339 11:3185346:2196:1:3303:450.62
334 329 332 330:3020573:2503:1:3303:395.37
334 329 332 330 331:3680871:2490:1:3303:397.43
334 329 332 330 331 338:4257977:2328:1:3303:425.08
334 329 332 330 331 338 339:5004617:2317:1:3303:427.09
334 329 332 330 331 339:4431754:2453:1:3303:403.42
334 329 332 330 338:3636549:2335:1:3303:423.8
334 329 332 330 338 339:4387338:2324:1:3303:425.81
334 329 332 330 339:3777987:2461:1:3303:402.11
334 329 332 331:3029463:2516:1:3303:393.33
334 329 332 331 338:3668880:2349:1:3303:421.28
334 329 332 331 338 339:4424633:2338:1:3303:423.26
334 329 332 331 339:3790615:2474:1:3303:400.0
334 329 332 338:3039488:2357:1:3303:419.85
334 329 332 338 339:3799498:2346:1:3303:421.82
334 329 332 339:3128335:2483:1:3303:398.55
334 329 330 331 338:3288625:2356:1:3303:420.03
334 329 330 331 338 339:4045431:2345:1:3303:422.0
334 329 330 331 338 339 11:3879766:1962:1:3509:504.33
334 329 330 331 338 11:3256331:1971:1:3509:502.03
334 329 330 331 339:3405486:2481:1:3303:398.87
334 329 330 331 339 11:3390820:2083:1:3484:475.05
334 329 330 338 339:3419207:2355:1:3303:420.2
334 329 330 338 339 11:3361584:1971:1:3509:502.03
334 329 331 338 339:3457209:2372:1:3303:417.19
334 329 331 338 339 11:3373089:1980:1:3509:499.75
334 332 330 331 324 338:3101120:1989:1:3435:497.49
334 332 330 331 324 338 339:3711009:1985:1:3435:498.49
334 332 330 331 324 339:3041802:2048:1:3435:483.16
334 332 330 331 338:3508529:2496:1:2869:396.48
334 332 330 331 338 339:4313059:2484:1:2869:398.39
334 332 330 331 339:3582648:2620:1:2490:377.72
334 332 330 324 338 339:3216334:1996:1:3435:495.74
334 332 330 338 339:3650148:2495:1:2869:396.64
334 332 331 324 338 339:3448424:2126:1:3435:465.45
334 332 331 338:3010392:2638:1:2777:375.14
334 332 331 338 339:3862246:2625:1:2777:377.0
334 332 331 338 339 11:3786085:2202:1:3303:449.39
334 332 331 338 11:3082619:2213:1:3303:447.16
334 332 331 339:3023073:2761:1:2490:358.44
334 332 331 339 11:3122666:2323:1:3303:425.99
334 332 338 339:3176445:2656:1:2777:372.6
334 332 338 339 11:3222194:2229:1:3303:443.95
334 330 331 338 339:3286421:2527:1:2777:391.61
334 330 331 338 339 11:3312831:2125:1:3484:465.66
1518 1519 525:3216867:2453:1:3312:403.42
1518 1519 525 528:3873494:2443:1:3312:405.07
1518 1519 525 528 514:4141427:2441:1:3312:405.41
1518 1519 525 528 514 11:4053195:2067:1:3339:478.72
1518 1519 525 528 11:3824977:2068:1:3339:478.49
1518 1519 525 514:3486528:2451:1:3312:403.75
1518 1519 525 514 11:3494710:2074:1:3339:477.11
1518 1519 525 11:3265452:2075:1:3339:476.88
1518 1519 528 514 11:3043727:2071:1:3339:477.8
1518 525 528:3067768:2445:1:3312:404.74
1518 525 528 514:3336661:2443:1:3312:405.07
1518 525 528 514 11:3375988:2069:1:3339:478.26
1518 525 528 11:3147362:2070:1:3339:478.03
333 329 332 330:3460867:2628:1:2490:376.57
333 329 332 330 331:4156884:2615:1:2490:378.44
333 329 332 330 331 324:3383832:2012:1:3457:491.8
333 329 332 330 331 324 338:3987505:1944:1:3457:509.0
333 329 332 330 331 324 338 339:4580882:1940:1:3457:510.05
333 329 332 330 331 324 339:3985726:2003:1:3457:494.01
333 329 332 330 331 338:4746641:2450:1:2869:403.92
333 329 332 330 331 338 339:5531227:2439:1:2869:405.74
333 329 332 330 331 339:4937958:2575:1:2490:384.32
333 329 332 330 324 338:3498863:1951:1:3457:507.17
333 329 332 330 324 338 339:4095479:1947:1:3457:508.21
333 329 332 330 324 339:3487226:2011:1:3457:492.05
333 329 332 330 338:4089497:2457:1:2869:402.77
333 329 332 330 338 339:4878232:2446:1:2869:404.58
333 329 332 330 339:4248509:2583:1:2490:383.13
333 329 332 331:3479613:2647:1:2490:373.87
333 329 332 331 324 338:3543345:1971:1:3457:502.03
333 329 332 331 324 338 339:4145515:1967:1:3457:503.05
333 329 332 331 324 339:3514652:2030:1:3457:487.45
333 329 332 331 338:4135939:2477:1:2869:399.52
333 329 332 331 338 339:4931108:2466:1:2869:401.3
333 329 332 331 339:4273527:2602:1:2490:380.33
333 329 332 324 338:3045827:1979:1:3457:500.0
333 329 332 324 338 339:3651344:1975:1:3457:501.01
333 329 332 324 339:3006727:2039:1:3457:485.3
333 329 332 338:3469843:2485:1:2869:398.23
333 329 332 338 339:4269269:2474:1:2869:400.0
333 329 332 339:3574577:2611:1:2490:379.02
333 329 330 331:3053472:2640:1:2457:374.86
333 329 330 331 324 338:3259252:1968:1:3457:502.79
333 329 330 331 324 338 339:3860051:1964:1:3457:503.82
333 329 330 331 324 339:3238461:2027:1:3457:488.17
333 329 330 331 338:3720808:2474:1:2777:400.0
333 329 330 331 338 339:4515104:2463:1:2777:401.79
333 329 330 331 338 339 11:4279871:2053:1:3521:481.99
333 329 330 331 338 11:3628310:2062:1:3521:479.88
333 329 330 331 339:3856825:2599:1:2457:380.77
333 329 330 331 339 11:3777664:2174:1:3484:455.17
333 329 330 331 11:3113738:2203:1:3090:449.18
333 329 330 324 338 339:3367281:1973:1:3457:501.52
333 329 330 338:3056955:2484:1:2777:398.39
333 329 330 338 339:3856588:2473:1:2777:400.16
333 329 330 338 339 11:3739893:2062:1:3521:479.88
333 329 330 338 11:3083632:2071:1:3521:477.8
333 329 330 339:3159960:2610:1:2457:379.17
333 329 330 339 11:3203069:2184:1:3484:453.09
333 329 331 324 338 339:3413288:1996:1:3457:495.74
333 329 331 338:3097425:2507:1:2777:394.74
333 329 331 338 339:3902581:2495:1:2777:396.64
333 329 331 338 339 11:3757748:2076:1:3521:476.65
333 329 331 338 11:3097580:2085:1:3521:474.59
333 329 331 339:3180314:2632:1:2457:376.0
333 329 331 339 11:3198802:2197:1:3484:450.41
333 329 338 339:3241424:2514:1:2777:393.64
333 329 338 339 11:3220689:2094:1:3521:472.55
333 332 330 331:3223999:2802:1:2490:353.19
333 332 330 331 324 338:3547248:2125:1:3132:465.66
333 332 330 331 324 338 339:4198471:2121:1:3132:466.54
333 332 330 331 324 339:3490567:2184:1:3132:453.09
333 332 330 331 338:3988957:2634:1:2869:375.71
333 332 330 331 338 339:4834564:2622:1:2869:377.43
333 332 330 331 339:4076698:2758:1:2490:358.83
333 332 330 324 338:3007052:2134:1:3132:463.7
333 332 330 324 338 339:3661934:2130:1:3132:464.57
333 332 330 338:3278981:2643:1:2869:374.43
333 332 330 338 339:4129592:2631:1:2869:376.14
333 332 330 339:3333348:2768:1:2490:357.53
333 332 331 324 338:3240463:2282:1:3091:433.64
333 332 331 324 338 339:3942701:2278:1:3091:434.4
333 332 331 324 339:3147024:2341:1:3091:422.72
333 332 331 338:3489493:2792:1:2777:354.46
333 332 331 338 339:4386777:2779:1:2777:356.12
333 332 331 338 339 11:4244404:2323:1:3020:425.99
333 332 331 338 11:3505970:2334:1:3020:423.98
333 332 331 339:3512533:2915:1:2490:339.51
333 332 331 339 11:3554242:2444:1:2936:404.91
333 332 324 338 339:3385317:2306:1:3091:429.13
333 332 338 339:3658031:2808:1:2777:352.44
333 332 338 339 11:3647548:2348:1:3020:421.46
333 330 331 324 338 339:3405526:2158:1:3132:458.55
333 330 331 338 339:3742303:2659:1:2777:372.18
333 330 331 338 339 11:3709588:2227:1:3521:444.35
333 330 331 338 11:3000485:2237:1:3521:442.36
333 330 331 339 11:3057904:2348:1:3484:421.46
333 330 338 339:3028737:2673:1:2777:370.23
333 330 338 339 11:3118413:2238:1:3521:442.16
333 331 324 338 339:3095711:2336:1:3091:423.62
333 331 338 339:3235495:2837:1:2777:348.84
333 331 338 339 11:3313095:2376:1:3020:416.49
294:8829430:32247:1:310:30.7
294 3:8444151:14092:1:703:70.25
294 3 11:3905406:4522:1:2092:218.88
294 3 11 6:3764165:3691:1:2188:268.15
294 3 6:5903601:7802:1:1569:126.87
294 11:6071185:11065:1:767:89.46
294 11 6:6365051:8982:1:1003:110.21
294 6:7804182:17860:1:527:55.43
1519 525 528 514 11:3057480:2074:1:3339:477.11
329 332 330:3191798:2768:1:2314:357.53
329 332 330 331:3929060:2754:1:2314:359.35
329 332 330 331 324:3287734:2148:1:3132:460.68
329 332 330 331 324 338:3952280:2077:1:3132:476.42
329 332 330 331 324 338 339:4591470:2073:1:3132:477.34
329 332 330 331 324 339:3930488:2136:1:3132:463.27
329 332 330 331 338:4599643:2585:1:2869:382.83
329 332 330 331 338 339:5431923:2574:1:2869:384.47
329 332 330 331 339:4755893:2710:1:2490:365.18
329 332 330 324 338:3424262:2084:1:3132:474.82
329 332 330 324 338 339:4066691:2080:1:3132:475.73
329 332 330 324 339:3392483:2144:1:3132:461.54
329 332 330 338:3902483:2592:1:2869:381.8
329 332 330 338 339:4738912:2581:1:2869:383.42
329 332 330 339:4026299:2718:1:2490:364.11
329 332 331:3215311:2791:1:2314:354.59
329 332 331 324 338:3474309:2108:1:3132:469.42
329 332 331 324 338 339:4123216:2104:1:3132:470.31
329 332 331 324 339:3425932:2167:1:3132:456.64
329 332 331 338:3953373:2616:1:2869:378.3
329 332 331 338 339:4797160:2605:1:2869:379.89
329 332 331 339:4056223:2741:1:2490:361.05
329 332 324 338 339:3591864:2114:1:3132:468.09
329 332 338:3248350:2626:1:2869:376.86
329 332 338 339:4097180:2615:1:2869:378.44
329 332 339:3318114:2752:1:2490:359.61
329 330 331 324 338:3396590:2249:1:3132:440.0
329 330 331 324 338 339:4087855:2244:1:3132:440.98
329 330 331 324 339:3341051:2307:1:3132:428.94
329 330 331 338:3714125:2758:1:2777:358.83
329 330 331 338 339:4601156:2746:1:2777:360.39
329 330 331 338 339 11:4374844:2277:1:3321:434.59
329 330 331 338 11:3655152:2287:1:3321:432.69
329 330 331 339:3800126:2882:1:2226:343.39
329 330 331 339 11:3757140:2398:1:2954:412.67
329 330 331 11:3029434:2434:1:2887:406.57
329 330 324 338 339:3664382:2342:1:3004:422.54
329 330 338:3073974:2860:1:2576:346.03
329 330 338 339:3993761:2847:1:2576:347.61
329 330 338 339 11:3902984:2362:1:3321:418.96
329 330 338 11:3154759:2372:1:3321:417.19
329 330 339:3119372:2984:1:2226:331.66
329 330 339 11:3221470:2484:1:2954:398.39
329 331 324 338 339:3589005:2295:1:3132:431.19
329 331 338:3027229:2810:1:2777:352.19
329 331 338 339:3931459:2797:1:2777:353.82
329 331 338 339 11:3811195:2316:1:3321:427.28
329 331 338 11:3077808:2326:1:3321:425.44
329 331 339:3060655:2934:1:2197:337.31
329 331 339 11:3132251:2437:1:2954:406.07
329 324 338 339:3288169:2519:1:3004:392.86
329 324 338 339 11:3220101:2087:1:3321:474.14
329 338 339:3418534:3025:1:2401:327.17
329 338 339 11:3450417:2510:1:3321:394.27
332 330 331 324 338:3478078:2292:1:3132:431.75
332 330 331 324 338 339:4186640:2288:1:3132:432.5
332 330 331 324 339:3400100:2351:1:3132:420.92
332 330 331 338:3799803:2804:1:2869:352.94
332 330 331 338 339:4705251:2792:1:2869:354.46
332 330 331 339:3851618:2928:1:2490:338.0
332 330 324 338 339:3614598:2305:1:3132:429.32
332 330 338:3048356:2821:1:2869:350.82
332 330 338 339:3961922:2809:1:2869:352.31
332 330 339:3066268:2946:1:2490:335.94
332 331 324 338:3162384:2496:1:3091:396.48
332 331 324 338 339:3937057:2492:1:3091:397.11
332 331 324 339:3045895:2555:1:3091:387.32
332 331 338:3279506:3009:1:2777:328.9
332 331 338 339:4252003:2996:1:2777:330.33
332 331 338 339 11:4144384:2490:1:3020:397.43
332 331 338 11:3351209:2501:1:3020:395.68
332 331 339:3265143:3132:1:2490:315.99
332 331 339 11:3363379:2611:1:2915:379.02
332 324 338 339:3345024:2542:1:3091:389.3
332 338 339:3483924:3048:1:2777:324.7
332 338 339 11:3530075:2537:1:3020:390.07
662 136:3684636:7442:1:1034:133.01
662 136 11:4284358:5608:1:1308:176.5
330 331 324 338 339:3591546:2514:1:3132:393.64
330 331 338 339:3769941:3019:1:2777:327.82
330 331 338 339 11:3787497:2518:1:3020:393.01
330 324 338 339:3103279:2658:1:2777:372.32
330 338 339:3085677:3167:1:2401:312.5
330 338 339 11:3256873:2643:1:2967:374.43
331 324 338 339:3351523:2858:1:3091:346.28
331 338 339:3295230:3364:1:2777:294.21
331 338 339 11:3462866:2814:1:3020:351.69
492 11:3372521:5173:1:1461:191.34
492 11 6:3293808:4097:1:2676:241.58
1956:3275240:5932:1:1864:166.86
1956 205:3990736:5176:1:1864:191.23
1956 205 27:5862156:4453:1:1864:222.27
1956 205 27 7:6170956:3331:1:2702:297.12
1956 205 27 11:4268949:2747:1:2780:360.26
1956 205 7:4987548:3798:1:2198:260.6
1956 205 7 11:3728640:2366:1:3098:418.25
1956 205 11:3384163:3253:1:2727:304.24
1956 27:5240740:4780:1:1864:207.07
1956 27 7:5686300:3477:1:2702:284.65
1956 27 11:3958365:2968:1:2780:333.45
1956 7:4370010:3984:1:2198:248.43
1956 7 11:3380675:2483:1:3098:398.55
1956 11:3012045:3658:1:2727:270.57
525 528 514 11:3251217:2832:1:2989:349.45
678 11:3397090:4428:1:1928:223.53
678 11 6:3254999:3534:1:2151:280.06
633 11:3138745:5226:1:1651:189.4
633 11 6:3044545:4059:1:2156:243.84
1770 7:3269250:2968:1:2807:333.45
324 338 339:3726598:4076:1:2211:242.83
324 338 339 11:4061950:3475:1:2265:284.81
324 338 339 11 6:3265610:2500:1:3382:395.84
934 27:3236721:5328:1:1642:185.78
934 27 7:5248250:4599:1:1691:215.22
934 27 7 11:3607736:2661:1:3154:371.9
934 7:3559867:5993:1:1673:165.17
934 7 11:3190838:3691:1:2121:268.15
86:4306455:8800:1:1134:112.49
86 85:7794132:7506:1:1490:131.88
86 85 87:3775969:2876:1:2736:344.11
86 85 87 83:3765224:2453:1:3137:403.42
86 85 87 27:4387923:2354:1:3637:420.38
86 85 83:7997668:6358:1:1490:155.69
86 85 83 27:8323855:4617:1:1835:214.38
86 85 83 27 7:9640754:4163:1:1835:237.75
86 85 83 27 7 11:6423677:2519:1:3058:392.86
86 85 83 27 11:5267254:2624:1:2691:377.14
86 85 83 7:10266973:5786:1:1490:171.07
86 85 83 7 3:3883774:1898:1:3407:521.33
86 85 83 7 11:7644159:3721:1:2500:265.99
86 85 83 7 6:5641168:3062:1:2500:323.21
86 85 83 3:3109180:2043:1:3407:484.35
86 85 83 11:5922620:3893:1:2234:254.24
86 85 83 6:4434636:3247:1:2500:304.8
86 85 27:8508663:5370:1:1835:184.32
86 85 27 7:10138788:4839:1:1835:204.55
86 85 27 7 11:6759180:2900:1:3058:341.26
86 85 27 11:5421904:3026:1:2621:327.06
86 85 27 6:3636703:2301:1:3182:430.06
86 85 7:10604479:6825:1:1490:145.03
86 85 7 3:4163675:2274:1:3407:435.17
86 85 7 1:3272196:2018:1:3181:490.34
86 85 7 11:8014327:4371:1:2234:226.44
86 85 7 11 6:4363831:2322:1:3966:426.17
86 85 7 6:6009260:3669:1:1880:269.76
86 85 3:3217872:2455:1:3407:403.1
86 85 11:5971688:4583:1:2234:215.97
86 85 11 6:3402393:2408:1:3966:410.96
86 85 6:4530281:3900:1:1880:253.78
86 87 27:3158981:2410:1:3288:410.62
86 83:4601398:6501:1:1490:152.26
86 83 27:5899791:4705:1:1835:210.37
86 83 27 7:7478495:4234:1:1835:233.77
86 83 27 7 11:5110079:2557:1:3058:387.02
86 83 27 11:3892108:2674:1:2691:370.09
86 83 7:7198511:5882:1:1490:168.28
86 83 7 11:5671636:3777:1:2500:262.04
86 83 7 6:3999587:3109:1:2500:318.33
86 83 11:3851597:3977:1:2234:248.87
86 27:5760009:5569:1:1835:177.74
86 27 7:7684199:4974:1:1835:199.0
86 27 7 11:5292580:2978:1:3058:332.33
86 27 7 6:3361932:2245:1:3182:440.78
86 27 11:3877070:3132:1:2621:315.99
86 7:7061198:7041:1:1490:140.59
86 7 3:3032469:2349:1:2738:421.28
86 7 11:5757507:4496:1:2234:220.15
86 7 11 6:3175553:2402:1:3966:411.99
86 7 6:4117440:3798:1:1880:260.6
86 11:3790317:5041:1:1684:196.35
494:3265168:7507:1:1133:131.86
494 11:4003742:5670:1:1306:174.57
494 11 6:3808785:4437:1:1811:223.07
494 6:3284909:5517:1:1330:179.41
321 87 27 7:3466893:2192:1:3541:451.44
321 27:5511990:7143:1:1210:138.58
321 27 7:8154514:6245:1:1304:158.5
321 27 7 11:5833858:3816:1:2279:259.37
321 27 7 11 6:3798701:2367:1:3051:418.08
321 27 7 6:5080691:3636:1:1970:272.2
321 27 11:4207032:4243:1:1691:233.27
321 27 6:3732302:4146:1:1886:238.73
321 7:5844238:7739:1:1087:127.91
321 7 11:5033379:4930:1:1662:200.77
321 7 11 6:3634045:3223:1:2512:307.07
321 7 6:4181024:4742:1:1656:208.73
85:4826150:8801:1:1077:112.47
85 897 27 7:3120794:1744:1:3740:567.34
85 87 83 27:3426320:2150:1:3978:460.25
85 87 27:3571065:2599:1:3365:380.77
85 83:5269274:6853:1:1290:144.44
85 83 27:6542732:4981:1:1835:198.72
85 83 27 7:8324254:4511:1:1835:219.42
85 83 27 7 11:5656385:2731:1:2853:362.37
85 83 27 7 6:3721613:2027:1:3801:488.17
85 83 27 11:4323599:2841:1:2691:348.35
85 83 7:8136884:6252:1:1461:158.32
85 83 7 3:3298966:2074:1:3407:477.11
85 83 7 11:6318086:4012:1:2500:246.7
85 83 7 6:4753532:3381:1:2500:292.73
85 83 11:4340254:4197:1:2234:235.83
85 83 6:3301123:3587:1:2500:275.92
85 27:6609810:6035:1:1835:164.02
85 27 7:8875210:5461:1:1835:181.25
85 27 7 11:6002575:3242:1:2621:305.27
85 27 7 6:4191624:2550:1:3181:388.08
85 27 11:4422200:3387:1:2621:292.21
85 27 6:3163667:2713:1:2915:364.78
85 7:8429300:7801:1:1253:126.89
85 7 3:3616384:2633:1:3407:375.85
85 7 11:6642625:4906:1:2234:201.75
85 7 11 6:3810715:2667:1:3966:371.07
85 7 6:5188205:4338:1:1880:228.16
85 11:4247315:5216:1:2234:189.76
85 6:3378985:4768:1:1880:207.59
338 339:3240042:4602:1:2211:215.08
338 339 11:3753061:3909:1:2265:253.2
506 11:3301910:6060:1:1583:163.34
506 11 6:3298774:4741:1:1713:208.77
378 11:3955982:8040:1:1138:123.12
378 11 6:4184596:6484:1:1451:152.66
378 6:3405543:8908:1:1122:111.12
916:3455494:8989:1:1008:110.12
916 11:4597569:7061:1:1156:140.19
916 11 6:4579350:5701:1:1335:173.62
916 6:3763059:6921:1:1278:143.02
640 11:3326245:6107:1:1520:162.08
640 11 6:3265532:4692:1:2444:210.95
12:3227440:5868:1:1455:168.68
12 11:3888590:4766:1:1934:207.68
12 11 6:3514029:3637:1:2281:272.13
12 6:3040855:4268:1:1983:231.9
28 32:4768850:9569:1:997:103.45
28 32 897 27:3194095:2642:1:3542:374.58
28 32 897 27 7:4211208:2409:1:3542:410.79
28 32 897 7:3358637:2793:1:3052:354.33
28 32 87:3050949:3975:1:1934:248.99
28 32 87 27:4476296:3410:1:2933:290.24
28 32 87 27 7:5666393:3087:1:3545:320.6
28 32 87 7:4649287:3598:1:1934:275.08
28 32 205 27 7:3567918:1968:1:3832:502.79
28 32 83 27 7:3706241:2086:1:3670:474.37
28 32 83 7:3117580:2505:1:3639:395.05
28 32 27:7781839:7435:1:1171:133.14
28 32 27 7:10716574:6762:1:1366:146.39
28 32 27 7 3:4588824:2395:1:3015:413.19
28 32 27 7 1:3437134:2052:1:3469:482.22
28 32 27 7 11:6931088:3855:1:2585:256.74
28 32 27 7 6:3659016:2397:1:3331:412.84
28 32 27 3:3549332:2597:1:2884:381.06
28 32 27 11:5132868:4098:1:2320:241.52
28 32 7:9017271:8679:1:997:114.06
28 32 7 3:4215653:3108:1:2281:318.43
28 32 7 1:3013895:2615:1:2943:378.44
28 32 7 11:6912484:5283:1:1506:187.36
28 32 7 6:3290777:3252:1:2281:304.34
28 32 11:4315928:5652:1:1506:175.13
28 897 27 7:3171966:2424:1:3542:408.25
28 87 27 7:4334269:3106:1:3545:318.64
28 87 7:3085681:3620:1:1934:273.41
28 27:4538226:7513:1:1171:131.75
28 27 7:7782118:6816:1:1366:145.23
28 27 7 3:3545042:2417:1:3015:409.43
28 27 7 11:5262080:3887:1:2585:254.63
28 27 11:3352017:4141:1:2320:239.02
28 7:5219264:8765:1:997:112.94
28 7 11:4595099:5329:1:1506:185.74
667 11:3422161:7894:1:1022:125.4
667 11 6:3676999:6251:1:1348:158.35
32:4911480:11069:1:760:89.43
32 897 27:3264154:2826:1:3542:350.2
32 897 27 7:4362598:2579:1:3542:383.72
32 897 7:3433378:2998:1:3052:330.11
32 87:3019302:4231:1:1934:233.93
32 87 27:4551650:3614:1:2200:273.86
32 87 27 7:5834662:3273:1:3545:302.38
32 87 7:4738269:3828:1:1934:258.55
32 205 27 7:3695710:2107:1:3832:469.64
32 83 27:3043250:2525:1:2957:391.92
32 83 27 7:3858754:2236:1:3670:442.56
32 83 7:3195540:2686:1:3639:368.44
32 27:8002530:8068:1:1171:122.69
32 27 7:11183066:7311:1:1366:135.39
32 27 7 3:4810116:2591:1:3015:381.95
32 27 7 1:3529526:2179:1:3469:454.13
32 27 7 11:7295337:4182:1:2084:236.67
32 27 7 6:4081872:2743:1:3331:360.79
32 27 3:3687132:2818:1:2532:351.19
32 27 11:5349108:4460:1:2084:221.92
32 27 6:3263049:3071:1:2785:322.27
32 7:9278666:9440:1:997:104.86
32 7 3:4380470:3377:1:2281:293.07
32 7 1:3063040:2794:1:2943:354.2
32 7 11:7214176:5761:1:1506:171.82
32 7 6:3664772:3756:1:2281:263.51
32 11:4505716:6366:1:1506:155.49
1019 11:3430670:4230:1:2057:233.99
775 11:3037091:4034:1:2245:245.35
358:3012885:6131:1:1769:161.45
358 11:3453611:4571:1:2167:216.54
358 11 6:3020085:3336:1:2814:296.67
644:4296429:8673:1:973:114.13
644 64:4194336:4758:1:1771:208.03
644 64 11:4076128:3537:1:2174:279.82
644 64 11 6:3231121:2512:1:3201:393.95
644 64 6:3397958:3291:1:2574:300.73
644 11:4596888:6005:1:1652:164.84
644 11 6:4109903:4509:1:1983:219.51
644 6:3993819:6104:1:1374:162.16
1838 1644:3396910:3463:1:2426:285.8
1838 1644 11:3305935:2656:1:2529:372.6
1838 11:3455378:4920:1:1402:201.18
1838 11 6:3168107:3709:1:2190:266.85
737:6773312:17645:1:818:56.1
737 7:3269262:3520:1:2221:281.17
737 7 11:3071761:2571:1:3669:384.92
737 148 218 11:3023514:3266:1:2871:303.03
737 148 11:3088035:3544:1:2871:279.27
737 3:4194796:6069:1:1318:163.1
737 3 11:3648905:3811:1:2572:259.71
737 3 11 6:3526245:3166:1:2572:312.6
737 3 6:3814355:4473:1:1865:221.28
737 1 11:3392761:4438:1:2281:223.02
737 11:7818914:11899:1:837:83.19
737 11 6:7662714:9470:1:928:104.53
737 6:6973259:12809:1:825:77.28
491 11:3038750:5612:1:1769:176.38
531 11:3596287:5533:1:1618:178.89
531 11 6:3298889:4113:1:1695:240.64
670 64 11:3288755:4004:1:2032:247.19
255 148 218 11:4067605:6252:1:1371:158.32
255 148 218 11 6:3635108:4556:1:2038:217.25
255 148 11:3729012:6264:1:1371:158.02
255 148 11 6:3391523:4565:1:2038:216.82
278:5518460:20114:1:590:49.22
278 897 27 7:3324027:2180:1:3278:453.92
278 87 27:3486930:3176:1:2149:311.62
278 87 27 7:4580490:2818:1:2446:351.19
278 87 7:3322330:3088:1:2446:320.49
278 205 27:3905074:3750:1:2278:263.93
278 205 27 7:4539061:2873:1:2796:344.47
278 205 27 7 11:3213869:1787:1:3951:553.69
278 205 7:3263635:3148:1:1948:314.39
278 83 27:3221643:3078:1:2330:321.53
278 83 27 7:3994147:2526:1:3482:391.77
278 27:8946950:10850:1:1085:91.24
278 27 7:11164620:8186:1:1085:120.92
278 27 7 3:4662687:2788:1:2583:354.97
278 27 7 1:3783282:2627:1:3074:376.71
278 27 7 11:8034925:5054:1:1994:195.85
278 27 7 11 6:4343317:2668:1:2974:370.93
278 27 7 6:6188598:4294:1:1727:230.5
278 27 3:4108991:3645:1:2048:271.53
278 27 1:3124349:3450:1:2920:286.87
278 27 11:7046255:6686:1:1665:148.05
278 27 11 6:4300646:3764:1:2008:262.95
278 27 6:5568710:5929:1:1550:166.95
278 7:8406275:10288:1:851:96.22
278 7 3:4038430:3586:1:2462:276.0
278 7 1:3005551:3261:1:2552:303.5
278 7 11:7134335:6589:1:1640:150.23
278 7 11 6:4530729:3836:1:1877:258.01
278 7 6:5484759:5810:1:1481:170.37
278 3:4300680:7372:1:1258:134.27
278 3 11:3014570:3601:1:2510:274.85
278 3 6:3191451:4286:1:1898:230.93
278 11:5777130:10675:1:809:92.73
278 11 6:4782800:6972:1:1385:141.98
278 6:4954770:11406:1:797:86.79
1025 11:3187876:5294:1:2132:186.97
361:3879372:10122:1:926:97.8
361 148:3006703:5007:1:1781:197.68
361 148 218:3124409:4759:1:1803:207.98
361 148 218 11:3718772:4030:1:1901:245.6
361 148 11:3596615:4148:1:1781:238.61
361 218 11:3007660:4263:1:1803:232.18
361 11:5152673:7922:1:1062:124.95
361 11 6:4861383:6061:1:1581:163.31
361 6:3972460:7333:1:1340:134.99
14:5744412:11607:1:798:85.29
14 64:4368195:4987:1:1682:198.48
14 64 11:4218136:3701:1:3233:267.42
14 64 11 6:3470054:2698:1:3233:366.8
14 64 6:3679009:3560:1:2855:278.01
14 3:3117354:3919:1:1805:252.55
14 11:5943529:7761:1:1126:127.54
14 11 6:5560481:6035:1:1700:164.02
14 6:5508957:8355:1:1086:118.48
897 87 27:4834091:4882:1:2322:202.74
897 87 27 7:6684989:4402:1:2322:224.85
897 87 7:5053780:5223:1:1931:189.51
897 205 27:3048918:3258:1:2940:303.77
897 205 27 7:4219176:2883:1:2940:343.27
897 83 27:3302011:3550:1:2382:278.8
897 83 27 7:4587600:3143:1:2772:314.89
897 83 7:3543643:3857:1:2192:256.61
897 27:7339159:10270:1:1018:96.39
897 27 7:11584507:9241:1:1193:107.12
897 27 7 148:3106319:2091:1:3060:473.23
897 27 7 3:5145943:3276:1:2504:302.11
897 27 7 1:3672275:2745:1:3376:360.53
897 27 7 11:7263817:5014:1:1558:197.41
897 27 7 6:4333647:3522:1:2289:281.01
897 27 3:3707399:3616:1:2504:273.71
897 27 11:4908643:5400:1:1485:183.3
897 27 6:3276565:3993:1:1743:247.87
897 7:8560428:12121:1:849:81.67
897 7 3:4371571:4291:1:2078:230.66
897 7 3 11:3094126:2432:1:3476:406.91
897 7 11:6944314:7153:1:1130:138.38
897 7 6:3517345:4864:1:1669:203.49
897 11:3442483:8006:1:1088:123.64
237 11:3364087:4781:1:2336:207.03
357 11:3317646:5569:1:1466:177.74
357 11 6:3092028:4141:1:2130:239.02
1132 90:3123633:3794:1:2142:260.87
1132 90 11:3294221:3061:1:2592:323.32
1132 11:3330689:5604:1:1625:176.63
314:6517016:14842:1:685:66.7
314 148:3210996:4877:1:1921:202.95
314 148 218:3149558:4414:1:2061:224.24
314 148 218 11:3623991:3715:1:2198:266.42
314 148 11:3699171:4016:1:1925:246.45
314 218 11:3170921:4183:1:1700:236.62
314 3:3543838:4761:1:2237:207.9
314 3 11:3172223:3152:1:2469:313.99
314 3 11 6:3040160:2602:1:2469:380.33
314 3 6:3220498:3543:1:2288:279.35
314 1:3192656:5808:1:1381:170.43
314 1 11:3632937:4454:1:2074:222.22
314 1 11 6:3011176:3139:1:2939:315.29
314 11:7333398:10344:1:976:95.7
314 11 6:7008356:8116:1:1103:121.97
314 6:6477821:10770:1:865:91.91
4:37372716:76248:1:163:12.98
4 55:4925612:4760:1:1643:207.94
4 2:3157955:2994:1:3910:330.55
4 148:3452804:4892:1:1797:202.33
4 148 218:3122261:4091:1:2486:241.94
4 148 218 11:3194727:3130:1:2621:316.19
4 148 218 11 6:3051297:2597:1:2836:381.06
4 148 218 6:3002134:3242:1:2486:305.27
4 148 11:3404134:3526:1:2133:280.69
4 148 11 6:3271840:2922:1:2836:338.69
4 148 6:3258489:3745:1:2280:264.28
4 218:3400889:6289:1:1411:157.39
4 218 11:3141702:3917:1:2486:252.68
4 218 11 6:3125865:3257:1:2505:303.87
4 218 6:3278529:4649:1:2160:212.9
4 3:19710357:25470:1:422:38.87
4 3 1:3590171:4136:1:1868:239.3
4 3 6:11018298:12127:1:696:81.63
4 1:8487865:14125:1:649:70.08
4 1 11:5094961:5920:1:1517:167.2
4 1 11 6:4877528:4775:1:1861:207.29
4 1 6:6421143:8370:1:1282:118.27
4 11:18758136:24873:1:444:39.8
4 11 6:18738976:20397:1:467:48.53
4 6:27375441:41768:1:236:23.7
540 11:3471364:5860:1:1376:168.91
540 11 6:3233225:4357:1:2285:227.17
49 205 27 7:3115490:2209:1:3286:447.96
49 27:6389412:9695:1:867:102.1
49 27 7:5847190:4896:1:1844:202.16
49 27 7 11:4888141:3426:1:2759:288.88
49 27 7 6:3165455:2504:1:3016:395.21
49 27 11:6742819:7388:1:1033:133.98
49 27 11 6:4909053:4786:1:1822:206.81
49 27 6:4755609:6072:1:1547:163.02
49 7:3623238:5579:1:1421:177.42
49 7 11:3627501:3972:1:2759:249.18
49 11:3663443:9666:1:895:102.41
49 11 6:3489707:6635:1:1152:149.19
142 90:3770949:4569:1:1632:216.63
142 90 11:3862850:3556:1:2281:278.32
142 11:3264498:5456:1:1857:181.42
521:4264190:7826:1:1035:126.49
521 90:4193386:4023:1:2056:246.02
521 90 148:3101564:2469:1:2835:400.81
521 90 148 218:3088386:2352:1:2835:420.74
521 90 148 218 11:3073714:1965:1:3022:503.56
521 90 148 11:3063983:2032:1:2920:486.97
521 90 11:4251587:3278:1:2254:301.92
521 148 218 11:3333678:3098:1:2518:319.46
521 148 11:3296435:3228:1:2518:306.6
521 11:5002195:6181:1:1473:160.14
521 11 6:4323868:4494:1:2376:220.25
521 6:3836173:5431:1:2376:182.25
260:3543867:7282:1:1538:135.93
260 90:3084246:3150:1:2304:314.19
260 90 11:3057702:2487:1:2886:397.91
260 11:4183836:5600:1:1538:176.75
260 11 6:3671597:4096:1:2104:241.64
260 6:3296280:5114:1:1580:193.55
423:5444154:10967:1:862:90.26
423 27:3244238:3114:1:2930:317.82
423 27 11:3040301:2384:1:3882:415.1
423 148 218 11:3166708:3068:1:2826:322.58
423 148 11:3238127:3304:1:2826:299.55
423 1:3029729:4998:1:2034:198.04
423 1 11:3591668:4130:1:2034:239.65
423 11:6776150:8887:1:1055:111.39
423 11 6:6206229:6782:1:1193:145.95
423 6:5303964:8070:1:1075:122.66
1644:4697940:8606:1:1040:115.02
1644 148:3556312:4614:1:2177:214.52
1644 148 218:3670239:4440:1:2177:222.92
1644 148 218 11:3953930:3627:1:2177:272.88
1644 148 218 11 6:3042987:2462:1:3266:401.95
1644 148 11:3853649:3726:1:2177:265.63
1644 218 11:3327670:3838:1:2177:257.88
1644 1 11:3016530:3282:1:2732:301.55
1644 11:5191200:6398:1:1540:154.71
1644 11 6:4641782:4825:1:2096:205.14
1644 6:4368617:6191:1:2096:159.88
46:3405675:8827:1:1221:112.14
46 379:3210559:4497:1:1776:220.1
46 379 11:3518109:3589:1:2245:275.77
46 148 218 11:3047300:3319:1:2251:298.19
46 11:4375105:6705:1:1501:147.63
46 11 6:4036065:5025:1:1599:196.98
46 6:3443456:6292:1:1560:157.32
215:3544884:21592:1:588:45.85
215 205 27:3623147:3888:1:2260:254.56
215 205 27 11:3400025:2894:1:2725:341.97
215 27:4322135:6063:1:2124:163.26
215 27 7:4287961:3448:1:2378:287.04
215 27 7 11:3605682:2456:1:3117:402.93
215 27 11:4222845:4415:1:2395:224.19
215 7:3891516:5552:1:1253:178.28
215 7 11:3942173:4081:1:2430:242.53
215 3:3431769:7366:1:1591:134.38
215 3 11:3430116:4698:1:2048:210.68
215 3 11 6:3116281:3537:1:2147:279.82
215 3 6:3068220:4895:1:1903:202.21
215 11:6335366:14515:1:815:68.2
215 11 6:6020716:10309:1:999:96.02
215 6:4574988:14086:1:680:70.28
777 90:3125463:4372:1:1683:226.39
777 90 11:3449596:3529:1:2960:280.45
379:3186726:9783:1:1030:101.19
379 148 218 11:3096812:3584:1:2547:276.15
379 148 11:3021388:3730:1:2118:265.34
379 11:4496347:7596:1:1248:130.31
379 11 6:4210770:5652:1:1292:175.13
379 6:3409023:6972:1:1248:141.98
21:4788460:8763:1:1211:112.96
21 148:3486176:4538:1:1899:218.11
21 148 218:3546487:4309:1:1949:229.7
21 148 218 11:3817607:3532:1:1949:280.22
21 148 11:3750161:3659:1:1910:270.49
21 218 11:3219692:3743:1:1949:264.42
21 1 11:3181400:3476:1:2459:284.73
21 11:5310985:6577:1:1302:150.5
21 11 6:4717394:4913:1:1595:201.47
21 6:4411220:6243:1:1470:158.55
254 148 218:3275001:6613:1:1196:149.68
254 148 218 11:4118171:5434:1:1589:182.15
254 148 218 11 6:3354300:3725:1:2330:265.7
254 148 11:3890190:5532:1:1589:178.93
254 148 11 6:3216131:3799:1:2330:260.53
254 218 11:3033951:5633:1:1589:175.72
254 11:3805151:7841:1:1089:126.24
254 11 6:3671215:5772:1:1320:171.49
269:3041136:18343:1:452:53.97
269 11:4797869:11048:1:924:89.6
269 11 6:4994826:8505:1:1103:116.39
269 6:4015764:12252:1:873:80.8
504:3192836:14546:1:847:68.06
504 148 218 11:3498216:4606:1:2669:214.89
504 148 11:3458454:4913:1:1980:201.47
504 11:4595190:9409:1:1001:105.21
504 11 6:4592513:7169:1:1095:138.08
504 6:3815770:10024:1:847:98.75
87:5045835:18484:1:533:53.56
87 205 27:4322885:4145:1:2068:238.78
87 205 27 7:5748326:3653:1:2386:270.94
87 205 7:4211570:4115:1:1991:240.53
87 83 27:4791936:4616:1:2241:214.43
87 83 27 7:6132814:3954:1:2241:250.32
87 83 7:4918796:4890:1:2241:202.41
87 27:11089960:13491:1:624:73.38
87 27 7:16249850:12013:1:690:82.4
87 27 7 148:4315342:2745:1:2502:360.53
87 27 7 3:7357069:4364:1:1893:226.8
87 27 7 1:5290184:3632:1:2436:272.5
87 27 7 11:4559855:3533:1:2473:280.14
87 27 7 6:9141185:6396:1:1503:154.76
87 27 148:3154792:3026:1:2502:327.06
87 27 3:5557060:4865:1:1893:203.45
87 27 1:3776623:4098:1:2436:241.52
87 27 6:6715585:7128:1:1388:138.87
87 7:12504050:15544:1:546:63.69
87 7 148:3451404:3376:1:1952:293.16
87 7 3:6311012:5613:1:1473:176.35
87 7 3 6:4054631:3266:1:2733:303.03
87 7 1:4232259:4606:1:1979:214.89
87 7 11:6161385:6051:1:1747:163.58
87 7 11 6:4293472:3860:1:2120:256.41
87 7 6:8170130:8847:1:1116:111.89
87 3:3903545:6683:1:1230:148.12
87 11:3415475:6969:1:1468:142.04
87 6:4535838:10480:1:895:94.46
230:4028760:8123:1:1089:121.86
230 148:3431516:4766:1:1560:207.68
230 148 218:3569202:4601:1:1909:215.12
230 148 218 11:3914778:3780:1:2208:261.84
230 148 11:3778335:3856:1:2208:256.68
230 218 11:3262137:4000:1:2146:247.44
230 1 11:3001816:3478:1:3690:284.57
230 11:4649016:6127:1:1309:161.55
230 11 6:3967145:4368:1:1635:226.6
230 6:3644040:5566:1:1479:177.83
69:6241860:22631:1:437:43.74
69 27:3525970:4254:1:1898:232.67
69 27 7:4105080:3011:1:3565:328.69
69 27 11:3150780:2967:1:2585:333.56
69 7:4281885:5251:1:1665:188.5
69 7 11:4262850:3931:1:2720:251.78
69 148:3027040:6147:1:1458:161.03
69 148 218:3004928:5491:1:1509:180.26
69 148 218 11:3780759:4639:1:1725:213.36
69 148 11:3858852:5083:1:1725:194.73
69 218 11:3208377:5360:1:1491:184.67
69 3:4426532:7663:1:1242:129.18
69 3 11:4386824:5206:1:1532:190.13
69 3 11 6:4284439:4275:1:1876:231.53
69 3 6:4265372:5738:1:1492:172.5
69 1 11:3915432:5968:1:1306:165.86
69 1 11 6:3315289:4156:1:1820:238.15
69 11:8711680:15946:1:598:62.08
69 11 6:8800931:12587:1:894:78.65
69 6:7262173:16572:1:729:59.74
747:4590504:9368:1:1053:105.67
747 229:4161618:4170:1:2976:237.35
747 229 148:3564734:2927:1:2976:338.12
747 229 148 218:3591237:2825:1:2976:350.32
747 229 218:3188871:3048:1:2976:324.7
747 229 6:3230409:2811:1:3315:352.06
747 148:3894561:5442:1:2097:181.89
747 148 218:4036812:5246:1:2097:188.68
747 148 218 11:3846738:3876:1:2097:255.35
747 148 218 6:3096065:3363:1:2290:294.29
747 148 11:3722075:3967:1:2097:249.5
747 148 6:3012762:3471:1:2290:285.14
747 218:3104560:5689:1:2097:173.99
747 218 11:3123715:4061:1:2097:243.72
747 11:4636482:6429:1:1339:153.97
747 11 6:4108194:4712:1:1944:210.06
747 6:4236867:6545:1:1804:151.24
229:4995630:10034:1:819:98.65
229 148:4300261:5974:1:1483:165.69
229 148 218:4452886:5738:1:1483:172.5
229 148 218 11:4237908:4238:1:2371:233.55
229 148 218 11 6:3287125:2870:1:2879:344.83
229 148 218 6:3497091:3760:1:2670:263.23
229 148 11:4102729:4341:1:2371:228.01
229 148 11 6:3222600:2951:1:2690:335.37
229 148 6:3410434:3897:1:2456:253.98
229 218:3497682:6314:1:1270:156.77
229 218 11:3492863:4478:1:2371:221.03
229 1:3188265:5224:1:2077:189.47
229 1 11:3022715:3621:1:2371:273.33
229 11:4951172:6785:1:1354:145.89
229 11 6:4447359:5036:1:1473:196.55
229 6:4686708:7147:1:1236:138.5
55:35912470:65412:1:154:15.13
55 2:3320870:3023:1:2323:327.38
55 64:3299229:3505:1:2209:282.37
55 27:5361460:4873:1:1849:203.12
55 27 7:4344000:2657:1:2987:372.46
55 27 11:3545555:2636:1:2717:375.43
55 27 6:3116472:2589:1:3090:382.24
55 7:6306340:5785:1:1357:171.1
55 7 11:4759075:3495:1:2486:283.18
55 7 6:3471776:3059:1:2857:323.53
55 148:4056176:5263:1:1686:188.07
55 148 218:3699527:4472:1:1828:221.33
55 148 218 11:4011971:3662:1:1922:270.27
55 148 218 11 6:3201729:2609:1:2728:379.31
55 148 218 6:3070660:3151:1:2079:314.09
55 148 11:4219640:4058:1:1816:243.9
55 148 11 6:3437399:2927:1:2359:338.12
55 148 6:3336658:3634:1:1905:272.35
55 218:3987434:6585:1:1323:150.32
55 218 11:3959328:4531:1:1740:218.45
55 218 11 6:3286761:3260:1:2201:303.59
55 218 6:3408926:4508:1:1670:219.56
55 3:23645928:27161:1:379:36.45
55 3 1:4680464:4841:1:2282:204.46
55 3 1 6:3189328:2834:1:3562:349.21
55 3 11:10304147:9097:1:1142:108.82
55 3 11 6:9197390:7151:1:1192:138.42
55 3 6:15105921:14674:1:664:67.46
55 1:8485700:12843:1:875:77.08
55 1 11:5766215:6179:1:1241:160.19
55 1 11 6:4880938:4538:1:1556:218.11
55 1 6:6111511:7474:1:1341:132.44
55 11:19311050:23539:1:442:42.06
55 11 6:17801604:18328:1:535:54.01
55 6:25190480:35530:1:302:27.86
316:4590324:27852:1:311:35.54
316 27 7:3013262:2400:1:2989:412.33
316 7:3185605:4521:1:1862:218.93
316 7 11:3159853:3257:1:2417:303.87
316 148 218 11:3451131:4907:1:1718:201.71
316 148 11:3479129:5346:1:1718:185.15
316 3:4749798:10016:1:774:98.83
316 3 11:4035648:5507:1:1394:179.74
316 3 11 6:4101429:4596:1:1635:215.36
316 3 6:4347537:6851:1:1409:144.48
316 1 11:3438441:6353:1:1492:155.81
316 1 11 6:3201366:4661:1:2086:212.36
316 11:7319067:16867:1:536:58.69
316 11 6:8002654:13582:1:769:72.89
316 6:6246990:19103:1:754:51.82
136:7790034:23679:1:397:41.81
136 135:3140829:3808:1:3431:259.91
136 135 11:3307966:3030:1:3431:326.63
136 27:3730546:4218:1:2440:234.65
136 27 7:4036880:2816:1:3021:351.44
136 27 11:3358579:2974:1:2440:332.77
136 7:4404628:5021:1:1566:197.13
136 7 11:4231106:3690:1:2175:268.22
136 148:3403068:6215:1:1401:159.27
136 148 218:3351244:5563:1:1579:177.93
136 148 218 11:4007182:4617:1:1822:214.38
136 148 11:4119776:5060:1:1523:195.61
136 218 11:3476292:5352:1:1579:184.94
136 3:5169684:8151:1:1199:121.44
136 3 11:4745906:5272:1:1473:187.75
136 1:4023370:9178:1:933:107.86
136 1 11:4910326:6954:1:1541:142.34
136 11:9714837:16211:1:624:61.07
136 6:4087374:9923:1:894:99.76
273:5688726:17177:1:496:57.63
273 148:3706106:6727:1:1385:147.15
273 148 218:3769685:6228:1:1385:158.93
273 148 218 11:4535194:5217:1:1442:189.73
273 148 218 11 6:3632691:3598:1:2016:275.08
273 148 218 6:3195973:4213:1:2005:234.93
273 148 11:4528339:5548:1:1394:178.41
273 148 11 6:3695818:3859:1:2005:256.48
273 148 6:3208478:4552:1:2005:217.44
273 218 11:3802794:5825:1:1442:169.93
273 218 11 6:3204336:4025:1:2016:245.9
273 3:3221808:5207:1:1703:190.09
273 1:3263866:7392:1:1109:133.91
273 1 11:4017696:5662:1:1649:174.82
273 1 11 6:3457875:4053:1:2637:244.2
273 1 6:3063959:5123:1:1417:193.21
273 11:7060140:11746:1:657:84.28
273 11 6:6847671:9095:1:860:108.84
273 6:6008994:12241:1:619:80.87
205:4699556:21373:1:604:46.32
205 83 27:3591072:3631:1:2163:272.58
205 83 27 7:4422298:2910:1:2536:340.09
205 83 27 7 11:3130707:1817:1:3867:544.56
205 83 7:3427760:3493:1:2175:283.34
205 27:11140080:14511:1:697:68.22
205 27 7:14042946:10752:1:837:92.07
205 27 7 218:3385220:2572:1:3044:384.77
205 27 7 3:5039604:3218:1:2673:307.55
205 27 7 3 11:3319038:1868:1:3018:529.7
205 27 7 1:4565196:3281:1:3077:301.65
205 27 7 1 11:3390605:2115:1:3401:467.86
205 27 7 11:10053830:6579:1:1540:150.46
205 27 7 6:5054325:3923:1:2281:252.29
205 27 148:3309486:3343:1:2706:296.05
205 27 3:4343292:4250:1:1793:232.89
205 27 3 11:3154165:2531:1:2696:391.0
205 27 1:3774556:4420:1:1995:223.93
205 27 1 11:3109571:2888:1:2400:342.68
205 27 11:8952645:8962:1:1154:110.45
205 27 6:4256771:5496:1:1593:180.1
205 7:10363774:13607:1:655:72.75
205 7 148:3159000:3202:1:2900:309.09
205 7 3:4156112:4086:1:1857:242.23
205 7 3 11:3179195:2492:1:2972:397.11
205 7 1:3591274:4108:1:1897:240.94
205 7 1 11:3151156:2782:1:2985:355.73
205 7 11:8896494:8668:1:907:114.2
205 7 11 6:3723129:3459:1:2638:286.13
205 7 6:5096030:5805:1:1444:170.51
205 11:6478974:13308:1:664:74.39
205 11 6:3441066:5926:1:1652:167.03
205 6:3599363:9987:1:818:99.12
40:3980982:24082:1:639:41.11
40 7:3287678:4638:1:1511:213.41
40 7 11:3385548:3482:1:2994:284.24
40 148 218 11:3921025:5537:1:1768:178.77
40 148 218 11 6:3196283:3770:1:2439:262.53
40 148 11:3979135:6085:1:1338:162.67
40 148 11 6:3343571:4203:1:1673:235.49
40 218 11:3089187:6332:1:1768:156.32
40 3:3680385:7931:1:1027:124.81
40 3 11:3913824:5402:1:1522:183.23
40 3 11 6:3947408:4481:1:2487:220.88
40 3 6:3857004:6161:1:1354:160.66
40 1 11:3767059:6915:1:1219:143.15
40 1 11 6:3351878:4915:1:1748:201.38
40 11:7434573:17063:1:649:58.02
40 11 6:7953572:13545:1:751:73.08
40 6:5979306:18273:1:639:54.18
512 148 218 11:3150525:5303:1:2183:186.65
512 11:3252708:10067:1:1119:98.33
512 11 6:3570346:7560:1:2187:130.94
138 27:3360842:5556:1:1385:178.15
138 27 7:4323420:3766:1:2563:262.81
138 27 7 11:3426292:2487:1:2934:397.91
138 27 11:3072356:3640:1:2261:271.9
138 7:4234367:7060:1:1693:140.21
138 7 11:4296532:4959:1:1835:199.6
138 148 218 11:3359084:5621:1:1490:176.09
138 148 11:3368921:6211:1:1389:159.37
138 3:4500636:12487:1:742:79.28
138 3 11:4191049:6764:1:1238:146.34
138 3 11 6:3812483:4991:1:1726:198.32
138 3 6:4202592:8087:1:1027:122.4
138 1 11:3580625:8214:1:1620:120.51
138 11:6654331:20351:1:514:48.64
138 11 6:6706771:14461:1:703:68.46
138 6:4810451:22534:1:472:43.93
2:23634450:42927:1:248:23.06
2 446:3132530:2821:1:3431:350.82
2 77:3055540:4550:1:1550:217.54
2 77 11:3166241:3369:1:2334:293.77
2 64:3672923:3919:1:2138:252.55
2 64 11:3317655:2756:1:2691:359.09
2 27:6337310:5771:1:1482:171.52
2 27 7:6470100:3969:1:2021:249.37
2 27 7 11:4801625:2600:1:2815:380.62
2 27 7 6:3422879:2016:1:2988:490.83
2 27 11:4815405:3636:1:2008:272.2
2 27 6:3783664:3102:1:2411:319.05
2 7:8253790:7542:1:1008:131.25
2 7 148:3027106:2313:1:3116:427.83
2 7 3:3540402:2547:1:3227:388.54
2 7 1:3351142:2765:1:3200:357.92
2 7 11:6890575:5059:1:1427:195.65
2 7 11 6:4525277:3092:1:2344:320.08
2 7 6:5400827:4435:1:1822:223.17
2 148:4784722:6212:1:1604:159.34
2 148 218:4461128:5410:1:2193:182.96
2 148 218 11:4796666:4389:1:2739:225.51
2 148 218 11 6:3533544:2869:1:2928:344.95
2 148 218 6:3394313:3481:1:2382:284.32
2 148 11:5028773:4852:1:2739:204.0
2 148 11 6:3788651:3218:1:2928:307.55
2 148 6:3670049:3984:1:2382:248.43
2 218:4232299:6989:1:1263:141.63
2 218 11:4514930:5157:1:1981:191.94
2 218 11 6:3511352:3450:1:2091:286.87
2 218 6:3491831:4589:1:1826:215.69
2 3:14552808:16844:1:736:58.77
2 3 1:3370314:3512:1:2543:281.81
2 3 11:7832220:6950:1:1492:142.43
2 3 11 6:7101349:5535:1:1578:178.83
2 3 6:10165198:9940:1:1043:99.59
2 1:6936592:10480:1:871:94.46
2 1 11:5792540:6245:1:1615:158.5
2 1 11 6:4730140:4427:1:1817:223.58
2 1 6:5266777:6481:1:1484:152.73
2 11:16140915:19600:1:540:50.51
2 11 6:14826253:15155:1:679:65.32
2 6:18199230:25573:1:392:38.71
364 11 6:3196360:5956:1:1762:166.19
987 148:3651064:13316:1:751:74.34
987 148 218:3036517:9252:1:1273:106.99
987 148 218 11:4428698:7435:1:1628:133.14
987 148 218 11 6:3803113:5158:1:1753:191.9
987 148 218 6:3091807:6376:1:1457:155.25
987 148 1 11:3262237:5026:1:1772:196.94
987 148 11:5727500:10543:1:1132:93.89
987 148 11 6:5378421:7795:1:1416:126.99
987 148 6:4199639:9703:1:1040:102.02
987 218 11:3000827:7942:1:1229:124.64
987 11:3983438:12269:1:696:80.68
987 11 6:4352682:9182:1:1195:107.81
446:12833360:23270:1:431:42.54
446 64:3276282:3491:1:2630:283.51
446 64 11:3161673:2602:1:2828:380.33
446 27:4017350:3643:1:3389:271.68
446 27 11:3284885:2472:1:3389:400.32
446 7:4804590:4366:1:2170:226.7
446 7 11:4297205:3149:1:2486:314.29
446 7 6:3096751:2534:1:2936:390.53
446 148:4494108:5771:1:1246:171.52
446 148 218:4333133:5210:1:1918:189.98
446 148 218 11:4762722:4335:1:2108:228.32
446 148 218 11 6:3550868:2863:1:2638:345.67
446 148 218 6:3335418:3380:1:2394:292.81
446 148 11:4891943:4676:1:1733:211.67
446 148 11 6:3736444:3141:1:2442:315.09
446 148 6:3507629:3753:1:2045:263.72
446 218:3875266:6371:1:1345:155.37
446 218 11:4351699:4960:1:1733:199.56
446 218 11 6:3433383:3350:1:2200:295.43
446 218 6:3297579:4302:1:1663:230.07
446 3:7016242:8206:1:946:120.63
446 3 11:5087330:4600:1:1716:215.17
446 3 11 6:4810842:3798:1:3114:260.6
446 3 6:5778032:5690:1:1600:173.96
446 1:5249720:7912:1:1271:125.11
446 1 11:5290235:5656:1:1479:175.0
446 1 11 6:4355160:4032:1:2337:245.48
446 1 6:4363352:5315:1:1516:186.23
446 11:11613145:14101:1:686:70.2
446 11 6:10923748:11174:1:801:88.59
446 6:11438644:16061:1:618:61.64
155:5722245:11494:1:954:86.12
155 90:3553389:3606:1:2314:274.47
155 90 148:3054535:2550:1:3303:388.08
155 90 148 218:3081901:2458:1:3303:402.6
155 90 11:3541657:2857:1:2573:346.4
155 148:4604474:6443:1:2563:153.63
155 148 218:4771175:6195:1:2563:159.78
155 148 218 1:3249423:3677:1:2612:269.17
155 148 218 1 11:3438027:3014:1:2908:328.36
155 148 218 11:5282309:5124:1:2563:193.17
155 148 218 11 6:3647580:3194:1:2877:309.86
155 148 218 6:3381866:3756:1:2877:263.51
155 148 1:3175324:3835:1:2612:258.08
155 148 1 11:3349246:3088:1:2908:320.49
155 148 11:5116691:5247:1:2563:188.64
155 148 11 6:3567739:3281:1:2877:301.65
155 148 6:3289405:3889:1:2877:254.5
155 218:3734438:6762:1:1233:146.39
155 218 11:4404899:5415:1:1447:182.79
155 218 11 6:3130720:3379:1:2877:292.9
155 1:3690385:6090:1:1637:162.54
155 1 11:4140923:4778:1:1637:207.16
155 1 11 6:3012472:3082:1:2472:321.12
155 11:6690698:8800:1:1119:112.49
155 11 6:5286897:6027:1:1183:164.23
155 6:4843200:7636:1:1064:129.63
25 148 218 11:3916557:6082:1:1381:162.75
25 148 218 11 6:3228709:4107:1:2446:240.99
25 148 11:3653672:6207:1:1381:159.47
25 148 11 6:3072619:4197:1:2446:235.83
25 11:3448425:9312:1:885:106.3
25 11 6:3552237:6823:1:1260:145.08
438:4157240:18910:1:530:52.35
438 90 11:3144756:3217:1:2517:307.65
438 27:3398940:4359:1:1749:227.06
438 27 7:3720798:2826:1:3227:350.2
438 27 7 11:3095164:2015:1:3742:491.07
438 27 11:3303832:3250:1:2687:304.52
438 7:3465976:4551:1:2572:217.49
438 7 11:3632977:3548:1:2922:278.95
438 148 218 11:3645803:4814:1:1900:205.61
438 148 11:3662487:5213:1:1546:189.87
438 3:3143110:6076:1:1571:162.91
438 3 11:3783590:4844:1:1794:204.33
438 3 11 6:3845741:4066:1:1997:243.42
438 3 6:3340873:4867:1:1997:203.37
438 1 11:3950309:6661:1:1195:148.6
438 1 11 6:3494772:4754:1:1905:208.2
438 11:7502158:15382:1:606:64.36
438 11 6:7774926:12145:1:982:81.51
438 6:5481523:14418:1:732:68.66
303 148 218 11:3843386:6461:1:1432:153.2
303 148 218 11 6:3218440:4370:1:2048:226.49
303 148 11:3790917:7015:1:1363:141.11
303 148 11 6:3291538:4811:1:1997:205.74
303 11:4795090:14770:1:610:67.02
303 11 6:5341556:11233:1:788:88.13
303 6:3161363:14804:1:651:66.87
83:7095512:32212:1:386:30.73
83 27:9917190:12872:1:847:76.91
83 27 7:13398528:10293:1:847:96.17
83 27 7 148:3964474:2593:1:3498:381.65
83 27 7 148 218:3293424:2148:1:3498:460.68
83 27 7 218:3303896:2522:1:3372:392.39
83 27 7 3:5458172:3400:1:2416:291.09
83 27 7 1:4648554:3355:1:2430:294.99
83 27 7 1 11:3392510:2132:1:3685:464.14
83 27 7 11:9565935:6277:1:1509:157.69
83 27 7 11 6:4448703:2943:1:2929:336.28
83 27 7 6:6940850:5177:1:1492:191.19
83 27 148:3250948:3285:1:2296:301.28
83 27 3:4446600:4163:1:1724:237.75
83 27 3 11:3166849:2476:1:3428:399.68
83 27 1:3592564:4199:1:2418:235.71
83 27 11:7775046:7853:1:1226:126.05
83 27 11 6:4234614:3962:1:1906:249.81
83 27 6:5822395:6696:1:1150:147.83
83 7:11573736:15271:1:691:64.82
83 7 148:3654476:3717:1:2339:266.27
83 7 148 218:3231036:3161:1:2446:313.09
83 7 148 218 11:3190548:2448:1:3165:404.25
83 7 148 11:3365869:2692:1:3142:367.62
83 7 218:3028538:3767:1:2446:262.74
83 7 218 11:3092657:2846:1:3165:347.74
83 7 3:5423082:5138:1:1698:192.64
83 7 3 11:4297498:3263:1:2538:303.31
83 7 3 6:3701342:3177:1:2639:311.52
83 7 1:4250432:4933:1:1969:200.65
83 7 1 11:3838544:3417:1:2664:289.64
83 7 11:10319629:10044:1:948:98.56
83 7 11 6:5985237:5490:1:1769:180.3
83 7 6:7583093:8789:1:1151:112.63
83 148:3217320:7302:1:1691:135.56
83 148 218:3140820:6337:1:1691:156.2
83 148 218 11:3868470:5086:1:1691:194.61
83 148 11:3952844:5606:1:1691:176.57
83 218 11:3262750:6024:1:1400:164.32
83 3:5709696:10947:1:868:90.43
83 3 11:5373745:6856:1:1146:144.38
83 3 11 6:4692675:5021:1:1686:197.13
83 3 6:5206390:7626:1:1281:129.8
83 1:3360848:10218:1:911:96.88
83 1 11:4314977:7260:1:1126:136.35
83 1 11 6:3128316:4322:1:2512:229.01
83 11:10310241:21081:1:625:46.96
83 11 6:9407046:14774:1:625:67.01
83 6:8175887:21580:1:518:45.87
56:4329315:15752:1:575:62.85
56 90:3161771:4110:1:1928:240.82
56 90 11:3351230:3260:1:2448:303.59
56 27 7:3147200:2290:1:3279:432.13
56 7:3098435:3765:1:2048:262.88
56 7 11:3026715:2800:1:3124:353.45
56 148:3054196:6185:1:1450:160.04
56 148 218:3150945:5729:1:1450:172.78
56 148 218 11:3929549:4852:1:1555:204.0
56 148 11:3882955:5155:1:1450:192.01
56 218 11:3134839:5317:1:1450:186.16
56 1 11:3908890:6040:1:1287:163.88
56 1 11 6:3339346:4237:1:1622:233.6
56 11:6620680:12263:1:809:80.72
56 11 6:6447827:9343:1:1511:105.95
56 6:4994529:11500:1:1047:86.08
135:9039519:18313:1:508:54.06
135 90:3664638:3706:1:2393:267.06
135 90 11:3656282:2931:1:2931:337.65
135 64:3229391:3643:1:2157:271.68
135 64 11:3329264:2910:1:2835:340.09
135 27:4407750:4202:1:2563:235.55
135 27 7:4280461:2699:1:3643:366.67
135 27 11:3860164:3011:1:3047:328.69
135 7:4514155:4374:1:2284:226.29
135 7 11:4273639:3295:1:2365:300.36
135 148:4920029:6880:1:1710:143.87
135 148 218:4903773:6370:1:1710:155.39
135 148 218 1:3298576:3731:1:2364:265.27
135 148 218 1 11:3598121:3137:1:2570:315.49
135 148 218 11:5534224:5351:1:1743:184.98
135 148 218 11 6:3729188:3209:1:2513:308.41
135 148 218 6:3426078:3734:1:2451:265.06
135 148 1:3338016:4025:1:2364:245.9
135 148 1 11:3608646:3303:1:2570:299.64
135 148 11:5559990:5671:1:1743:174.54
135 148 11 6:3806531:3428:1:2257:288.71
135 148 6:3470732:4017:1:1852:246.39
135 218:4003099:7295:1:1710:135.69
135 218 1 11:3143229:3388:1:2570:292.12
135 218 11:4814481:5913:1:1743:167.4
135 218 11 6:3427228:3616:1:2451:273.71
135 218 6:3123819:4450:1:2056:222.42
135 3:4313682:5524:1:1869:179.19
135 3 11:4388628:4199:1:2411:235.71
135 3 11 6:3864384:3224:1:3630:306.98
135 3 6:3864021:4087:1:1869:242.17
135 1:5068293:8390:1:1147:117.98
135 1 11:5858354:6747:1:1147:146.71
135 1 11 6:4461658:4455:1:1789:222.17
135 1 6:4115669:5432:1:1789:182.22
135 11:10920819:14342:1:662:69.02
135 11 6:9466358:10430:1:969:94.91
135 6:8460954:12960:1:648:76.38
77:4793334:43454:1:241:22.78
77 64:3156413:6386:1:1247:155.0
77 64 11:3787137:4970:1:1823:199.16
77 27:4479824:6816:1:1336:145.23
77 27 7:5346062:4442:1:1974:222.82
77 27 7 11:4430472:3105:1:2697:318.74
77 27 11:4322112:4829:1:1489:204.97
77 7:5344476:8196:1:993:120.78
77 7 11:5631570:6120:1:1426:161.74
77 7 11 6:3718636:3655:1:2379:270.79
77 7 6:3755982:4838:1:1480:204.59
77 148:3397678:10354:1:1029:95.61
77 148 218:3519057:9180:1:1029:107.83
77 148 218 1 11:3036711:4002:1:2145:247.32
77 148 218 11:5028179:7714:1:1216:128.32
77 148 218 11 6:4073583:5143:1:2330:192.46
77 148 218 6:3269009:6058:1:1801:163.39
77 148 1 11:3059741:4344:1:1829:227.85
77 148 11:5091736:8523:1:1216:116.14
77 148 11 6:4267436:5773:1:2330:171.46
77 148 6:3335932:6876:1:1448:143.96
77 218 11:3867706:8921:1:1216:110.96
77 218 11 6:3500698:6060:1:1573:163.34
77 3:6402240:15388:1:650:64.33
77 3 11:6569094:9660:1:1053:102.47
77 3 11 6:6722496:8025:1:1520:123.35
77 3 6:6547483:11298:1:794:87.62
77 1:3040278:13821:1:872:71.63
77 1 11:5086522:10361:1:921:95.54
77 1 11 6:4651295:7364:1:1414:134.42
77 1 6:3562958:9431:1:1205:104.96
77 11:11038597:28879:1:395:34.28
77 11 6:12335057:23025:1:464:42.99
77 6:8550786:31368:1:381:31.56
90:10921995:22062:1:417:44.87
90 64:3436802:3927:1:2075:252.04
90 64 11:3653767:3201:1:2592:309.18
90 27:5078864:4872:1:1767:203.16
90 27 7:4898536:3108:1:2678:318.43
90 27 7 11:3948881:2205:1:3823:448.78
90 27 148:3294683:2591:1:2923:381.95
90 27 148 218:3049030:2333:1:2923:424.17
90 27 11:4613951:3601:1:1953:274.85
90 7:5283058:5098:1:2098:194.16
90 7 148:3394475:2697:1:2344:366.94
90 7 148 218:3179846:2455:1:2670:403.1
90 7 1:3142384:2741:1:2804:361.05
90 7 11:5068194:3924:1:2098:252.23
90 148:6859684:9616:1:890:102.94
90 148 218:6927729:9031:1:890:109.61
90 148 218 1:4709235:5365:1:1827:184.5
90 148 218 1 11:5154256:4531:1:1992:218.45
90 148 218 11:7849561:7632:1:1011:129.7
90 148 218 11 6:3929331:3819:1:3337:259.16
90 148 218 6:3423752:4373:1:2949:226.34
90 148 1:4688290:5693:1:1452:173.87
90 148 1 11:5107453:4719:1:1992:209.75
90 148 11:7794568:7999:1:1011:123.75
90 148 11 6:4071323:4118:1:3337:240.35
90 148 6:3520788:4746:1:2949:208.55
90 218:5484804:10033:1:886:98.66
90 218 1:3862268:5873:1:1784:168.54
90 218 1 11:4442573:4839:1:1992:204.55
90 218 11:6668829:8243:1:1011:120.09
90 218 11 6:3375889:4152:1:3047:238.38
90 3:4923936:6327:1:1470:156.45
90 3 11:5092127:4908:1:1619:201.67
90 3 11 6:4485723:3784:1:2933:261.56
90 3 6:4342779:4655:1:1953:212.63
90 1:6512065:10759:1:784:92.01
90 1 11:7583435:8725:1:997:113.45
90 1 11 6:5316629:5534:1:1992:178.86
90 1 6:4701023:6635:1:1260:149.19
90 11:13251662:17393:1:583:56.92
90 11 6:10534134:12114:1:1002:81.72
90 6:9039432:14792:1:701:66.92
64:18613434:48262:1:197:20.51
64 27:6453999:6918:1:1403:143.08
64 27 7:6588647:4458:1:1881:222.02
64 27 7 148:3149954:1838:1:3832:538.34
64 27 7 11:5016236:2969:1:2361:333.33
64 27 7 6:3248847:2121:1:3825:466.54
64 27 148:3028421:2609:1:3832:379.31
64 27 11:5415731:4658:1:1586:212.49
64 27 11 6:3161303:2522:1:3400:392.39
64 27 6:3838682:3677:1:2750:269.17
64 7:7589614:8140:1:1230:121.61
64 7 148:3559790:3086:1:2252:320.7
64 7 148 218:3246250:2714:1:3170:364.64
64 7 148 218 11:3151942:2149:1:3521:460.47
64 7 148 11:3264128:2315:1:3521:427.46
64 7 218:3078190:3143:1:3170:314.89
64 7 218 11:3039503:2428:1:3436:407.58
64 7 3:3048702:2493:1:3226:396.95
64 7 1:3566718:3429:1:2916:288.63
64 7 1 11:3281034:2529:1:3782:391.31
64 7 11:6859734:5736:1:1438:172.56
64 7 11 6:4238934:3302:1:2570:299.73
64 7 6:4893854:4661:1:1771:212.36
64 148:6474576:10683:1:843:92.66
64 148 218:6312219:9563:1:1134:103.51
64 148 218 1:3718425:4844:1:1898:204.33
64 148 218 1 11:4199244:4069:1:2626:243.24
64 148 218 11:7309782:7888:1:1206:125.49
64 148 218 11 6:4800936:4704:1:1735:210.41
64 148 218 6:4457385:5714:1:1508:173.23
64 148 1:3796494:5325:1:1823:185.88
64 148 1 11:4265634:4361:1:2626:226.96
64 148 11:7496592:8581:1:933:115.36
64 148 11 6:5132511:5262:1:1254:188.11
64 148 6:4729047:6462:1:1254:153.18
64 218:5172531:11724:1:893:84.44
64 218 1:3067603:5592:1:1812:177.01
64 218 1 11:3678674:4516:1:2135:219.17
64 218 11:6441268:9089:1:893:108.91
64 218 11 6:4623369:5649:1:1448:175.22
64 218 6:4267296:7404:1:1164:133.69
64 3:11867868:17137:1:639:57.77
64 3 1:3710674:4726:1:2426:209.44
64 3 1 11:3286872:3140:1:2846:315.19
64 3 1 6:3083531:3241:1:2846:305.37
64 3 11:9120840:9568:1:914:103.46
64 3 11 6:8786002:7880:1:1253:125.62
64 3 6:10150912:11865:1:880:83.43
64 1:7479223:15072:1:609:65.68
64 1 11:8159855:10636:1:923:93.07
64 1 11 6:6369481:7150:1:1742:138.44
64 1 6:6222036:9700:1:1277:102.05
64 11:19055106:28994:1:407:34.14
64 11 6:18288283:22711:1:658:43.59
64 6:17967856:33087:1:276:29.92
27:39711930:72134:1:198:13.72
27 7:41947760:38581:1:280:25.66
27 7 148:10517116:8001:1:984:123.72
27 7 148 218:8885478:6687:1:1550:148.03
27 7 148 218 1:3932333:2892:1:3893:342.21
27 7 148 218 1 11:3571568:2206:1:3893:448.57
27 7 148 218 11:8024604:5045:1:1669:196.2
27 7 148 218 11 6:3446114:2188:1:3313:452.26
27 7 148 218 6:4034728:2939:1:2648:336.74
27 7 148 1:4766284:3487:1:3237:283.83
27 7 148 1 11:3792607:2414:1:3893:409.94
27 7 148 11:8521111:5548:1:1328:178.41
27 7 148 11 6:3748172:2448:1:3313:404.25
27 7 148 6:4722584:3493:1:2588:283.34
27 7 218:8965392:8098:1:1181:122.24
27 7 218 1:3742527:3281:1:2572:301.65
27 7 218 1 11:3422771:2443:1:3178:405.07
27 7 218 11:8092259:5906:1:1633:167.6
27 7 218 11 6:3567393:2622:1:2746:377.43
27 7 218 6:4346018:3739:1:2198:264.71
27 7 3:19209572:13730:1:682:72.1
27 7 3 1:5521380:3694:1:2388:267.93
27 7 3 1 11:3869755:2281:1:3690:433.83
27 7 3 11:12833054:7933:1:1212:124.78
27 7 3 11 6:8158848:4849:1:1852:204.12
27 7 3 6:12369067:8272:1:1299:119.67
27 7 1:12928036:11014:1:935:89.88
27 7 1 11:9984990:7141:1:1620:138.62
27 7 1 11 6:5295844:3682:1:2158:268.8
27 7 1 6:7177549:5734:1:1467:172.62
27 7 11:30752980:23330:1:420:42.43
27 7 11 6:18174456:13279:1:701:74.55
27 7 6:26023773:22129:1:418:44.74
27 148:9235928:11964:1:853:82.74
27 148 218:8237866:10145:1:959:97.58
27 148 218 1:3552110:4262:1:2762:232.23
27 148 218 1 11:3613428:3339:1:2815:296.41
27 148 218 11:8327137:7844:1:1014:126.2
27 148 218 11 6:4297289:3840:1:2193:257.75
27 148 218 6:4475022:4952:1:1885:199.88
27 148 1:4072594:5023:1:2762:197.05
27 148 1 11:3766137:3640:1:2815:271.9
27 148 11:8667071:8612:1:1014:114.94
27 148 11 6:4620124:4302:1:1906:230.07
27 148 6:5026549:5810:1:1885:170.37
27 218:7459533:12651:1:795:78.25
27 218 1 11:3207376:3718:1:2178:266.2
27 218 11:7750481:9228:1:959:107.27
27 218 11 6:4146158:4612:1:1580:214.61
27 218 6:4442569:6454:1:1301:153.37
27 3:22937712:26544:1:377:37.3
27 3 1:6069108:6330:1:1540:156.37
27 3 1 11:4362507:3684:1:3133:268.66
27 3 1 6:4106371:3730:1:1953:265.34
27 3 11:14630823:13308:1:681:74.39
27 3 11 6:11163653:9078:1:1001:109.04
27 3 6:16081322:15960:1:566:62.03
27 1:11814454:18536:1:521:53.41
27 1 11:9930751:11389:1:993:86.92
27 1 11 6:6690722:6772:1:1413:146.17
27 1 6:8004860:10377:1:818:95.39
27 11:30483795:38400:1:309:25.78
27 11 6:22325826:24563:1:592:40.3
27 6:28715952:41919:1:261:23.62
7:45316820:83574:1:132:11.85
7 148:10898154:14282:1:678:69.31
7 148 218:9882805:12240:1:852:80.88
7 148 218 1:5075892:5549:1:1386:178.38
7 148 218 1 11:5318705:4486:1:2330:220.64
7 148 218 11:10549767:9733:1:865:101.71
7 148 218 11 6:6481502:5502:1:1536:179.9
7 148 218 6:6434491:6899:1:1322:143.48
7 148 1:5557012:6371:1:1141:155.37
7 148 1 11:5515383:4881:1:2330:202.79
7 148 1 6:3075620:3178:1:2410:311.42
7 148 11:11083103:10770:1:790:91.91
7 148 11 6:6958498:6181:1:1181:160.14
7 148 6:7068358:8000:1:1073:123.73
7 218:9109798:15507:1:769:63.84
7 218 1:4543925:6510:1:1195:152.05
7 218 1 11:4915331:5077:1:1436:194.96
7 218 11:10049021:11632:1:865:85.1
7 218 11 6:6489277:6740:1:1536:146.86
7 218 6:6536271:9097:1:982:108.82
7 3:26628908:31111:1:319:31.82
7 3 1:7111666:7453:1:1114:132.81
7 3 1 11:5611980:4655:1:1811:212.63
7 3 1 11 6:3930856:3005:1:2371:329.34
7 3 1 6:4934226:4564:1:1915:216.87
7 3 11:19070346:17058:1:548:58.03
7 3 11 6:14917130:12056:1:925:82.11
7 3 6:19760523:19866:1:527:49.83
7 1:14348214:22013:1:461:44.97
7 1 11:13292193:14481:1:666:68.36
7 1 11 6:8927360:8840:1:1075:111.98
7 1 6:10088712:13015:1:778:76.06
7 11:39187810:48266:1:236:20.51
7 11 6:30433075:32830:1:321:30.15
7 6:35612574:52368:1:190:18.9
148:15389848:69922:1:187:14.16
148 218:15990946:58151:1:207:17.02
148 218 3:3932776:9073:1:977:109.1
148 218 3 11:5111813:7279:1:1083:135.99
148 218 3 11 6:4817630:5657:1:1614:174.97
148 218 3 6:4100761:6921:1:1145:143.02
148 218 1:9184108:23881:1:415:41.45
148 218 1 11:12840927:19716:1:434:50.21
148 218 1 11 6:10838177:13752:1:596:71.98
148 218 1 6:8843758:16448:1:549:60.19
148 218 11:25375597:46632:1:207:21.23
148 218 11 6:25094137:36171:1:301:27.37
148 218 6:19177500:44204:1:253:22.4
148 3:6201366:14095:1:608:70.23
148 3 1 11:3045703:3883:1:1676:254.89
148 3 11:6613994:9590:1:1030:103.22
148 3 11 6:6379566:7568:1:1351:130.8
148 3 6:5940883:10037:1:952:98.63
148 1:8905116:27012:1:356:36.65
148 1 11:12807232:21470:1:423:46.11
148 1 11 6:11141064:15161:1:596:65.29
148 1 6:8942929:18496:1:549:53.52
148 11:25520369:52127:1:204:18.99
148 11 6:26074304:40714:1:278:24.32
148 6:19574136:51560:1:204:19.2
218:4828849:87813:1:113:11.27
218 3 11:4420079:9154:1:1025:108.14
218 3 11 6:4560623:7175:1:1228:137.96
218 3 6:3799590:10146:1:979:97.57
218 1:5019291:30544:1:356:32.41
218 1 11:9822761:22753:1:412:43.51
218 1 11 6:9255217:16166:1:558:61.24
218 1 6:6779405:21111:1:539:46.89
218 11:18779616:57800:1:187:17.13
218 11 6:21574617:45208:1:234:21.9
218 6:13669744:63306:1:196:15.64
3:134344722:416169:1:26:2.38
3 1:31287162:73393:1:146:13.49
3 1 11:20354142:29764:1:342:33.26
3 1 11 6:20052159:23865:1:405:41.48
3 1 6:25204026:42990:1:247:23.03
3 11:77333196:131945:1:81:7.5
3 11 6:79499328:106567:1:125:9.29
3 6:108624162:224427:1:53:4.41
1:21545796:196219:1:58:5.05
1 11:33086343:86753:1:156:11.41
1 11 6:36504627:68277:1:156:14.5
1 6:31471673:115688:1:91:8.56
11:96519270:353479:1:29:2.8
11 6:123083570:284445:1:38:3.48
6:92839860:566374:1:16:1.75
