42 2 120 24 38 36 97:4078016:1694:1:3906:4.97
42 2 120 24 38 36 97 94:4266416:1694:1:3906:4.97
42 2 120 24 36 97 94:4193527:1742:1:3906:4.83
23 57 31 104 71 67 41:4131474:1832:1:2393:4.59
23 57 31 104 71 67 41 38:4094683:1759:1:2393:4.78
23 57 31 104 71 67 41 38 36:4296889:1561:1:2393:5.39
23 57 31 104 71 67 41 38 36 94:4466159:1561:1:2393:5.39
23 57 31 104 71 67 41 38 94:4286485:1759:1:2393:4.78
23 57 31 104 71 67 41 36:4206909:1585:1:2393:5.31
23 57 31 104 71 67 41 36 94:4378279:1585:1:2393:5.31
23 57 31 104 71 67 41 94:4330730:1832:1:2393:4.59
23 57 31 104 71 41 38 36 94:4053464:1561:1:2393:5.39
23 57 104 56 71 67 41 38 36 97:4119896:1528:1:2700:5.5
23 57 104 56 71 67 41 38 36 97 94:4285930:1528:1:2700:5.5
23 57 104 56 71 67 41 38 97 94:4129761:1728:1:2700:4.87
23 57 104 56 71 67 41 36 97:4023383:1551:1:2700:5.42
23 57 104 56 71 67 41 36 97 94:4191493:1551:1:2700:5.42
23 57 104 56 71 67 41 97 94:4158110:1800:1:2700:4.67
23 57 104 56 71 41 38 36 97 94:4050749:1594:1:2692:5.28
23 57 104 71 67 41 38 36 97 94:4037653:1528:1:2700:5.5
23 31 104 71 67 41 38 36:4045057:1561:1:2393:5.39
23 31 104 71 67 41 38 36 94:4214327:1561:1:2393:5.39
23 31 104 71 67 41 36 94:4122322:1585:1:2393:5.31
23 31 104 71 67 41 94:4028678:1832:1:2393:4.59
23 31 1 71 67 41:4194019:1952:1:2177:4.31
23 31 1 71 67 41 38:4197952:1880:1:2177:4.47
23 31 1 71 67 41 38 36:4498265:1683:1:2178:5.0
23 31 1 71 67 41 38 36 94:4681911:1683:1:2178:5.0
23 31 1 71 67 41 38 94:4403966:1880:1:2177:4.47
23 31 1 71 67 41 36:4384900:1706:1:2178:4.93
23 31 1 71 67 41 36 94:4570622:1706:1:2178:4.93
23 31 1 71 67 41 94:4407463:1952:1:2177:4.31
23 31 1 71 41 38 36:4053370:1683:1:2178:5.0
23 31 1 71 41 38 36 94:4237016:1683:1:2178:5.0
23 31 1 71 41 36 94:4118002:1706:1:2178:4.93
23 31 1 67 41 38 36 94:4032542:1683:1:2178:5.0
23 31 71 67 41 38 36 94:4035881:1753:1:2178:4.8
23 104 56 71 67 41 38 36 97 94:4039657:1528:1:2700:5.5
23 104 71 67 41 38:4063142:2343:1:2393:3.59
23 104 71 67 41 38 36:4517221:2083:1:2393:4.04
23 104 71 67 41 38 36 97:4733368:1984:1:2700:4.24
23 104 71 67 41 38 36 97 94:4948050:1984:1:2700:4.24
23 104 71 67 41 38 36 94:4742457:2083:1:2393:4.04
23 104 71 67 41 38 97:4383664:2240:1:2700:3.76
23 104 71 67 41 38 97 94:4626332:2240:1:2700:3.76
23 104 71 67 41 38 94:4316904:2343:1:2393:3.59
23 104 71 67 41 36:4349184:2107:1:2393:3.99
23 104 71 67 41 36 97:4578418:2007:1:2700:4.19
23 104 71 67 41 36 97 94:4795176:2007:1:2700:4.19
23 104 71 67 41 36 94:4576520:2107:1:2393:3.99
23 104 71 67 41 97:4322003:2312:1:2700:3.64
23 104 71 67 41 97 94:4572101:2312:1:2700:3.64
23 104 71 67 41 94:4236060:2416:1:2393:3.48
23 104 71 67 38 36:4090010:2339:1:2393:3.6
23 104 71 67 38 36 97:4405333:2240:1:2700:3.76
23 104 71 67 38 36 97 94:4647449:2240:1:2700:3.76
23 104 71 67 38 36 94:4342680:2339:1:2393:3.6
23 104 71 67 38 97 94:4072245:2496:1:2700:3.37
23 104 71 67 36:4038864:2463:1:2121:3.42
23 104 71 67 36 97:4388626:2363:1:2344:3.56
23 104 71 67 36 97 94:4643922:2363:1:2344:3.56
23 104 71 67 36 94:4304738:2463:1:2121:3.42
23 104 71 67 97 94:4098062:2672:1:2344:3.15
23 104 71 41 38 36:4091047:2149:1:2393:3.91
23 104 71 41 38 36 97:4347283:2050:1:2692:4.1
23 104 71 41 38 36 97 94:4569639:2050:1:2692:4.1
23 104 71 41 38 36 94:4323957:2149:1:2393:3.91
23 104 71 41 38 97 94:4147714:2312:1:2692:3.64
23 104 71 41 36 97:4177034:2073:1:2692:4.06
23 104 71 41 36 97 94:4401466:2073:1:2692:4.06
23 104 71 41 36 94:4142336:2173:1:2393:3.87
23 104 71 41 97 94:4060755:2384:1:2692:3.53
23 104 71 38 36 97 94:4175593:2306:1:2692:3.65
23 104 71 36 97 94:4127612:2429:1:2344:3.46
23 104 67 41 38 36:4174826:2328:1:2393:3.61
23 104 67 41 38 36 97:4480734:2229:1:2696:3.77
23 104 67 41 38 36 97 94:4721636:2229:1:2696:3.77
23 104 67 41 38 36 94:4426282:2328:1:2393:3.61
23 104 67 41 38 97 94:4213718:2504:1:2696:3.36
23 104 67 41 36 97:4286485:2252:1:2696:3.74
23 104 67 41 36 97 94:4529463:2252:1:2696:3.74
23 104 67 41 36 94:4220724:2352:1:2393:3.58
23 104 67 41 97 94:4090824:2576:1:2696:3.27
23 104 67 38 36 97 94:4212247:2485:1:2696:3.39
23 104 67 36 97 94:4132664:2608:1:2344:3.23
23 104 41 38 36 97:4131430:2366:1:2688:3.56
23 104 41 38 36 97 94:4387374:2366:1:2688:3.56
23 104 41 38 36 94:4035199:2465:1:2393:3.41
23 104 41 36 97 94:4172396:2389:1:2688:3.52
23 1 71 67 41:4201801:2464:1:2129:3.41
23 1 71 67 41 38:4308570:2392:1:2129:3.52
23 1 71 67 41 38 36:4796784:2139:1:2129:3.93
23 1 71 67 41 38 36 94:5029078:2139:1:2129:3.93
23 1 71 67 41 38 94:4568638:2392:1:2129:3.52
23 1 71 67 41 36:4617749:2162:1:2129:3.89
23 1 71 67 41 36 94:4852119:2162:1:2129:3.89
23 1 71 67 41 94:4469299:2464:1:2129:3.41
23 1 71 67 38 36 94:4115550:2139:1:2129:3.93
23 1 71 67 36 94:4083807:2254:1:2129:3.73
23 1 71 41 38 36:4229689:2139:1:2129:3.93
23 1 71 41 38 36 94:4461983:2139:1:2129:3.93
23 1 71 41 36:4042929:2162:1:2129:3.89
23 1 71 41 36 94:4277299:2162:1:2129:3.89
23 1 67 41 38 36:4305821:2316:1:2129:3.63
23 1 67 41 38 36 94:4557323:2316:1:2129:3.63
23 1 67 41 36:4095217:2339:1:2129:3.6
23 1 67 41 36 94:4348795:2339:1:2129:3.6
23 71 67 41 38 36:4017049:2275:1:2129:3.7
23 71 67 41 38 36 97 94:4142994:1984:1:2700:4.24
23 71 67 41 38 36 94:4264347:2275:1:2129:3.7
23 71 67 41 36 94:4062514:2299:1:2129:3.66
57 31 104 71 67 41 38 36:4128547:1561:1:2393:5.39
57 31 104 71 67 41 38 36 94:4297817:1561:1:2393:5.39
57 31 104 71 67 41 38 94:4095225:1759:1:2393:4.78
57 31 104 71 67 41 36:4036057:1585:1:2393:5.31
57 31 104 71 67 41 36 94:4207427:1585:1:2393:5.31
57 31 104 71 67 41 94:4130868:1832:1:2393:4.59
57 104 56 71 67 41 38 36 97 94:4121088:1528:1:2700:5.5
57 104 56 71 67 41 36 97 94:4024235:1551:1:2700:5.42
57 41 38 36 97:4261367:3029:1:2688:2.78
57 41 38 36 97 94:4592061:3029:1:2688:2.78
57 41 38 36 94:4079282:3144:1:2377:2.68
57 41 36 97 94:4289540:3052:1:2688:2.76
2 120 24 90 38 36 97:4071069:1790:1:3906:4.7
2 120 24 90 38 36 97 94:4268113:1790:1:3906:4.7
2 120 24 90 36 97 94:4161206:1829:1:3906:4.6
2 120 24 38 36:4310647:2342:1:3906:3.59
2 120 24 38 36 97:4822991:2342:1:3906:3.59
2 120 24 38 36 97 94:5081965:2342:1:3906:3.59
2 120 24 38 36 94:4569621:2342:1:3906:3.59
2 120 24 38 97 94:4211545:2456:1:3906:3.43
2 120 24 36:4131444:2390:1:3906:3.52
2 120 24 36 97:4654272:2390:1:3906:3.52
2 120 24 36 97 94:4918378:2390:1:3906:3.52
2 120 24 36 94:4395550:2390:1:3906:3.52
2 120 24 97 94:4010893:2504:1:3906:3.36
2 120 38 36 97:4086364:2605:1:2754:3.23
2 120 38 36 97 94:4373420:2605:1:2754:3.23
2 120 36 97 94:4159509:2653:1:2754:3.17
2 24 90 38 36 97:4287686:2317:1:3906:3.63
2 24 90 38 36 97 94:4543350:2317:1:3906:3.63
2 24 90 38 36 94:4069507:2335:1:3906:3.6
2 24 90 36 97:4177712:2399:1:3906:3.51
2 24 90 36 97 94:4434549:2394:1:3906:3.51
2 24 38 36:4328850:3062:1:3905:2.75
2 24 38 36 97:4962886:3038:1:3905:2.77
2 24 38 36 97 94:5299268:3038:1:3905:2.77
2 24 38 36 94:4667856:3062:1:3905:2.75
2 24 38 97 94:4010329:3152:1:3905:2.67
2 24 36:4122108:3166:1:3905:2.66
2 24 36 97:4782196:3142:1:3905:2.68
2 24 36 97 94:5116847:3134:1:3905:2.68
2 24 36 94:4461503:3158:1:3905:2.66
2 90 38 36 97 94:4000043:2718:1:2754:3.1
2 38 36 97:4074211:3565:1:2753:2.36
2 38 36 97 94:4467399:3565:1:2753:2.36
2 36 97 94:4188294:3669:1:2753:2.29
31 104 1 71 67:4301877:2120:1:3985:3.97
31 104 1 71 67 41:5006139:2024:1:3985:4.16
31 104 1 71 67 41 36:4524636:1579:1:3985:5.33
31 104 1 71 67 41 36 94:4695182:1579:1:3985:5.33
31 104 1 71 67 41 94:4737563:1832:1:3985:4.59
31 104 1 71 67 36:4059364:1665:1:3985:5.05
31 104 1 71 67 36 94:4238278:1665:1:3985:5.05
31 104 1 71 67 94:4128821:1928:1:3985:4.36
31 104 1 71 41:4606248:2096:1:3985:4.01
31 104 1 71 41 36:4283913:1647:1:3985:5.11
31 104 1 71 41 36 94:4461845:1647:1:3985:5.11
31 104 1 71 41 94:4402384:1904:1:3985:4.42
31 104 1 67 41:4370969:2096:1:3985:4.01
31 104 1 67 41 36:4070639:1641:1:3985:5.13
31 104 1 67 41 36 94:4248131:1641:1:3985:5.13
31 104 1 67 41 94:4179675:1904:1:3985:4.42
31 104 1 41:4072080:2256:1:3985:3.73
31 104 1 41 36 94:4169853:1796:1:3985:4.68
31 104 71 67 41:4151752:2096:1:2177:4.01
31 104 71 67 41 38 36 94:4045985:1561:1:2393:5.39
31 104 71 67 41 36 94:4117751:1650:1:2178:5.1
31 1 88 41 36:4187336:1895:1:1977:4.44
31 1 88 41 36 94:4390342:1895:1:1977:4.44
31 1 79 41 36 94:4195641:1901:1:1993:4.42
31 1 71 67:4120079:2586:1:1897:3.25
31 1 71 67 41:5038945:2472:1:1969:3.4
31 1 71 67 41 38:4384237:2067:1:2177:4.07
31 1 71 67 41 38 36:4317323:1683:1:2178:5.0
31 1 71 67 41 38 36 94:4500969:1683:1:2178:5.0
31 1 71 67 41 38 94:4200290:1880:1:2177:4.47
31 1 71 67 41 36:4981323:2017:1:1969:4.17
31 1 71 67 41 36 94:5201257:2017:1:1969:4.17
31 1 71 67 41 94:4906371:2280:1:1969:3.69
31 1 71 67 36:4322175:2121:1:1897:3.97
31 1 71 67 36 97:4131721:1835:1:2547:4.58
31 1 71 67 36 97 94:4329963:1835:1:2547:4.58
31 1 71 67 36 94:4552233:2121:1:1897:3.97
31 1 71 67 97:4155751:2290:1:2356:3.67
31 1 71 67 97 94:4045407:2098:1:2547:4.01
31 1 71 67 94:4084781:2394:1:1897:3.51
31 1 71 41:4932929:2800:1:1969:3.0
31 1 71 41 90 36:4080788:1684:1:1970:4.99
31 1 71 41 90 36 94:4261196:1684:1:1970:4.99
31 1 71 41 38 36 94:4056074:1683:1:2178:5.0
31 1 71 41 36:5158379:2339:1:1969:3.6
31 1 71 41 36 94:5412613:2339:1:1969:3.6
31 1 71 41 94:4892367:2608:1:1969:3.23
31 1 71 36:4365781:2461:1:1897:3.42
31 1 71 36 97:4187574:2107:1:2545:3.99
31 1 71 36 97 94:4414662:2107:1:2545:3.99
31 1 71 36 94:4632071:2461:1:1897:3.42
31 1 67 41:4611028:2800:1:1969:3.0
31 1 67 41 90 36 94:4010726:1672:1:1970:5.03
31 1 67 41 36:4854762:2330:1:1969:3.61
31 1 67 41 36 94:5109434:2330:1:1969:3.61
31 1 67 41 94:4583856:2608:1:1969:3.23
31 1 67 36:4132788:2500:1:1825:3.37
31 1 67 36 97:4027720:2152:1:2546:3.91
31 1 67 36 97 94:4261338:2152:1:2546:3.91
31 1 67 36 94:4405168:2500:1:1825:3.37
31 1 41:4744921:3472:1:1969:2.42
31 1 41 90:4072175:2470:1:1970:3.41
31 1 41 90 36:4482517:2201:1:1970:3.82
31 1 41 90 36 94:4719205:2201:1:1970:3.82
31 1 41 36:5440795:2993:1:1969:2.81
31 1 41 36 94:5765903:2993:1:1969:2.81
31 1 41 94:4846371:3280:1:1969:2.57
31 1 90 36 94:4051637:2346:1:1825:3.59
31 1 36:4446153:3198:1:1825:2.63
31 1 36 97:4337887:2695:1:2544:3.12
31 1 36 97 94:4628501:2695:1:2544:3.12
31 1 36 94:4792705:3198:1:1825:2.63
31 71 67 41 36:4149896:2088:1:1825:4.03
31 71 67 41 36 94:4377540:2088:1:1825:4.03
31 71 41 36:4156983:2410:1:1825:3.49
31 71 41 36 94:4418927:2410:1:1825:3.49
31 67 41 36 94:4108197:2401:1:1825:3.5
31 41 36:4100266:3064:1:1825:2.75
31 41 36 94:4433084:3064:1:1825:2.75
104 1 71 67:4328812:2728:1:3985:3.08
104 1 71 67 41:5146945:2536:1:3985:3.32
104 1 71 67 41 36:4949831:2035:1:3985:4.13
104 1 71 67 41 36 94:5169025:2035:1:3985:4.13
104 1 71 67 41 94:5014583:2344:1:3985:3.59
104 1 71 67 36:4433961:2213:1:3985:3.8
104 1 71 67 36 94:4671655:2213:1:3985:3.8
104 1 71 67 94:4302504:2536:1:3985:3.32
104 1 71 41:4572080:2608:1:3985:3.23
104 1 71 41 36:4555524:2103:1:3985:4.0
104 1 71 41 36 94:4782104:2103:1:3985:4.0
104 1 71 41 94:4504430:2416:1:3985:3.48
104 1 71 36 94:4207201:2281:1:3985:3.69
104 1 67 41:4597811:2800:1:3985:3.0
104 1 67 41 36:4666288:2274:1:3985:3.7
104 1 67 41 36 94:4911636:2274:1:3985:3.7
104 1 67 41 94:4563841:2608:1:3985:3.23
104 1 67 36 94:4239884:2452:1:3985:3.43
104 1 41:4033925:2960:1:3985:2.84
104 1 41 36:4331866:2429:1:3985:3.46
104 1 41 36 94:4594390:2429:1:3985:3.46
104 1 41 94:4074649:2768:1:3985:3.04
104 71 67 41:4117664:2680:1:2089:3.14
104 71 67 41 38:4113646:2530:1:2393:3.33
104 71 67 41 38 36:4291547:2083:1:2393:4.04
104 71 67 41 38 36 97:4518264:1984:1:2700:4.24
104 71 67 41 38 36 97 94:4732946:1984:1:2700:4.24
104 71 67 41 38 36 94:4516783:2083:1:2393:4.04
104 71 67 41 38 97:4486406:2427:1:2509:3.47
104 71 67 41 38 97 94:4382100:2240:1:2700:3.76
104 71 67 41 38 94:4061358:2343:1:2393:3.59
104 71 67 41 36:4251299:2172:1:2089:3.87
104 71 67 41 36 97:4360898:2007:1:2700:4.19
104 71 67 41 36 97 94:4577656:2007:1:2700:4.19
104 71 67 41 36 94:4485521:2172:1:2089:3.87
104 71 67 41 97:4408385:2504:1:2509:3.36
104 71 67 41 97 94:4319361:2312:1:2700:3.64
104 71 67 41 94:4089498:2488:1:2089:3.38
104 71 67 38 36:4148813:2520:1:2393:3.34
104 71 67 38 36 97:4516798:2421:1:2700:3.47
104 71 67 38 36 97 94:4777890:2421:1:2700:3.47
104 71 67 38 36 94:4420459:2520:1:2393:3.34
104 71 67 38 97:4074955:2875:1:2509:2.93
104 71 67 38 97 94:4100679:2688:1:2700:3.13
104 71 67 36:4318917:2805:1:1817:3.0
104 71 67 36 97:4639144:2640:1:2344:3.19
104 71 67 36 97 94:4923822:2640:1:2344:3.19
104 71 67 36 94:4621059:2805:1:1817:3.0
104 71 67 97:4156293:3152:1:2153:2.67
104 71 67 97 94:4222843:2960:1:2344:2.84
104 71 41 38 36 97:4125043:2050:1:2692:4.1
104 71 41 38 36 97 94:4347399:2050:1:2692:4.1
104 71 41 38 36 94:4091147:2149:1:2393:3.91
104 71 41 36 97 94:4176810:2073:1:2692:4.06
104 71 41 36 94:4149341:2306:1:2089:3.65
104 71 38 36 97 94:4247743:2487:1:2692:3.38
104 71 36 97:4029239:2706:1:2344:3.11
104 71 36 97 94:4321591:2706:1:2344:3.11
104 71 36 94:4053886:2939:1:1817:2.86
104 67 41 38 36 97:4239386:2229:1:2696:3.77
104 67 41 38 36 97 94:4480288:2229:1:2696:3.77
104 67 41 38 36 94:4174364:2328:1:2393:3.61
104 67 41 36 97:4042721:2252:1:2696:3.74
104 67 41 36 97 94:4285699:2252:1:2696:3.74
104 67 41 36 94:4185227:2479:1:2089:3.39
104 67 38 36 97 94:4243889:2666:1:2696:3.16
104 67 36 97 94:4276994:2885:1:2344:2.92
104 41 38 36 97 94:4131178:2366:1:2688:3.56
120 24 38 36 97:4173342:2407:1:3010:3.5
120 24 38 36 97 94:4439292:2407:1:3010:3.5
120 24 36 97:4102903:2526:1:3010:3.33
120 24 36 97 94:4381549:2526:1:3010:3.33
120 38 36 97:4211035:3400:1:1026:2.47
120 38 36 97 94:4583527:3400:1:1026:2.47
120 36 97:4081497:3621:1:1026:2.32
120 36 97 94:4477879:3621:1:1026:2.32
1 88 79 41 36:4397929:2153:1:2003:3.91
1 88 79 41 36 94:4629889:2153:1:2003:3.91
1 88 79 36 94:4097438:2379:1:1828:3.54
1 88 67 41 36 94:4032521:1881:1:1977:4.47
1 88 41 36:4464950:2528:1:1977:3.33
1 88 41 36 94:4735812:2528:1:1977:3.33
1 79 41 36:4201600:2534:1:1993:3.32
1 79 41 36 94:4473948:2534:1:1993:3.32
1 71 67 41:4761071:2984:1:1969:2.82
1 71 67 41 90 36 94:4003330:1714:1:1970:4.91
1 71 67 41 38:4359679:2579:1:2129:3.26
1 71 67 41 38 36:4565580:2139:1:2129:3.93
1 71 67 41 38 36 94:4797874:2139:1:2129:3.93
1 71 67 41 38 94:4308554:2392:1:2129:3.52
1 71 67 41 36:5025110:2473:1:1969:3.4
1 71 67 41 36 94:5293692:2473:1:1969:3.4
1 71 67 41 94:4764711:2792:1:1969:3.01
1 71 67 38 36 94:4044996:2225:1:2129:3.78
1 71 67 36:4271540:2669:1:1897:3.15
1 71 67 36 97:4326286:2383:1:2547:3.53
1 71 67 36 97 94:4583308:2383:1:2547:3.53
1 71 67 36 94:4560378:2669:1:1897:3.15
1 71 67 97 94:4018790:2706:1:2547:3.11
1 71 41:4368649:3312:1:1969:2.54
1 71 41 90 36 94:4117658:1975:1:1970:4.26
1 71 41 38 36 94:4230779:2139:1:2129:3.93
1 71 41 36:4938078:2795:1:1969:3.01
1 71 41 36 94:5240960:2795:1:1969:3.01
1 71 41 94:4464301:3120:1:1969:2.7
1 71 36:4017799:3009:1:1897:2.8
1 71 36 97:4116176:2655:1:2545:3.17
1 71 36 97 94:4402044:2655:1:2545:3.17
1 71 36 94:4342869:3009:1:1897:2.8
1 67 41:4221182:3504:1:1969:2.4
1 67 41 90 36 94:4055785:2072:1:1970:4.06
1 67 41 38 36:4055693:2316:1:2129:3.63
1 67 41 38 36 94:4307195:2316:1:2129:3.63
1 67 41 36:4883419:2963:1:1969:2.84
1 67 41 36 94:5205947:2963:1:1969:2.84
1 67 41 94:4351334:3312:1:1969:2.54
1 67 36 97:4127021:2877:1:2546:2.92
1 67 36 97 94:4438627:2877:1:2546:2.92
1 67 36 94:4273981:3225:1:1825:2.61
1 41 90 36:4143827:2601:1:1970:3.23
1 41 90 36 94:4420939:2601:1:1970:3.23
1 41 36:5003516:3626:1:1969:2.32
1 41 36 94:5396480:3626:1:1969:2.32
1 41 94:4119908:3984:1:1969:2.11
1 36 97 94:4366699:3420:1:2544:2.46
1 36 94:4154779:3923:1:1825:2.14
88 79 67 36 97 94:4032286:2322:1:1297:3.62
88 79 41 36 94:4170650:2495:1:1828:3.37
88 79 36:4074632:3577:1:1297:2.35
88 79 36 97:4291260:3163:1:1297:2.66
88 79 36 97 94:4633424:3163:1:1297:2.66
88 79 36 94:4461488:3577:1:1297:2.35
88 71 36 97 94:4116072:2622:1:1345:3.21
88 67 36 97 94:4148559:2851:1:1297:2.95
88 90 36 97 94:4078496:2908:1:1297:2.89
88 36 97:4193886:3895:1:1297:2.16
88 36 97 94:4614206:3895:1:1297:2.16
88 36 94:4214461:4357:1:1297:1.93
79 36 97 94:4335738:4006:1:1297:2.1
56 71 36 97 94:4044145:3018:1:1537:2.79
56 36 97 94:4307055:4468:1:1537:1.88
24 41 36 97 94:4020447:2301:1:3024:3.66
24 90 36:4301064:3596:1:1730:2.34
24 90 36 97:4745717:3351:1:1730:2.51
24 90 36 97 94:5107380:3346:1:1730:2.51
24 90 36 94:4690423:3591:1:1730:2.34
24 38 36 97:4150297:3172:1:3009:2.65
24 38 36 97 94:4500559:3172:1:3009:2.65
24 36:4540563:4658:1:1729:1.81
24 36 97:5203023:4352:1:1729:1.93
24 36 97 94:5670520:4344:1:1729:1.94
24 36 94:5043812:4650:1:1729:1.81
71 67 41 38 36 94:4018569:2275:1:2129:3.7
71 67 41 36:4052332:2610:1:1825:3.22
71 67 41 36 97 94:4226359:2253:1:2700:3.73
71 67 41 36 94:4335942:2610:1:1825:3.22
71 67 38 36 97:4131294:2831:1:1361:2.97
71 67 38 36 97 94:4436954:2831:1:1361:2.97
71 67 38 36 94:4217261:3122:1:1361:2.69
71 67 36:4152613:3671:1:1345:2.29
71 67 36 97:4466284:3314:1:1345:2.54
71 67 36 97 94:4824612:3314:1:1345:2.54
71 67 36 94:4550467:3671:1:1345:2.29
71 41 36 97 94:4143292:2573:1:2692:3.27
71 41 36 94:4184950:2998:1:1825:2.81
71 90 36 97 94:4107836:2940:1:1345:2.86
71 38 36 97 94:4272926:3296:1:1361:2.55
71 36 97:4360457:4051:1:1345:2.08
71 36 97 94:4800081:4051:1:1345:2.08
71 36 94:4338051:4476:1:1345:1.88
67 41 36 97 94:4111693:2749:1:2696:3.06
67 41 36 94:4053592:3168:1:1825:2.66
67 38 36 97 94:4188041:3531:1:1313:2.38
67 36 97:4133876:4283:1:1297:1.96
67 36 97 94:4598258:4283:1:1297:1.96
67 36 94:4027261:4702:1:1297:1.79
41 90 36:4316487:3856:1:1769:2.18
41 90 36 97:4503453:3381:1:2688:2.49
41 90 36 97 94:4866221:3381:1:2688:2.49
41 90 36 94:4731111:3856:1:1769:2.18
41 38 36:4090241:3993:1:1769:2.11
41 38 36 97:4554618:3662:1:2688:2.3
41 38 36 97 94:4953168:3662:1:2688:2.3
41 38 36 94:4526025:3993:1:1769:2.11
41 36:4822778:5288:1:1769:1.59
41 36 97:5308537:4690:1:2688:1.79
41 36 97 94:5817541:4690:1:2688:1.79
41 36 94:5398054:5288:1:1769:1.59
90 38 36 97:4302311:4202:1:1026:2.0
90 38 36 97 94:4755695:4202:1:1026:2.0
90 38 36 94:4093804:4459:1:1026:1.89
90 36 97:4793870:5234:1:530:1.61
90 36 97 94:5354835:5229:1:584:1.61
90 36 94:4613921:5704:1:192:1.48
38 36 97:4704730:5794:1:1026:1.45
38 36 97 94:5338370:5794:1:1026:1.45
38 36 94:4301511:6125:1:1026:1.37
36 97:4966798:7097:1:528:1.19
36 97 94:5733589:7089:1:584:1.19
36 94:4533202:7687:1:192:1.09
