88 87 27 7:4404446:2519:1:2755:392.86
37 28 32 27:4047079:2747:1:2712:360.26
37 28 32 27 7:5262261:2606:1:2828:379.75
37 28 32 7:4676559:3167:1:2676:312.5
37 28 27 7:4118889:2607:1:2828:379.6
37 32 27:4081928:2876:1:2712:344.11
37 32 27 7:5363026:2729:1:2828:362.64
37 32 7:4706126:3313:1:2211:298.73
37 27 7:4396864:2878:1:2671:343.87
879 27 7:4761093:3019:1:2932:327.82
490:12801440:23225:1:443:42.62
490 3:9159404:10415:1:886:95.05
490 3 11:4256864:3704:1:2081:267.21
490 3 11 6:4254069:3238:1:2341:305.65
490 3 6:6444183:6169:1:2128:160.45
490 11:6581845:7959:1:1188:124.37
490 11 6:6862641:6924:1:1338:142.96
490 6:9526821:13294:1:641:74.46
1138 27 7:4412892:2905:1:2794:340.68
211 87 27:4232934:3397:1:2631:291.35
211 87 27 7:5725940:3198:1:2631:309.47
211 87 7:4965660:3954:1:2156:250.32
211 27 7:5029126:3316:1:2631:298.46
211 7:4056104:4125:1:1988:239.94
276 897 27:4279212:3401:1:2721:291.01
276 897 7:5047476:4012:1:2199:246.7
276 7:4569540:4187:1:2199:236.39
73:7165074:18749:1:591:52.8
73 3:6124651:8565:1:1001:115.57
73 3 6:4543059:5173:1:1744:191.34
73 11:4587309:7018:1:1166:141.05
73 11 6:5087165:6206:1:1462:159.5
73 6:6161621:11270:1:860:87.84
334 333 332 330 331 339 338:4950237:2583:1:2490:383.13
334 333 332 330 331 339 338 324:5494765:2574:1:2490:384.47
334 333 332 330 331 339 324:4508424:2575:1:2490:384.32
334 333 332 330 331 338:4120882:2597:1:2490:381.06
334 333 332 330 331 338 324:4654029:2578:1:2490:383.87
334 333 332 330 339 338:4260227:2592:1:2490:381.8
334 333 332 330 339 338 324:4809118:2583:1:2490:383.13
334 333 332 331 339 338:4460804:2712:1:2490:364.91
334 333 332 331 339 338 324:5034686:2703:1:2490:366.13
334 333 332 331 338 324:4150993:2707:1:2490:365.58
334 333 332 339 338 324:4337025:2731:1:2490:362.37
334 333 330 331 339 338 324:4417841:2600:1:2457:380.62
334 332 330 331 339 338:4584508:2617:1:2490:378.15
334 332 330 331 339 338 324:5138110:2608:1:2490:379.46
334 332 330 331 339 324:4137433:2609:1:2490:379.31
334 332 330 331 338 324:4285455:2612:1:2490:378.88
334 332 330 339 338 324:4446333:2620:1:2490:377.72
334 332 331 339 338:4081695:2758:1:2490:358.83
334 332 331 339 338 324:4667515:2749:1:2490:360.0
334 330 331 339 338 324:4068572:2651:1:2457:373.3
333 329 332 330 331:4156884:2615:1:2490:378.44
333 329 332 330 331 339:4937958:2575:1:2490:384.32
333 329 332 330 331 339 338:5914847:2572:1:2490:384.77
333 329 332 330 331 339 338 324:6457012:2563:1:2490:386.12
333 329 332 330 331 339 338 324 6:6517559:2424:1:2651:408.25
333 329 332 330 331 339 338 6:6006162:2433:1:2651:406.74
333 329 332 330 331 339 324:5478989:2564:1:2490:385.97
333 329 332 330 331 339 324 6:5587413:2424:1:2651:408.25
333 329 332 330 331 339 6:5077662:2435:1:2651:406.4
333 329 332 330 331 338:5093500:2585:1:2490:382.83
333 329 332 330 331 338 324:5620869:2567:1:2490:385.51
333 329 332 330 331 338 324 6:5727883:2428:1:2651:407.58
333 329 332 330 331 338 6:5231337:2445:1:2651:404.74
333 329 332 330 331 324:4650007:2573:1:2490:384.62
333 329 332 330 331 324 6:4804065:2432:1:2651:406.91
333 329 332 330 331 6:4341583:2471:1:2651:400.49
333 329 332 330 339:4248509:2583:1:2490:383.13
333 329 332 330 339 338:5228893:2580:1:2490:383.57
333 329 332 330 339 338 324:5775317:2571:1:2490:384.92
333 329 332 330 339 338 324 6:5875341:2432:1:2651:406.91
333 329 332 330 339 338 6:5359685:2441:1:2651:405.41
333 329 332 330 339 324:4794679:2572:1:2490:384.77
333 329 332 330 339 324 6:4942745:2432:1:2651:406.91
333 329 332 330 339 6:4427855:2443:1:2651:405.07
333 329 332 330 338:4402558:2593:1:2490:381.65
333 329 332 330 338 324:4935671:2575:1:2490:384.32
333 329 332 330 338 324 6:5082162:2436:1:2651:406.24
333 329 332 330 338 6:4580022:2453:1:2651:403.42
333 329 332 330 324 6:4159932:2443:1:2651:405.07
333 329 332 331 339:4273527:2602:1:2490:380.33
333 329 332 331 339 338:5262728:2599:1:2490:380.77
333 329 332 331 339 338 324:5813635:2590:1:2490:382.09
333 329 332 331 339 338 324 6:5913849:2451:1:2651:403.75
333 329 332 331 339 338 6:5393710:2460:1:2651:402.28
333 329 332 331 339 324:4823875:2591:1:2490:381.95
333 329 332 331 339 324 6:4972216:2451:1:2651:403.75
333 329 332 331 339 6:4453148:2462:1:2651:401.95
333 329 332 331 338:4430033:2612:1:2490:378.88
333 329 332 331 338 324:4968699:2594:1:2490:381.5
333 329 332 331 338 324 6:5115380:2455:1:2651:403.1
333 329 332 331 338 6:4607802:2472:1:2651:400.32
333 329 332 331 324 6:4180904:2460:1:2651:402.28
333 329 332 339 338:4567525:2608:1:2490:379.46
333 329 332 339 338 324:5122767:2599:1:2490:380.77
333 329 332 339 338 324 6:5262506:2460:1:2651:402.28
333 329 332 339 338 6:4738032:2469:1:2651:400.81
333 329 332 339 324:4130140:2600:1:2490:380.62
333 329 332 339 324 6:4318171:2460:1:2651:402.28
333 329 332 338 324:4274220:2603:1:2490:380.19
333 329 332 338 324 6:4460426:2464:1:2651:401.62
333 329 330 331 339 338:4843548:2596:1:2457:381.21
333 329 330 331 339 338 324:5393581:2587:1:2457:382.54
333 329 330 331 339 338 324 6:5515256:2447:1:2651:404.41
333 329 330 331 339 338 6:4996135:2456:1:2651:402.93
333 329 330 331 339 324:4406964:2588:1:2457:382.39
333 329 330 331 339 324 6:4577634:2447:1:2651:404.41
333 329 330 331 339 6:4058919:2458:1:2651:402.6
333 329 330 331 338:4011179:2609:1:2457:379.31
333 329 330 331 338 324:4550016:2591:1:2457:381.95
333 329 330 331 338 324 6:4718446:2451:1:2651:403.75
333 329 330 331 338 6:4210896:2468:1:2651:400.97
333 329 330 339 338:4151473:2607:1:2457:379.6
333 329 330 339 338 324:4703919:2597:1:2457:381.06
333 329 330 339 338 324 6:4865574:2457:1:2651:402.77
333 329 330 339 338 6:4344265:2467:1:2651:401.14
333 329 330 338 324 6:4064595:2461:1:2651:402.11
333 329 331 339 338:4179025:2628:1:2457:376.57
333 329 331 339 338 324:4738808:2619:1:2457:377.86
333 329 331 339 338 324 6:4901084:2479:1:2651:399.19
333 329 331 339 338 6:4372213:2488:1:2651:397.75
333 329 331 338 324 6:4095630:2484:1:2651:398.39
333 329 339 338 324:4048504:2638:1:2457:375.14
333 329 339 338 324 6:4251969:2498:1:2651:396.16
333 332 330 331 339:4076698:2758:1:2490:358.83
333 332 330 331 339 338:5125816:2755:1:2490:359.22
333 332 330 331 339 338 324:5704649:2744:1:2490:360.66
333 332 330 331 339 338 324 6:5833122:2595:1:2490:381.36
333 332 330 331 339 338 6:5287245:2606:1:2490:379.75
333 332 330 331 339 324:4656886:2745:1:2490:360.53
333 332 330 331 339 324 6:4836217:2595:1:2490:381.36
333 332 330 331 339 6:4289497:2608:1:2490:379.46
333 332 330 331 338:4242120:2769:1:2490:357.4
333 332 330 331 338 324:4810660:2748:1:2490:360.13
333 332 330 331 338 324 6:4989158:2599:1:2490:380.77
333 332 330 331 338 6:4454359:2619:1:2490:377.86
333 332 330 331 324 6:4001584:2606:1:2490:379.75
333 332 330 339 338:4387109:2765:1:2490:357.92
333 332 330 339 338 324:4971044:2754:1:2490:359.35
333 332 330 339 338 324 6:5140422:2604:1:2490:380.04
333 332 330 339 338 6:4589747:2615:1:2490:378.44
333 332 330 339 324 6:4140563:2604:1:2490:380.04
333 332 330 338 324:4073132:2758:1:2490:358.83
333 332 330 338 324 6:4292697:2608:1:2490:379.46
333 332 331 339 338:4626029:2912:1:2490:339.86
333 332 331 339 338 324:5240869:2901:1:2490:341.14
333 332 331 339 338 324 6:5411353:2741:1:2490:361.05
333 332 331 339 338 6:4831821:2752:1:2490:359.61
333 332 331 339 324:4129303:2902:1:2490:341.03
333 332 331 339 324 6:4355445:2741:1:2490:361.05
333 332 331 338 324:4295865:2905:1:2490:340.68
333 332 331 338 324 6:4519992:2745:1:2490:360.53
333 332 339 338 324:4486012:2930:1:2490:337.77
333 332 339 338 324 6:4702068:2768:1:2490:357.53
333 332 339 338 6:4115298:2780:1:2490:355.99
333 330 331 339 338 324:4569104:2781:1:2457:355.86
333 330 331 339 338 324 6:4762030:2629:1:2462:376.43
333 330 331 339 338 6:4204833:2640:1:2462:374.86
333 330 339 338 324 6:4061227:2642:1:2462:374.58
333 331 339 338 324:4051279:2959:1:2457:334.46
333 331 339 338 324 6:4295077:2796:1:2462:353.95
294:8829430:32247:1:310:30.7
294 3:9165979:15135:1:671:65.41
294 3 11:4674880:5323:1:2092:185.95
294 3 11 6:4813387:4633:1:2784:213.64
294 3 6:6849248:8923:1:932:110.94
294 11:6111155:11150:1:767:88.78
294 11 6:6957964:9774:1:907:101.28
294 6:8167196:18653:1:485:53.07
329 332 330 331 339:4755893:2710:1:2490:365.18
329 332 330 331 339 338:5788192:2707:1:2490:365.58
329 332 330 331 339 338 324:6353456:2696:1:2490:367.08
329 332 330 331 339 338 324 6:6426310:2544:1:2651:389.0
329 332 330 331 339 338 6:5894411:2555:1:2651:387.32
329 332 330 331 339 324:5321526:2697:1:2490:366.94
329 332 330 331 339 324 6:5447780:2544:1:2651:389.0
329 332 330 331 339 6:4916024:2557:1:2651:387.02
329 332 330 331 338:4918863:2720:1:2490:363.84
329 332 330 331 338 324:5471500:2700:1:2490:366.53
329 332 330 331 338 324 6:5595225:2548:1:2651:388.39
329 332 330 331 338 6:5076233:2567:1:2651:385.51
329 332 330 331 324:4451684:2709:1:2314:365.31
329 332 330 331 324 6:4628570:2555:1:2651:387.32
329 332 330 331 6:4140066:2597:1:2651:381.06
329 332 330 339:4026299:2718:1:2490:364.11
329 332 330 339 338:5062093:2715:1:2490:364.51
329 332 330 339 338 324:5632256:2704:1:2490:365.99
329 332 330 339 338 324 6:5748232:2552:1:2651:387.78
329 332 330 339 338 6:5211434:2563:1:2651:386.12
329 332 330 339 324:4597711:2705:1:2490:365.85
329 332 330 339 324 6:4767252:2552:1:2651:387.78
329 332 330 339 6:4229717:2565:1:2651:385.82
329 332 330 338:4187776:2728:1:2490:362.77
329 332 330 338 324:4746797:2708:1:2490:365.45
329 332 330 338 324 6:4913644:2556:1:2651:387.17
329 332 330 338 6:4388418:2575:1:2651:384.32
329 332 331 339:4056223:2741:1:2490:361.05
329 332 331 339 338:5101429:2738:1:2490:361.45
329 332 331 339 338 324:5677192:2727:1:2490:362.9
329 332 331 339 338 324 6:5793473:2575:1:2651:384.32
329 332 331 339 338 6:5251075:2586:1:2651:382.68
329 332 331 339 324:4632930:2728:1:2490:362.77
329 332 331 339 324 6:4802861:2575:1:2651:384.32
329 332 331 339 6:4260031:2588:1:2651:382.39
329 332 331 338:4219828:2751:1:2490:359.74
329 332 331 338 324:4785519:2731:1:2490:362.37
329 332 331 338 324 6:4952671:2579:1:2651:383.72
329 332 331 338 6:4420890:2598:1:2651:380.92
329 332 339 338:4367956:2749:1:2490:360.0
329 332 339 338 324:4949014:2738:1:2490:361.45
329 332 339 338 324 6:5108618:2586:1:2651:382.68
329 332 339 338 6:4560925:2597:1:2651:381.06
329 332 339 324 6:4114415:2586:1:2651:382.68
329 332 338 324:4052944:2742:1:2490:360.92
329 332 338 324 6:4263419:2590:1:2651:382.09
329 330 331 339 338:4902249:2879:1:2226:343.75
329 330 331 339 338 324:5507241:2867:1:2226:345.19
329 330 331 339 338 324 6:5651697:2706:1:2226:365.72
329 330 331 339 338 6:5082491:2718:1:2226:364.11
329 330 331 339 324:4407329:2868:1:2226:345.07
329 330 331 339 324 6:4609082:2706:1:2226:365.72
329 330 331 339 6:4038177:2720:1:2226:363.84
329 330 331 338 324:4573210:2872:1:2226:344.59
329 330 331 338 324 6:4771825:2711:1:2226:365.04
329 330 331 338 6:4211858:2731:1:2226:362.37
329 330 339 338:4261166:2981:1:2226:331.99
329 330 339 338 324:4886747:2966:1:2226:333.67
329 330 339 338 324 6:5081158:2800:1:2226:353.45
329 330 339 338 6:4493258:2815:1:2226:351.56
329 330 339 324 6:4003319:2800:1:2226:353.45
329 330 338 324 6:4171100:2805:1:2226:352.82
329 331 339 338:4180552:2930:1:2197:337.77
329 331 339 338 324:4800381:2918:1:2197:339.16
329 331 339 338 324 6:4993110:2757:1:2197:358.96
329 331 339 338 6:4409067:2769:1:2197:357.4
329 331 338 324 6:4098255:2763:1:2197:358.18
329 339 338 324:4302119:3143:1:2128:314.89
329 339 338 324 6:4554984:2969:1:2128:333.33
332 330 331 339 338:4969152:2925:1:2490:338.35
332 330 331 339 338 324:5578674:2911:1:2490:339.97
332 330 331 339 338 324 6:5728556:2747:1:2490:360.26
332 330 331 339 338 6:5155017:2761:1:2490:358.44
332 330 331 339 324:4464194:2912:1:2490:339.86
332 330 331 339 324 6:4670779:2747:1:2490:360.26
332 330 331 339 6:4094698:2763:1:2490:358.18
332 330 331 338:4025327:2939:1:2490:336.74
332 330 331 338 324:4627346:2915:1:2490:339.51
332 330 331 338 324 6:4832305:2751:1:2490:359.74
332 330 331 338 6:4267279:2774:1:2490:356.76
332 330 339 338:4191959:2943:1:2490:336.28
332 330 339 338 324:4809435:2929:1:2490:337.88
332 330 339 338 324 6:5005658:2764:1:2490:358.05
332 330 339 338 6:4424469:2778:1:2490:356.24
332 330 338 324 6:4102532:2768:1:2490:357.53
332 331 339 338:4463904:3129:1:2490:316.29
332 331 339 338 324:5121081:3115:1:2490:317.72
332 331 339 338 324 6:5325086:2939:1:2490:336.74
332 331 339 338 6:4706492:2953:1:2490:335.14
332 331 339 324 6:4191632:2939:1:2490:336.74
332 331 338 324:4103642:3119:1:2490:317.31
332 331 338 324 6:4366870:2943:1:2490:336.28
332 339 338 324:4331446:3166:1:2490:312.6
332 339 338 324 6:4588863:2988:1:2490:331.22
662 136 11:4251755:5572:1:1291:177.64
662 136 11 6:4967250:5371:1:1291:184.29
662 136 6:4463772:6778:1:1288:146.04
330 331 339 338 324:4640980:3137:1:2226:315.49
330 331 339 338 324 6:4875465:2960:1:2226:334.35
330 331 339 338 6:4252695:2975:1:2226:332.66
330 339 338 324 6:4249501:3097:1:2226:319.56
2 11 6:4453096:6436:1:1502:153.8
2 6:4319575:10264:1:882:96.44
331 339 338 324:4192947:3481:1:2128:284.32
331 339 338 324 6:4508735:3288:1:2128:301.0
492 11 6:4014447:4927:1:1604:200.89
1956 205 27:5732626:4369:1:1864:226.55
1956 205 27 7:6246374:3374:1:2719:293.33
1956 205 27 11:4838440:3064:1:2564:323.0
1956 205 27 6:4863150:3330:1:2554:297.21
1956 205 7:5183454:3933:1:2198:251.65
1956 27:5124580:4693:1:1864:210.91
1956 27 7:5752420:3520:1:2719:281.17
1956 27 11:4468615:3288:1:2564:301.0
1956 27 6:4471215:3596:1:2514:275.23
1956 7:4544530:4125:1:2198:239.94
934 27 7:5189476:4561:1:1905:217.01
934 27 7 11:4184287:3041:1:2416:325.44
934 27 7 6:4243313:3348:1:2431:295.61
86:4306455:8800:1:1134:112.49
86 85:7794132:7506:1:1490:131.88
86 85 83:7997668:6358:1:1490:155.69
86 85 83 27:5869915:3542:1:2276:279.42
86 85 83 27 7:7662396:3473:1:2276:284.97
86 85 83 27 7 6:4614469:2086:1:2793:474.37
86 85 83 7:11265046:6236:1:1490:158.73
86 85 83 7 3:5329297:2504:1:2919:395.21
86 85 83 7 6:6369637:3587:1:2793:275.92
86 85 83 3:4062350:2546:1:2919:388.69
86 85 83 6:4561802:3646:1:2793:271.46
86 85 27:6330911:4295:1:1835:230.45
86 85 27 7:8510476:4211:1:1835:235.04
86 85 27 7 6:5450042:2639:1:2793:375.0
86 85 27 6:4155675:2674:1:2793:370.09
86 85 7:11670735:7357:1:1490:134.55
86 85 7 1:4115444:2423:1:2741:408.42
86 85 7 3:5627827:2955:1:2919:334.91
86 85 7 6:7128785:4460:1:1936:221.92
86 85 3:4127240:3006:1:2919:329.23
86 85 6:4878440:4534:1:1936:218.3
86 83:4601398:6501:1:1490:152.26
86 83 27 7:5842942:3531:1:2276:280.3
86 83 7:7950392:6332:1:1490:156.32
86 83 7 6:4798265:3664:1:2793:270.12
86 27:4139390:4479:1:1835:220.98
86 27 7:6383125:4340:1:1835:228.06
86 27 7 6:4319376:2741:1:2793:361.05
86 7:7848795:7581:1:1490:130.57
86 7 3:4094066:3045:1:2919:325.02
86 7 6:5176269:4637:1:1936:213.45
494 11 6:4680698:5384:1:1530:183.84
321 27:5358230:6989:1:1210:141.63
321 27 7:8210782:6285:1:1210:157.49
321 27 7 11:6850594:4412:1:1948:224.34
321 27 7 11 6:6159893:3664:1:2491:270.12
321 27 7 6:6966334:4852:1:1575:204.0
321 27 11:5030222:4889:1:1604:202.45
321 27 11 6:4882470:4109:1:1938:240.88
321 27 6:5050760:5428:1:1575:182.35
321 7:6053860:7962:1:1068:124.33
321 7 11:5574936:5515:1:1731:179.48
321 7 11 6:5335542:4669:1:1763:211.99
321 7 6:5521130:6190:1:1379:159.91
85:4826150:8801:1:1077:112.47
85 87 7:4227305:3101:1:2569:319.15
85 83:5269274:6853:1:1290:144.44
85 83 27:4834424:3906:1:2276:253.39
85 83 27 7:6834364:3826:1:2276:258.69
85 83 27 7 6:4415485:2381:1:2793:415.62
85 83 7:8841720:6712:1:1290:147.48
85 83 7 3:4441530:2716:1:2919:364.37
85 83 7 6:5447567:3998:1:2793:247.56
85 27:5177690:4960:1:1835:199.56
85 27 7:7685810:4837:1:1835:204.63
85 27 7 6:5271130:3141:1:2793:315.09
85 7:9144630:8347:1:1077:118.59
85 7 3:4764708:3378:1:2919:292.99
85 7 6:6180135:5282:1:1936:187.39
339 338 324:4369820:4700:1:2128:210.59
339 338 324 11:4733427:3973:1:2128:249.12
339 338 324 11 6:5197658:3841:1:2128:257.68
339 338 324 6:4861286:4440:1:2128:222.92
339 338 11 6:4380340:3862:1:2128:256.28
506 11 6:4028068:5695:1:1577:173.81
378 11 6:5042402:7691:1:1138:128.71
916 11:4516993:6938:1:1262:142.67
916 11 6:5487881:6734:1:1262:146.99
916 6:4507546:8232:1:1156:120.25
640 11 6:4104408:5797:1:1520:170.75
12 11 6:4296801:4396:1:2416:225.15
28 32:4768850:9569:1:997:103.45
28 32 87 27:4242647:3262:1:2933:303.4
28 32 87 7:4907839:3767:1:1934:262.74
28 32 27:7496077:7211:1:1171:137.27
28 32 27 7:10748085:6788:1:1837:145.82
28 32 27 7 11:8457680:4642:1:2084:213.22
28 32 27 7 11 6:5916342:3173:1:2155:311.91
28 32 27 7 6:7419574:4447:1:2085:222.57
28 32 27 3:4072730:2966:1:2676:333.67
28 32 27 11:6417163:4924:1:1968:201.02
28 32 27 11 6:4658931:3387:1:2134:292.21
28 32 27 6:5491689:4744:1:1721:208.64
28 32 7:9383673:8982:1:997:110.21
28 32 7 3:5001917:3688:1:2281:268.37
28 32 7 3 11:4028203:2521:1:2892:392.55
28 32 7 11:7793238:6054:1:1425:163.5
28 32 7 11 6:5595852:4197:1:1736:235.83
28 32 7 6:6710600:5931:1:1648:166.89
28 32 11:4925287:6441:1:1425:153.68
28 27:4346277:7287:1:1171:135.84
28 27 7:7797410:6841:1:1837:144.69
28 27 7 11:6457381:4679:1:2084:211.54
28 27 7 11 6:4742266:3206:1:2155:308.7
28 27 7 6:5690239:4492:1:2085:220.34
28 27 11:4283555:4971:1:1968:199.12
28 7:5451640:9069:1:997:109.15
28 7 11:5156644:6108:1:1425:162.06
28 7 11 6:4022611:4246:1:1736:233.11
28 7 6:4378553:6002:1:1648:164.92
667 11 6:4491767:7514:1:1022:131.74
32:4911480:11069:1:760:89.43
32 87 27:4312265:3458:1:2200:286.21
32 87 7:4996489:4004:1:1934:247.19
32 27:7708458:7829:1:1171:126.44
32 27 7:11215628:7340:1:1837:134.86
32 27 7 3:5511140:2992:1:2955:330.77
32 27 7 11:8865832:5022:1:2084:197.09
32 27 7 11 6:6250652:3455:1:2155:286.46
32 27 7 6:7790442:4831:1:2085:204.88
32 27 3:4217758:3211:1:2532:308.22
32 27 11:6653863:5338:1:1968:185.43
32 27 11 6:4870479:3692:1:1968:268.08
32 27 6:5694490:5168:1:1721:191.53
32 7:9655794:9768:1:997:101.34
32 7 3:5180424:3995:1:2281:247.75
32 7 3 11:4205096:2734:1:2892:361.98
32 7 11:8101051:6585:1:1388:150.32
32 7 11 6:5869500:4591:1:1648:215.59
32 7 6:6970039:6476:1:1648:152.85
32 11:5099883:7204:1:1251:137.4
32 6:4063633:7261:1:1461:136.33
644:4296429:8673:1:973:114.13
644 64:4194336:4758:1:1771:208.03
644 64 11 6:4350497:3310:1:2367:299.0
644 64 6:4480990:4277:1:1946:231.42
644 11:4524566:5914:1:1421:167.37
644 11 6:5236520:5642:1:1730:175.44
644 6:4946841:7482:1:1221:132.3
1838 11 6:4029195:4643:1:2105:213.18
737:6773312:17645:1:818:56.1
737 3:5227932:7341:1:1101:134.84
737 3 11:4780792:4853:1:1817:203.96
737 3 11 6:5347749:4650:1:1817:212.86
737 3 6:5434240:6203:1:1342:159.57
737 11:7759846:11817:1:846:83.77
737 11 6:9274139:11300:1:846:87.6
737 6:8191395:14949:1:818:66.22
531 11 6:4211119:5168:1:1466:191.53
255 148 218 11 6:4574240:5702:1:1927:173.59
255 148 218 6:4031429:7336:1:1860:134.93
255 148 11 6:4265817:5709:1:1927:173.38
278:5518460:20114:1:590:49.22
278 87 27 7:4598355:2829:1:2231:349.82
278 205 27 7:4571205:2894:1:2453:341.97
278 27:8664900:10583:1:1085:93.54
278 27 7:11191710:8214:1:1085:120.51
278 27 7 1:4143110:2837:1:2997:348.84
278 27 7 3:5463889:3274:1:2680:302.29
278 27 7 11:9051210:5644:1:1980:175.38
278 27 3:4874587:4262:1:2041:232.23
278 27 11:7932490:7321:1:1307:135.21
278 27 11 6:5722538:4692:1:1871:210.95
278 27 6:5708031:5973:1:1871:165.72
278 7:8747615:10637:1:754:93.06
278 7 3:4891426:4310:1:1923:229.65
278 7 11:7685915:7214:1:1155:137.21
278 7 11 6:4042464:3957:1:2257:250.13
278 3:5082970:8451:1:1218:117.13
278 3 11:4065677:4686:1:1793:211.22
278 11:6141780:11326:1:833:87.4
278 11 6:5235977:7667:1:1029:129.11
278 6:4632144:11074:1:770:89.39
361 11:5020591:7710:1:1011:128.39
361 11 6:6007122:7392:1:1391:133.91
361 6:5002016:9172:1:926:107.93
14:5744412:11607:1:798:85.29
14 64:4368195:4987:1:1682:198.48
14 64 11:4198748:3677:1:2987:269.17
14 64 11 6:4619710:3526:1:2987:280.69
14 64 6:4753073:4558:1:2110:217.15
14 3 6:4054140:4116:1:1781:240.47
14 11:5936582:7741:1:1700:127.87
14 11 6:6877329:7385:1:1700:134.04
14 6:6574617:9948:1:1086:99.51
897 87 27:4578694:4680:1:2322:211.49
897 87 27 7:6693100:4416:1:2322:224.13
897 87 27 7 11:5174214:2953:1:2643:335.14
897 87 27 7 6:5010691:3088:1:2322:320.49
897 87 7:5335335:5462:1:1931:181.22
897 87 7 11:4366146:3602:1:2469:274.77
897 87 7 6:4153818:3811:1:1931:259.71
897 205 27 7:4243751:2903:1:2940:340.91
897 83 27 7:4315989:2998:1:2772:330.11
897 27:7019795:9937:1:1018:99.62
897 27 7:11571881:9257:1:1193:106.93
897 27 7 3:5907083:3776:1:2118:262.11
897 27 7 11:9319979:6251:1:1558:158.35
897 27 7 11 6:7822943:4910:1:1814:201.59
897 27 7 6:9105343:6691:1:1302:147.94
897 27 3:4194303:4064:1:2118:243.54
897 27 11:6520712:6706:1:1424:147.61
897 27 11 6:5944074:5312:1:1814:186.34
897 27 6:6254987:7237:1:1302:136.78
897 7:8938949:12561:1:849:78.81
897 7 3:5243936:5108:1:1814:193.78
897 7 3 11:4304931:3412:1:2036:290.07
897 7 11:8043009:8405:1:1210:117.77
897 7 11 6:7125249:6690:1:1409:147.96
897 7 6:7573391:9133:1:899:108.39
897 11:4032613:9294:1:1088:106.51
897 11 6:4366016:7490:1:1304:132.16
314:6517016:14842:1:685:66.7
314 1 11 6:4126853:4225:1:2074:234.26
314 3:4617710:6004:1:1836:164.86
314 3 11:4256106:4113:1:1836:240.64
314 3 11 6:4758417:3963:1:1836:249.75
314 3 6:4859940:5210:1:1836:189.98
314 11:7202690:10169:1:866:97.35
314 11 6:8537732:9782:1:1103:101.2
314 6:7758838:12852:1:685:77.02
540 11 6:4202299:5552:1:1715:178.28
49 27:6277562:9571:1:867:103.43
49 27 7:5860676:4920:1:1430:201.18
49 27 7 11:5234440:3639:1:2611:271.98
49 27 7 6:4544449:3557:1:2204:278.25
49 27 11:6990904:7552:1:1086:131.07
49 27 11 6:7177141:6631:1:1367:149.28
49 27 6:6597152:8064:1:1118:122.75
49 11 6:4678880:8719:1:957:113.53
142 90 6:4227456:4277:1:2260:231.42
521:4264190:7826:1:1035:126.49
521 90:4193386:4023:1:2056:246.02
521 90 6:4592091:3804:1:2112:260.18
521 11:4517555:5614:1:1733:176.31
521 11 6:5248359:5420:1:1733:182.62
521 6:5124505:7224:1:1130:137.02
260 11 6:4678393:5138:1:1538:192.64
260 6:4403283:6772:1:1538:146.17
423:5444154:10967:1:862:90.26
423 1 11 6:4009369:3886:1:2508:254.7
423 3 11 6:4156601:3341:1:2921:296.23
423 11:6604132:8661:1:1075:114.29
423 11 6:7713087:8335:1:1075:118.76
423 6:6684276:10137:1:970:97.65
1644:4697940:8606:1:1040:115.02
1644 148 218 6:4213647:4254:1:2177:232.67
1644 148 6:4076543:4359:1:2177:227.06
1644 11:5030150:6203:1:1360:159.57
1644 11 6:5861591:6015:1:1360:164.56
1644 6:5596842:7879:1:1188:125.63
46 11:4255609:6527:1:1525:151.65
46 11 6:5145070:6299:1:1525:157.14
46 6:4423703:8029:1:1221:123.29
215 27:4194965:5932:1:2124:166.86
215 27 7:4241580:3425:1:2204:288.97
215 27 11:4452377:4570:1:2124:216.58
215 27 11 6:4589746:4058:1:2124:243.9
215 27 6:4349685:5017:1:2124:197.29
215 7:4015658:5703:1:1253:173.56
215 3:4509786:9151:1:945:108.17
215 3 11:4748308:6214:1:1616:159.29
215 3 11 6:5401521:5833:1:1616:169.7
215 3 6:4931862:7518:1:1163:131.67
215 11:6338001:14540:1:819:68.08
215 11 6:8208745:13705:1:819:72.23
215 6:5856855:17862:1:588:55.42
4:38607138:78097:1:163:12.68
4 27:5565515:5324:1:1548:185.92
4 27 11:4138570:3139:1:2869:315.29
4 27 11 6:4009748:2711:1:2869:365.04
4 27 6:4756090:3929:1:2147:251.91
4 7:6907160:6625:1:1528:149.41
4 7 3:4020767:2949:1:2787:335.59
4 7 11:5110184:3927:1:2105:252.04
4 7 11 6:4904084:3402:1:2310:290.92
4 7 6:5873750:4949:1:2017:200.0
4 148 11 6:4147796:3630:1:2276:272.65
4 148 6:4100942:4654:1:1696:212.67
4 218 6:4016497:5624:1:1557:176.0
4 1:8879284:14645:1:649:67.6
4 1 3:6048458:6455:1:1196:153.35
4 1 3 6:4713064:4274:1:1630:231.58
4 1 11:5676982:6464:1:1499:153.13
4 1 11 6:6129729:5874:1:1499:168.51
4 1 6:7403463:9572:1:1282:103.42
4 3:28918473:35096:1:327:28.21
4 3 11:13547927:12327:1:799:80.31
4 3 11 6:13551047:10726:1:799:92.29
4 3 6:20255550:20444:1:465:48.42
4 11:20587934:26781:1:444:36.97
4 11 6:21768881:23299:1:444:42.49
4 6:29498427:44669:1:236:22.16
379 11:4393544:7420:1:1248:133.41
379 11 6:5413815:7163:1:1248:138.19
379 6:4423950:9004:1:1078:109.94
21:4788460:8763:1:1211:112.96
21 148 218 6:4089172:4137:1:1949:239.25
21 11:5217460:6450:1:1443:153.46
21 11 6:6084615:6249:1:1443:158.4
21 6:5722253:8047:1:1211:123.01
254 148 218 11 6:4391030:4840:1:1967:204.5
254 148 218 6:4190382:6349:1:1360:155.91
254 148 11 6:4206881:4931:1:1967:200.73
254 11 6:4715641:7267:1:1089:136.21
269 11:4721606:10854:1:809:91.2
269 11 6:6184512:10308:1:816:96.03
269 6:4818894:14550:1:736:68.04
504 11:4469986:9152:1:921:108.16
504 11 6:5702887:8733:1:1095:113.35
504 6:4670842:12144:1:847:81.52
230:4028760:8123:1:1089:121.86
230 148 218 6:4167424:4438:1:1712:223.02
230 11:4450742:5855:1:1315:169.06
230 11 6:5246021:5679:1:1599:174.3
230 6:4983315:7549:1:1599:131.13
87:5045835:18484:1:533:53.56
87 205 27:4120082:3990:1:2068:248.06
87 205 27 7:5779232:3675:1:2068:269.32
87 205 27 7 11:4649858:2564:1:2953:385.97
87 205 7:4451615:4305:1:1991:229.91
87 83 27:4146368:4134:1:2241:239.42
87 83 27 7:5912150:3839:1:2241:257.81
87 83 7:5476695:5313:1:2016:186.3
87 83 7 6:4298050:3720:1:2485:266.06
87 27:10565100:13009:1:793:76.1
87 27 7:16354010:12091:1:793:81.87
87 27 7 148:4250467:2713:1:2689:364.78
87 27 7 218:4176315:2992:1:2502:330.77
87 27 7 1:5583255:3814:1:2436:259.5
87 27 7 1 11:4486190:2639:1:2687:375.0
87 27 7 1 6:4588729:2892:1:2691:342.21
87 27 7 3:8231230:4946:1:1812:200.12
87 27 7 3 11:6364303:3339:1:1998:296.41
87 27 7 3 11 6:5239736:2620:1:2849:377.72
87 27 7 3 6:6268091:3556:1:2770:278.32
87 27 7 11:13038975:8162:1:1138:121.28
87 27 7 11 6:11440167:6650:1:1658:148.85
87 27 7 6:13404297:9064:1:1090:109.21
87 27 3:6060869:5325:1:1812:185.88
87 27 3 11:5050530:3597:1:1998:275.15
87 27 3 11 6:4385703:2843:1:2849:348.1
87 27 3 6:4942836:3844:1:2455:257.48
87 27 11:9467970:8782:1:1138:112.72
87 27 11 6:8854355:7195:1:1552:137.58
87 27 6:9505746:9779:1:985:101.23
87 7:13226195:16239:1:539:60.96
87 7 1:4644055:5005:1:1565:197.76
87 7 1 6:4010372:3798:1:1994:260.6
87 7 3:7442326:6600:1:1238:149.98
87 7 3 11:5971592:4353:1:1704:227.38
87 7 3 11 6:5166670:3486:1:2311:283.91
87 7 3 6:5928427:4775:1:1713:207.29
87 7 11:11321060:10676:1:781:92.72
87 7 11 6:10567725:8865:1:1127:111.66
87 7 6:11584093:12233:1:771:80.92
87 3:4557018:7573:1:1230:130.71
87 3 11:4228057:4864:1:1704:203.49
87 3 11 6:4007865:3937:1:2125:251.4
87 3 6:4121806:5441:1:1713:181.92
87 11:6398325:11840:1:746:83.61
87 11 6:6905387:9908:1:936:99.91
87 6:5987414:13793:1:642:71.77
69:6241860:22631:1:437:43.74
69 7:4435520:5417:1:1665:182.72
69 7 11:4222560:3979:1:2466:248.74
69 7 11 6:4169964:3481:1:2716:284.32
69 7 6:4283265:4478:1:2128:221.03
69 148 11 6:4149055:4545:1:2057:217.77
69 1 11 6:4649229:5687:1:1336:174.05
69 3:5663239:9422:1:1242:105.06
69 3 11:5786017:6648:1:1534:148.89
69 3 11 6:6560622:6350:1:1534:155.88
69 3 6:6252874:8178:1:1242:121.04
69 11:8636955:15832:1:598:62.53
69 11 6:10713608:15118:1:842:65.48
69 6:8606320:19559:1:472:50.61
747:4590504:9368:1:1053:105.67
747 229:4161618:4170:1:2976:237.35
747 229 6:4571499:3943:1:2984:251.01
747 148 218:4099177:5323:1:2097:185.95
747 148 218 6:4708502:5047:1:2097:196.12
747 148 6:4534707:5160:1:2097:191.82
747 11:4797047:6550:1:1339:151.12
747 11 6:5675714:6335:1:1339:156.25
747 6:5652528:8640:1:1339:114.57
229:4995630:10034:1:819:98.65
229 148:4300261:5974:1:1483:165.69
229 148 218:4528217:5840:1:1483:169.49
229 148 218 11:4267585:4202:1:2371:235.55
229 148 218 11 6:4827659:4094:1:2371:241.76
229 148 218 6:5228835:5567:1:1483:177.8
229 148 11:4136218:4303:1:2371:230.02
229 148 11 6:4716758:4193:1:2371:236.05
229 148 6:5031671:5693:1:1483:173.87
229 218 11 6:4236907:4366:1:2371:226.7
229 218 6:4379746:6109:1:1338:162.03
229 11:5443585:7167:1:1363:138.11
229 11 6:6415523:6953:1:1363:142.36
229 6:6163485:9321:1:1212:106.2
55:35335360:64731:1:154:15.29
55 27:5169810:4734:1:1849:209.08
55 27 7:4331190:2660:1:2834:372.04
55 27 6:4358050:3481:1:2395:284.32
55 7:6453810:5918:1:1357:167.26
55 7 11:4802085:3576:1:2486:276.77
55 7 11 6:4630242:3115:1:2611:317.72
55 7 6:5525142:4471:1:2025:221.38
55 148 218 6:4125685:4169:1:1918:237.41
55 148 11 6:4380913:3669:1:2042:269.76
55 148 6:4375037:4690:1:1918:211.04
55 218 11 6:4249798:4118:1:2561:240.35
55 218 6:4351408:5673:1:1325:174.48
55 1:8434102:12826:1:875:77.18
55 1 3:5337858:5461:1:1849:181.25
55 1 3 6:4271276:3734:1:2163:265.06
55 1 11:5691152:6119:1:1594:161.77
55 1 11 6:6136183:5605:1:1594:176.6
55 1 6:7184591:8723:1:1088:113.48
55 3:25344868:28985:1:379:34.15
55 3 11:12156685:10596:1:1121:93.42
55 3 11 6:12159877:9265:1:1121:106.84
55 3 6:17773120:17092:1:592:57.92
55 11:19068205:23331:1:442:42.43
55 11 6:20198141:20557:1:535:48.16
55 6:26852325:37757:1:302:26.22
316:4590324:27852:1:311:35.54
316 1 11 6:4273430:6072:1:1492:163.02
316 3:5834919:11853:1:774:83.52
316 3 11:5316380:7002:1:1111:141.37
316 3 11 6:6115249:6626:1:1144:149.39
316 3 6:6065277:9250:1:873:107.02
316 11:7245029:16706:1:536:59.26
316 11 6:9442968:15815:1:542:62.59
316 6:7178835:21819:1:508:45.37
136:7790034:23679:1:397:41.81
136 7:4546476:5161:1:1566:191.79
136 7 11:4123795:3683:1:2049:268.73
136 7 11 6:4059003:3231:1:2175:306.31
136 7 6:4344304:4264:1:1764:232.12
136 148 218 11 6:4200720:4123:1:1883:240.06
136 148 218 6:4040508:5284:1:1689:187.32
136 148 11 6:4379660:4533:1:1883:218.35
136 148 6:4104937:5785:1:1689:171.1
136 1:4123486:9398:1:933:105.33
136 1 11:4897558:6939:1:1541:142.65
136 1 11 6:5769805:6647:1:1735:148.92
136 1 6:5087041:8456:1:1017:117.06
136 3:6406284:9797:1:918:101.04
136 3 11:6093012:6601:1:1228:149.95
136 3 11 6:6835107:6293:1:1270:157.29
136 3 6:6881679:8422:1:1027:117.54
136 11:9600384:16032:1:660:61.75
136 11 6:11670842:15331:1:660:64.57
136 6:10052610:20405:1:466:48.52
273:5688726:17177:1:496:57.63
273 148 218 11:4162970:4851:1:1967:204.04
273 148 218 11 6:4803812:4703:1:1967:210.46
273 148 218 6:4578694:5954:1:1394:166.25
273 148 11:4158031:5163:1:1967:191.71
273 148 11 6:4847725:5006:1:1967:197.72
273 148 6:4525467:6337:1:1394:156.2
273 218 11 6:4299913:5304:1:1598:186.62
273 1 11 6:4681767:5372:1:1614:184.25
273 1 6:4207496:6951:1:1090:142.41
273 3:4592034:7018:1:1166:141.05
273 3 11:4316654:4698:1:1920:210.68
273 3 11 6:4861378:4494:1:1920:220.25
273 3 6:4935930:6050:1:1424:163.61
273 11:6895823:11506:1:786:86.03
273 11 6:8412306:11030:1:786:89.75
273 6:7300485:14772:1:618:67.01
205:4699556:21373:1:604:46.32
205 83 27 7:4223874:2807:1:2934:352.56
205 27:10855444:14228:1:697:69.58
205 27 7:14162352:10845:1:779:91.28
205 27 7 1:5058936:3574:1:2673:276.92
205 27 7 3:7036752:4360:1:2117:227.01
205 27 7 3 11:5698978:3063:1:2843:323.11
205 27 7 11:11794102:7594:1:1174:130.35
205 27 7 11 6:9839943:5968:1:1575:165.86
205 27 7 6:11101312:7906:1:1314:125.21
205 27 1:4083050:4666:1:1995:212.13
205 27 3:6300408:5791:1:1537:170.93
205 27 3 11:5512701:4074:1:1862:242.95
205 27 3 11 6:4739565:3223:1:2563:307.07
205 27 3 6:5118488:4237:1:2373:233.6
205 27 11:10308023:10002:1:1000:98.97
205 27 11 6:9797988:8313:1:1002:119.08
205 27 6:10044381:10988:1:798:90.09
205 7:10798210:14067:1:655:70.37
205 7 1:4009112:4551:1:1897:217.49
205 7 3:6108040:5680:1:1427:174.27
205 7 3 11:5184691:3920:1:2116:252.49
205 7 11:9851429:9697:1:862:102.08
205 7 11 6:8914341:7874:1:1152:125.71
205 7 6:9264886:10476:1:919:94.49
205 3:4821562:8807:1:1427:112.4
205 3 11:4806567:5889:1:1676:168.08
205 3 11 6:4711787:4897:1:1852:202.12
205 3 6:4580531:6589:1:1852:150.23
205 11:7010578:14334:1:656:69.06
205 11 6:7991985:12359:1:870:80.1
205 6:6313269:16655:1:604:59.44
40 148 218 11 6:4327703:5011:1:1768:197.53
40 148 11 6:4471927:5521:1:1401:179.28
40 1 11 6:4704976:6657:1:1219:148.69
40 3:4894485:9998:1:1027:99.01
40 3 11:5340397:7054:1:1210:140.33
40 3 11 6:6267973:6811:1:1210:145.33
40 3 6:5857635:8972:1:1027:110.33
40 11:7373526:16914:1:649:58.53
40 11 6:9804382:16347:1:726:60.56
40 6:7126545:21584:1:639:45.87
512 11 6:4573549:9422:1:1163:105.06
138 27 7:4289589:3755:1:2563:263.58
138 7:4397081:7281:1:1693:135.95
138 7 6:4453807:5982:1:1871:165.47
138 1 11 6:4627533:7760:1:1653:127.56
138 3:5657055:14883:1:733:66.51
138 3 11:5496312:8509:1:1154:116.33
138 3 11 6:6493946:8014:1:1371:123.52
138 3 6:6379489:11753:1:733:84.23
138 11:6459523:19919:1:514:49.7
138 11 6:9191438:18831:1:514:52.57
138 6:6063055:27713:1:472:35.72
364 11 6:5164782:8730:1:1094:113.39
987 148 218 11:4055856:6915:1:1470:143.15
987 148 218 11 6:5040811:6712:1:1470:147.48
987 148 218 6:4338055:8797:1:1273:112.53
987 148 11:5346589:9967:1:1132:99.32
987 148 11 6:6774910:9669:1:1132:102.38
987 148 6:5477480:12478:1:751:79.33
987 11 6:5483901:11286:1:980:87.71
446:12833360:23270:1:431:42.54
446 7:4950710:4488:1:2170:220.54
446 7 11:4279210:3194:1:2585:309.86
446 7 11 6:4152882:2807:1:2736:352.56
446 7 6:4622135:3728:1:2316:265.49
446 148:4494108:5771:1:1246:171.52
446 148 218:4441063:5334:1:1918:185.57
446 148 218 11:4407602:4037:1:2108:245.17
446 148 218 11 6:4883682:3893:1:2108:254.24
446 148 218 6:4951340:4974:1:1918:199.0
446 148 11:4519817:4353:1:2045:227.38
446 148 11 6:5036832:4194:1:2045:236.0
446 148 6:5049674:5361:1:1345:184.63
446 218 11:4104249:4682:1:1733:211.4
446 218 11 6:4687548:4512:1:1733:219.37
446 218 6:4651768:6027:1:1345:164.23
446 1:5395638:8119:1:1271:121.92
446 1 11:5271192:5641:1:1437:175.47
446 1 11 6:5891340:5371:1:1437:184.29
446 1 6:5857805:7075:1:1271:139.91
446 3:8610886:9828:1:922:100.72
446 3 11:6738718:5907:1:1374:167.57
446 3 11 6:7250485:5562:1:1423:177.96
446 3 6:8120770:7821:1:1258:126.57
446 11:11486985:13964:1:686:70.89
446 11 6:13036170:13229:1:686:74.83
446 6:13279332:18583:1:480:53.27
155:5722245:11494:1:954:86.12
155 148:4604474:6443:1:2563:153.63
155 148 218:4839482:6283:1:2563:157.54
155 148 218 11:4710522:4647:1:2563:213.0
155 148 218 11 6:5327692:4524:1:2563:218.78
155 148 218 6:5578193:5966:1:2563:165.91
155 148 11:4568406:4764:1:2563:207.77
155 148 11 6:5211525:4641:1:2563:213.27
155 148 6:5380764:6118:1:2563:161.79
155 218 11:4008920:4964:1:1480:199.4
155 218 11 6:4693711:4832:1:1480:204.84
155 218 6:4665521:6511:1:1233:152.03
155 1 11:4068568:4692:1:1887:210.95
155 1 11 6:4706605:4566:1:1887:216.77
155 1 6:4577488:5930:1:1637:166.92
155 3 11 6:4025021:3229:1:2782:306.5
155 3 6:4055556:4126:1:1992:239.88
155 11:6489708:8537:1:1058:115.95
155 11 6:7661120:8294:1:1058:119.35
155 6:7063815:10676:1:954:92.72
25 148 218 11 6:4073728:5235:1:1635:189.08
25 148 218 6:4039178:7341:1:1060:134.84
25 11 6:4585328:8639:1:922:114.58
438:4157240:18910:1:530:52.35
438 1 11 6:4855500:6425:1:1377:154.06
438 3:4102182:7566:1:1387:130.83
438 3 11:4992459:6147:1:1701:161.03
438 3 11 6:5824876:5964:1:1863:165.97
438 3 6:5009811:7077:1:1387:139.87
438 11:7399650:15175:1:606:65.23
438 11 6:9561864:14702:1:606:67.33
438 6:6760453:17634:1:530:56.14
303 148 218 11 6:4365726:5823:1:1768:169.99
303 148 11 6:4412736:6331:1:1548:156.35
303 3 11 6:4552908:5631:1:1290:175.78
303 3 6:4032729:7427:1:1262:133.28
303 11:4676238:14421:1:642:68.65
303 11 6:6778049:13878:1:642:71.33
303 6:4032729:18358:1:508:53.92
83:7095512:32212:1:386:30.73
83 27:8771708:11782:1:923:84.02
83 27 7:12472622:9739:1:1032:101.64
83 27 7 1:4852388:3476:1:2418:284.73
83 27 7 3:6087946:3841:1:2077:257.68
83 27 7 11:9351572:6158:1:1621:160.74
83 27 7 11 6:8176475:4978:1:1734:198.84
83 27 7 6:10218671:7235:1:1107:136.82
83 27 3:5037014:4705:1:1647:210.37
83 27 3 11:4241360:3148:1:2759:314.39
83 27 3 6:4413841:3600:1:2438:274.92
83 27 11:7875888:7726:1:1226:128.12
83 27 11 6:7630142:6501:1:1230:152.26
83 27 6:8329729:9132:1:923:108.4
83 7:12210374:15944:1:669:62.09
83 7 1:4829504:5504:1:1836:179.84
83 7 1 6:4139101:4108:1:2089:240.94
83 7 3:6812442:6372:1:1306:155.34
83 7 3 11:5000333:3864:1:2660:256.15
83 7 3 11 6:4464515:3157:1:2879:313.49
83 7 3 6:5498163:4636:1:1842:213.5
83 7 11:9538248:9621:1:1022:102.89
83 7 11 6:9110429:8052:1:1147:122.94
83 7 6:10681546:11894:1:736:83.23
83 148 11 6:4128767:4800:1:1872:206.21
83 1 11:4313394:7251:1:1465:136.51
83 1 11 6:5044021:6670:1:1465:148.4
83 1 6:4363519:8875:1:918:111.54
83 3:7292086:13362:1:844:74.09
83 3 11:6938627:8521:1:1386:116.17
83 3 11 6:7475615:7707:1:1386:128.44
83 3 6:7538248:10702:1:902:92.5
83 11:10016285:20485:1:537:48.33
83 11 6:12132089:18680:1:557:53.0
83 6:9929651:26014:1:386:38.06
56:4329315:15752:1:575:62.85
56 148 218 11 6:4027498:4195:1:1815:235.94
56 148 11 6:4027828:4454:1:1815:222.22
56 1 11 6:4669722:5769:1:1544:171.58
56 3 11:4110150:4770:1:1606:207.5
56 3 11 6:4688638:4577:1:1606:216.25
56 3 6:4319903:5680:1:1456:174.27
56 11:6522820:12051:1:859:82.14
56 11 6:8166781:11600:1:859:85.34
56 6:6350436:14460:1:673:68.46
135:9039519:18313:1:508:54.06
135 90 6:4030701:3488:1:2393:283.75
135 27:4296317:4116:1:2565:240.47
135 27 6:4300107:3569:1:2565:277.31
135 7:4658108:4498:1:2284:220.05
135 7 6:4421927:3773:1:2284:262.32
135 148:4920029:6880:1:1710:143.87
135 148 218:5015366:6508:1:1710:152.1
135 148 218 1 6:4015058:3827:1:2364:258.62
135 148 218 11:5028325:4915:1:1816:201.38
135 148 218 11 6:5629337:4750:1:1923:208.38
135 148 218 6:5749597:6154:1:1710:160.85
135 148 11:5060280:5215:1:1743:189.8
135 148 11 6:5701653:5035:1:1743:196.58
135 148 6:5704388:6491:1:1710:152.5
135 218:4087276:7439:1:1710:133.06
135 218 11:4473004:5507:1:1743:179.74
135 218 11 6:5185010:5321:1:1923:186.02
135 218 6:5025945:7043:1:1710:140.55
135 1:5236272:8660:1:1047:114.31
135 1 11:5916975:6803:1:1260:145.5
135 1 11 6:6762420:6555:1:1260:151.01
135 1 6:6236301:8125:1:1047:121.83
135 3 11:4330773:4475:1:2368:221.18
135 3 11 6:4881635:4319:1:2368:229.17
135 3 6:4570986:5310:1:1821:186.41
135 11:10914229:14298:1:770:69.24
135 11 6:12781645:13803:1:770:71.72
135 6:11162082:16968:1:519:58.34
77:4793334:43454:1:241:22.78
77 64 11 6:4310200:4674:1:1654:211.77
77 27:4351168:6669:1:1607:148.43
77 27 7:5336352:4442:1:2655:222.82
77 27 7 11:4728723:3303:1:2655:299.64
77 27 7 11 6:4267147:2750:1:2655:359.87
77 27 7 6:4675157:3527:1:2655:280.61
77 27 11:4579428:5002:1:1613:197.88
77 27 11 6:4744276:4421:1:2524:223.88
77 27 6:4535493:5571:1:2092:177.67
77 7:5530110:8429:1:927:117.44
77 7 11:5588759:6209:1:1579:159.42
77 7 11 6:5677133:5466:1:1605:181.09
77 7 6:5569474:7006:1:1000:141.29
77 148 218 11:4629777:7195:1:1519:137.58
77 148 218 11 6:5633486:6965:1:1519:142.12
77 148 218 6:4811105:8768:1:1029:112.9
77 148 11:4710868:7985:1:1092:123.97
77 148 11 6:5835173:7724:1:1092:128.16
77 148 6:4787288:9697:1:1029:102.08
77 218 11 6:4844470:8129:1:1237:121.77
77 1 11:5066099:10338:1:921:95.75
77 1 11 6:6460635:9894:1:921:100.05
77 1 6:4846597:12609:1:872:78.51
77 3:7990556:18352:1:547:53.94
77 3 11:8503610:12068:1:901:82.03
77 3 11 6:9934430:11455:1:901:86.42
77 3 6:9164382:15299:1:620:64.71
77 11:10945004:28659:1:395:34.54
77 11 6:14914925:27326:1:395:36.23
77 6:10012128:36405:1:283:27.19
90:10921995:22062:1:417:44.87
90 27:4948120:4774:1:1767:207.33
90 27 7:4894449:3116:1:2678:317.61
90 27 6:4905238:4093:1:1768:241.82
90 7:5458441:5250:1:2098:188.54
90 7 11:4045936:3344:1:2363:295.96
90 7 6:5120359:4355:1:2098:227.27
90 148:6859684:9616:1:890:102.94
90 148 218:7056465:9187:1:890:107.75
90 148 218 1:5074205:5763:1:1452:171.76
90 148 218 1 6:5643033:5399:1:1606:183.33
90 148 218 11:4099083:4864:1:1531:203.49
90 148 218 11 6:4741595:4709:1:2126:210.19
90 148 218 6:8043525:8627:1:890:114.74
90 148 1:4935821:5984:1:1452:165.41
90 148 1 6:5548709:5608:1:1606:176.5
90 148 11 6:4676549:4911:1:2126:201.55
90 148 6:7912441:9018:1:890:109.77
90 218:5581023:10198:1:886:97.07
90 218 1:4160001:6303:1:1452:157.04
90 218 1 6:4874959:5912:1:1606:167.43
90 218 11 6:4437860:5327:1:1836:185.81
90 218 6:6818249:9585:1:886:103.28
90 1:6719886:11087:1:770:89.29
90 1 3 6:4190428:3863:1:2619:256.21
90 1 11:5935018:7370:1:1297:134.31
90 1 11 6:6914247:7112:1:1297:139.18
90 1 6:8009646:10374:1:774:95.42
90 3:6983109:8575:1:1051:115.44
90 3 11:6149494:5940:1:1435:166.64
90 3 11 6:6870121:5727:1:1435:172.84
90 3 6:7784955:7942:1:1134:124.64
90 11:10552341:14860:1:599:66.62
90 11 6:12579390:14368:1:619:68.9
90 6:13459152:20389:1:484:48.55
64:18613434:48262:1:197:20.51
64 27:6274727:6768:1:1403:146.26
64 27 7:6562872:4454:1:1881:222.22
64 27 7 11:5535877:3255:1:2074:304.05
64 27 7 6:5624097:3513:1:2697:281.73
64 27 11:5825124:4903:1:1547:201.88
64 27 11 6:5800081:4301:1:1748:230.13
64 27 6:6102359:5592:1:1528:177.01
64 7:7854784:8390:1:1230:117.98
64 7 11:7045306:5972:1:1413:165.75
64 7 11 6:6917901:5247:1:1475:188.64
64 7 6:7428622:6910:1:1238:143.25
64 148:6474576:10683:1:843:92.66
64 148 218:6430369:9744:1:1134:101.59
64 148 218 1:4032616:5237:1:1823:189.0
64 148 218 1 6:4530056:4844:1:2195:204.33
64 148 218 11:6835785:7435:1:1206:133.14
64 148 218 11 6:7755896:7155:1:1206:138.35
64 148 218 6:7495883:9099:1:1134:108.79
64 148 1:4008118:5604:1:1823:176.63
64 148 1 6:4568496:5190:1:2195:190.72
64 148 11:7032967:8113:1:981:122.01
64 148 11 6:8058389:7810:1:981:126.74
64 148 6:7649377:9930:1:897:99.69
64 218:5256871:11921:1:893:83.04
64 218 1 11 6:4138300:4229:1:2412:234.04
64 218 11:6118518:8662:1:948:114.28
64 218 11 6:7246191:8324:1:948:118.92
64 218 6:6673163:11027:1:893:89.77
64 1:7650313:15390:1:609:64.32
64 1 3:4942427:6066:1:1814:163.18
64 1 3 11:4610684:4258:1:1986:232.45
64 1 3 11 6:5052282:4050:1:1986:244.38
64 1 3 6:5144482:5247:1:1814:188.64
64 1 11:8242531:10724:1:830:92.31
64 1 11 6:9549848:10214:1:901:96.92
64 1 6:8879378:13377:1:774:74.0
64 3:14319790:20187:1:639:49.04
64 3 11:11796959:12067:1:941:82.04
64 3 11 6:13003450:11388:1:941:86.93
64 3 6:13967237:16004:1:723:61.86
64 11:19047744:28960:1:407:34.18
64 11 6:22569538:27427:1:407:36.09
64 6:21198154:38503:1:269:25.71
27:38846600:71044:1:198:13.93
27 7:42071950:38741:1:280:25.55
27 7 148:10463758:7981:1:1021:124.03
27 7 148 218:9940537:7270:1:1550:136.16
27 7 148 218 1:5696099:3846:1:2059:257.34
27 7 148 218 1 6:5013077:3107:1:2669:318.53
27 7 148 218 11:8363886:5249:1:1550:188.57
27 7 148 218 11 6:7721489:4477:1:1562:221.08
27 7 148 218 6:8861233:5907:1:1550:167.57
27 7 148 1:5874766:4127:1:2059:239.83
27 7 148 1 11:4728379:2879:1:2613:343.75
27 7 148 1 6:5175405:3328:1:2669:297.39
27 7 148 11:8876114:5769:1:1550:171.58
27 7 148 11 6:8185301:4904:1:1562:201.84
27 7 148 6:9328355:6462:1:1163:153.18
27 7 218:10062954:8795:1:1181:112.55
27 7 218 1:5496112:4362:1:2059:226.91
27 7 218 1 6:4893630:3518:1:2669:281.33
27 7 218 11:8645168:6265:1:1417:158.0
27 7 218 11 6:8002778:5305:1:1550:186.58
27 7 218 6:9048038:7095:1:1322:139.52
27 7 1:14137804:11823:1:822:83.73
27 7 1 3:6807738:4565:1:2204:216.82
27 7 1 3 11:5678172:3280:1:2594:301.74
27 7 1 11:11990862:8330:1:1238:118.83
27 7 1 11 6:10929736:6982:1:1238:141.77
27 7 1 6:12284404:9271:1:1065:106.77
27 7 3:22195076:15876:1:668:62.35
27 7 3 11:17649007:10738:1:829:92.19
27 7 3 11 6:15085778:8667:1:1066:114.21
27 7 3 6:17722549:11799:1:771:83.9
27 7 11:34976160:26183:1:389:37.81
27 7 11 6:31703853:21743:1:488:45.53
27 7 6:36043064:29685:1:288:33.35
27 148:8980314:11710:1:853:84.54
27 148 218:8699793:10582:1:959:93.55
27 148 218 1:5135678:5509:1:1817:179.67
27 148 218 1 11:4633958:3932:1:2135:251.72
27 148 218 1 11 6:4735948:3535:1:2164:279.98
27 148 218 1 6:5174348:4712:1:1817:210.06
27 148 218 11:8405482:7822:1:1215:126.55
27 148 218 11 6:8656837:7014:1:1215:141.13
27 148 218 6:8960868:9087:1:959:108.94
27 148 1:5182760:5911:1:1817:167.46
27 148 1 11:4758539:4233:1:2040:233.82
27 148 1 11 6:4878450:3796:1:2040:260.73
27 148 1 6:5256318:5042:1:1817:196.31
27 148 3:4089838:3845:1:2206:257.41
27 148 3 6:4192418:3401:1:2206:291.01
27 148 11:8769182:8591:1:1215:115.22
27 148 11 6:9072942:7683:1:1215:128.84
27 148 6:9297890:9979:1:959:99.2
27 218:7884150:13168:1:959:75.18
27 218 1:4492696:6324:1:1222:156.52
27 218 1 11:4323268:4470:1:1650:221.43
27 218 1 11 6:4507169:3997:1:2164:247.62
27 218 1 6:4721921:5396:1:1401:183.44
27 218 3:4103500:4519:1:1856:219.03
27 218 3 6:4194971:3921:1:1974:252.42
27 218 11:8058177:9380:1:981:105.53
27 218 11 6:8496125:8350:1:1200:118.55
27 218 6:8475689:11130:1:959:88.94
27 1:12716690:19415:1:521:50.99
27 1 3:7641018:7773:1:976:127.35
27 1 3 11:6494128:5215:1:1800:189.8
27 1 3 11 6:6339476:4526:1:2454:218.69
27 1 3 6:6884635:6027:1:1505:164.23
27 1 11:11831550:12854:1:664:77.01
27 1 11 6:12223345:11318:1:735:87.46
27 1 6:12500495:15266:1:582:64.85
27 3:26311840:30034:1:338:32.96
27 3 11:19968629:17467:1:592:56.68
27 3 11 6:19274709:14903:1:592:66.43
27 3 6:22293890:21612:1:459:45.81
27 11:33659675:41300:1:259:23.97
27 11 6:34816384:35805:1:293:27.65
27 6:36749710:51880:1:224:19.08
7:47116910:86130:1:126:11.49
7 148:11265662:14682:1:678:67.43
7 148 218:10874419:13207:1:852:74.95
7 148 218 1:6267494:6708:1:1386:147.56
7 148 218 1 11:5508660:4739:1:1657:208.86
7 148 218 1 11 6:5535129:4243:1:1684:233.27
7 148 218 1 6:6095910:5681:1:1548:174.23
7 148 218 11:10211492:9619:1:1093:102.91
7 148 218 11 6:10397528:8630:1:1123:114.7
7 148 218 6:10870713:11271:1:908:87.83
7 148 1:6348852:7235:1:1106:136.82
7 148 1 11:5683800:5136:1:1600:192.72
7 148 1 11 6:5734237:4590:1:1684:215.64
7 148 1 6:6226100:6124:1:1376:161.63
7 148 3:4174270:4351:1:1863:227.48
7 148 3 6:4208540:3803:1:2418:260.25
7 148 11:10727111:10653:1:1027:92.92
7 148 11 6:10967427:9533:1:1027:103.84
7 148 6:11321847:12458:1:749:79.46
7 218:10044635:16674:1:769:59.37
7 218 1:5596424:7824:1:1109:126.52
7 218 1 11:5185237:5451:1:1453:181.59
7 218 1 11 6:5298342:4852:1:1570:204.0
7 218 1 6:5642995:6608:1:1548:149.8
7 218 3:4393316:5271:1:1417:187.78
7 218 3 6:4395001:4506:1:1940:219.66
7 218 11:9887307:11667:1:846:84.85
7 218 11 6:10300783:10406:1:848:95.13
7 218 6:10444895:14043:1:769:70.49
7 1:15514412:23565:1:452:42.01
7 1 3:8815850:9206:1:1111:107.53
7 1 3 11:7321244:6102:1:1314:162.22
7 1 3 11 6:6965096:5245:1:1864:188.72
7 1 3 6:7740627:7121:1:1301:139.01
7 1 11:14113525:15547:1:557:63.67
7 1 11 6:14268290:13617:1:637:72.7
7 1 6:14822260:18553:1:637:53.36
7 3:31022154:35970:1:325:27.52
7 3 11:23451181:21087:1:516:46.95
7 3 11 6:22226612:17936:1:611:55.19
7 3 6:26042159:26216:1:372:37.76
7 11:40911955:50954:1:216:19.43
7 11 6:41654153:44190:1:248:22.4
7 6:44172290:64034:1:155:15.46
148:15389848:69922:1:187:14.16
148 218:16180358:58823:1:207:16.83
148 218 1:9743092:25267:1:358:39.18
148 218 1 3:6553856:9405:1:1046:105.25
148 218 1 3 11:6924395:7275:1:1455:136.06
148 218 1 3 11 6:7965263:7131:1:1455:138.81
148 218 1 3 6:7719891:8958:1:1046:110.5
148 218 1 11:12368270:19195:1:507:51.57
148 218 1 11 6:15049976:18628:1:563:53.14
148 218 1 6:13031565:23692:1:495:41.78
148 218 3:13440189:22677:1:411:43.65
148 218 3 11:14805293:17382:1:619:56.95
148 218 3 11 6:17369908:17070:1:619:57.99
148 218 3 6:16289924:21481:1:432:46.09
148 218 11:24079442:44739:1:264:22.13
148 218 11 6:30530825:43499:1:264:22.76
148 218 6:24156863:54989:1:207:18.0
148 1:9266512:28049:1:356:35.29
148 1 3:6854966:10653:1:1046:92.92
148 1 3 11:7236180:8047:1:1211:123.01
148 1 3 11 6:8361823:7858:1:1211:125.97
148 1 3 6:8050113:9961:1:1046:99.38
148 1 11:12342597:20914:1:507:47.33
148 1 11 6:15267757:20255:1:563:48.87
148 1 6:12830176:25933:1:495:38.17
148 3:14877810:27578:1:306:35.9
148 3 11:15818839:19793:1:454:50.02
148 3 11 6:18599666:19278:1:454:51.35
148 3 6:17536565:24893:1:360:39.77
148 11:24281315:50136:1:204:19.75
148 11 6:31418074:48480:1:209:20.42
148 6:24107265:62711:1:204:15.79
218:4874774:88598:1:113:11.17
218 1:5302865:32127:1:356:30.81
218 1 3:5995866:12383:1:720:79.94
218 1 3 11:6496462:8704:1:1107:113.73
218 1 3 11 6:7682080:8446:1:1107:117.2
218 1 3 6:7278491:11240:1:853:88.07
218 1 11:9662622:22431:1:507:44.13
218 1 11 6:12846951:21635:1:507:45.76
218 1 6:9552785:29020:1:449:34.11
218 3:13579518:35874:1:294:27.6
218 3 11:14530508:22569:1:411:43.86
218 3 11 6:17578901:21742:1:490:45.53
218 3 6:16612143:30610:1:308:32.34
218 11:18165639:56129:1:210:17.64
218 11 6:26233338:53833:1:210:18.39
218 6:16533789:75427:1:151:13.13
1:21710428:197522:1:58:5.01
1 3:36163880:82652:1:144:11.98
1 3 11:26116139:36944:1:288:26.8
1 3 11 6:29237944:33615:1:359:29.45
1 3 6:32794793:54577:1:201:18.14
1 11:33420394:87476:1:156:11.32
1 11 6:43588246:79864:1:156:12.4
1 6:35419435:129054:1:86:7.67
3:146855172:445987:1:23:2.22
3 11:92911376:154407:1:72:6.41
3 11 6:102596885:134125:1:72:7.38
3 6:126747093:257061:1:41:3.85
11:97142555:355271:1:28:2.79
11 6:135363257:309466:1:38:3.2
6:97477095:592203:1:13:1.67
