42 2 120 24 38 97 36 90 94:5129004:1769:1:3906:4.75
42 2 120 24 97 36 90 94:5051814:1813:1:3906:4.64
23 104 71 67 41 38 97 36 90:5009815:1865:1:2700:4.51
23 104 71 67 41 38 97 36 90 94:5206745:1865:1:2700:4.51
23 104 71 67 41 38 97 36 94:5133093:2036:1:2700:4.13
23 104 71 67 41 38 36 90 94:5024015:1953:1:2395:4.31
23 104 71 67 41 97 36 90 94:5000617:1865:1:2700:4.51
23 104 67 41 38 97 36 90 94:5141120:2109:1:2696:3.99
23 1 71 67 41 38 36 90 94:5182480:1984:1:2131:4.24
57 41 38 97 36 90:5102234:2954:1:2688:2.85
57 41 38 97 36 90 94:5421274:2954:1:2688:2.85
57 41 97 36 90 94:5094826:2954:1:2688:2.85
2 120 24 38 97 36:5150580:2456:1:3906:3.43
2 120 24 38 97 36 90:5850277:2417:1:3906:3.48
2 120 24 38 97 36 90 94:6116205:2417:1:3906:3.48
2 120 24 38 97 36 94:5421442:2456:1:3906:3.43
2 120 24 38 36 90:5317393:2417:1:3906:3.48
2 120 24 38 36 90 94:5583321:2417:1:3906:3.48
2 120 24 97 36 90:5679456:2461:1:3906:3.42
2 120 24 97 36 90 94:5950060:2461:1:3906:3.42
2 120 24 97 36 94:5244775:2504:1:3906:3.36
2 120 24 36 90:5136488:2461:1:3906:3.42
2 120 24 36 90 94:5407092:2461:1:3906:3.42
2 120 38 97 36 90:5095365:2661:1:2754:3.16
2 120 38 97 36 90 94:5387463:2661:1:2754:3.16
2 120 97 36 90 94:5174818:2705:1:2754:3.11
2 24 38 97 36:5220139:3152:1:3905:2.67
2 24 38 97 36 90:6161786:3110:1:3905:2.71
2 24 38 97 36 90 94:6504548:3110:1:3905:2.71
2 24 38 97 36 94:5568409:3152:1:3905:2.67
2 24 38 36 90:5516806:3134:1:3905:2.68
2 24 38 36 90 94:5862192:3134:1:3905:2.68
2 24 97 36:5026369:3256:1:3905:2.58
2 24 97 36 90:5991187:3206:1:3905:2.62
2 24 97 36 90 94:6328866:3198:1:3905:2.63
2 24 97 36 94:5372908:3248:1:3905:2.59
2 24 36 90:5321367:3230:1:3905:2.6
2 24 36 90 94:5663790:3222:1:3905:2.61
2 38 97 36 90:5308601:3598:1:2753:2.34
2 38 97 36 90 94:5703821:3598:1:2753:2.34
2 38 36 90 94:5030804:3688:1:2753:2.28
2 97 36 90:5046498:3702:1:2753:2.27
2 97 36 90 94:5440343:3694:1:2753:2.28
31 104 1 71 67 41:5006139:2024:1:3985:4.16
31 104 1 71 67 41 90:5084372:1849:1:3985:4.55
31 1 71 67 41:5038945:2472:1:1969:3.4
31 1 71 67 41 36 90:5002830:1837:1:1969:4.58
31 1 71 67 41 36 90 94:5199172:1837:1:1969:4.58
31 1 71 67 41 36 94:5005737:1976:1:1969:4.26
31 1 71 67 41 90:5305379:2273:1:1969:3.7
31 1 71 67 41 90 94:5084375:2081:1:1969:4.04
31 1 71 41 36 90:5190707:2114:1:1969:3.98
31 1 71 41 36 90 94:5416213:2114:1:1969:3.98
31 1 71 41 36 94:5137839:2272:1:1969:3.7
31 1 71 41 90:5331498:2582:1:1969:3.26
31 1 71 41 90 94:5200112:2390:1:1969:3.52
31 1 67 41 36 90:5052809:2135:1:1969:3.94
31 1 67 41 36 90 94:5282191:2135:1:1969:3.94
31 1 67 41 36 94:5002330:2304:1:1969:3.65
31 1 67 41 90:5024536:2571:1:1969:3.27
31 1 41 36:5277196:2944:1:1969:2.86
31 1 41 36 90:5711863:2724:1:1969:3.09
31 1 41 36 90 94:6002341:2724:1:1969:3.09
31 1 41 36 94:5595768:2944:1:1969:2.86
31 1 41 90:5361603:3192:1:1969:2.64
31 1 41 90 94:5364195:3000:1:1969:2.8
31 1 97 36 90 94:5016016:2484:1:2544:3.39
31 1 36 90 94:5241692:2922:1:1825:2.88
104 1 71 67 41:5146945:2536:1:3985:3.32
104 1 71 67 41 36 90:5092913:1876:1:3985:4.48
104 1 71 67 41 36 90 94:5290429:1876:1:3985:4.48
104 1 71 67 41 36 94:5210250:2051:1:3985:4.1
104 1 71 67 41 90:5296106:2295:1:3985:3.67
104 1 71 67 41 90 94:5070082:2103:1:3985:4.0
104 1 71 67 41 94:5014583:2344:1:3985:3.59
104 1 67 41 36 90 94:5220847:2115:1:3985:3.98
104 1 67 41 36 94:5046661:2315:1:3985:3.63
104 71 67 41 38 97 36 90 94:5007201:1865:1:2700:4.51
104 71 67 38 97 36 90 94:5169649:2261:1:2700:3.72
104 71 67 97 36 90:5065936:2449:1:2344:3.44
104 71 67 97 36 90 94:5325220:2449:1:2344:3.44
104 71 67 97 36 94:5061074:2680:1:2344:3.14
104 71 67 36 90 94:5062210:2591:1:1817:3.25
120 24 38 97 36 90:5173877:2476:1:3010:3.4
120 24 38 97 36 90 94:5445987:2476:1:3010:3.4
120 24 97 36 90:5131719:2592:1:3010:3.25
120 24 97 36 90 94:5416235:2592:1:3010:3.25
120 38 97 36 90:5376402:3412:1:1026:2.47
120 38 97 36 90 94:5747464:3412:1:1026:2.47
120 38 36 90 94:5107483:3491:1:1026:2.41
120 97 36 90:5300096:3620:1:1026:2.32
120 97 36 90 94:5693746:3620:1:1026:2.32
1 71 67 41 36 90:5122377:2240:1:1969:3.76
1 71 67 41 36 90 94:5360475:2240:1:1969:3.76
1 71 67 41 36 94:5125338:2439:1:1969:3.45
1 71 67 41 90:5141305:2719:1:1969:3.09
1 71 67 41 90 94:5048471:2527:1:1969:3.33
1 71 41 36 90:5080223:2517:1:1969:3.34
1 71 41 36 90 94:5347485:2517:1:1969:3.34
1 67 41 36 90:5252341:2715:1:1969:3.1
1 67 41 36 90 94:5542443:2715:1:1969:3.1
1 67 41 36 94:5155396:2959:1:1969:2.84
1 41 36 90:5492320:3304:1:1969:2.55
1 41 36 90 94:5843518:3304:1:1969:2.55
1 41 36 94:5282292:3599:1:1969:2.34
88 79 97 36 90 94:5088597:2923:1:1297:2.88
88 97 36 90:5025660:3661:1:1297:2.3
88 97 36 90 94:5416600:3661:1:1297:2.3
88 36 90 94:5121349:4069:1:1297:2.07
79 97 36 90 94:5209811:3772:1:1297:2.23
56 97 36 90:5102149:4331:1:1537:1.94
56 97 36 90 94:5570327:4331:1:1537:1.94
24 38 97 36 90:5343237:3236:1:3009:2.6
24 38 97 36 90 94:5699191:3236:1:3009:2.6
24 38 36 90 94:5047609:3276:1:3009:2.57
24 97 36:5359487:4435:1:1729:1.9
24 97 36 90:6555554:4293:1:1729:1.96
24 97 36 90 94:7011903:4285:1:1729:1.96
24 97 36 94:5835568:4427:1:1729:1.9
24 97 90 94:5016681:4346:1:1729:1.94
24 36 90:5955891:4571:1:1729:1.84
24 36 90 94:6444390:4563:1:1729:1.84
24 36 94:5190928:4737:1:1729:1.78
71 67 38 97 36 90 94:5024384:2686:1:1361:3.13
71 67 97 36 90:5100232:3094:1:1345:2.72
71 67 97 36 90 94:5429562:3094:1:1345:2.72
71 67 36 90 94:5213463:3398:1:1345:2.48
71 38 97 36 90 94:5088346:3173:1:1361:2.65
71 97 36 90:5266809:3817:1:1345:2.2
71 97 36 90 94:5676275:3817:1:1345:2.2
71 36 90 94:5293870:4180:1:1345:2.01
67 38 97 36 90 94:5119735:3401:1:1313:2.47
67 97 36 90:5212990:4063:1:1297:2.07
67 97 36 90 94:5647442:4063:1:1297:2.07
67 36 90 94:5177368:4429:1:1297:1.9
41 38 97 36 90:5501150:3534:1:2688:2.38
41 38 97 36 90 94:5880910:3534:1:2688:2.38
41 38 97 36 94:5063896:3740:1:2688:2.25
41 38 36 90:5103460:3824:1:1769:2.2
41 38 36 90 94:5515350:3824:1:1769:2.2
41 97 36:5319368:4707:1:2688:1.79
41 97 36 90:6361487:4423:1:2688:1.9
41 97 36 90 94:6835971:4423:1:2688:1.9
41 97 36 94:5829554:4707:1:2688:1.79
41 97 90 94:5068098:4690:1:2688:1.79
41 36 90:6012566:4951:1:1769:1.7
41 36 90 94:6544592:4951:1:1769:1.7
41 36 94:5356654:5279:1:1769:1.59
38 97 36 90:6482311:5701:1:1026:1.48
38 97 36 90 94:7099473:5701:1:1026:1.48
38 97 36 94:5569130:5992:1:1025:1.4
38 36 90:5484677:5991:1:1026:1.4
38 36 90 94:6133969:5991:1:1026:1.4
97 36:5116759:7239:1:528:1.16
97 36 90:6998280:6858:1:528:1.23
97 36 90 94:7729727:6850:1:584:1.23
97 36 94:5897834:7231:1:584:1.16
36 90:5891403:7386:1:192:1.14
36 90 94:6682512:7378:1:192:1.14
