64 39 100 31 1 79 24:1135092:518:1:3627:16.22
64 39 100 31 1 79 24 94:1013614:451:1:3627:18.62
64 39 100 31 1 24:1077833:548:1:3627:15.33
64 39 31 1 79 24:1106281:518:1:3627:16.22
64 39 31 1 24:1047348:548:1:3627:15.33
64 100 31 1 79 24:1021252:518:1:3627:16.22
68 39 100 31 1 79:1017233:515:1:3626:16.31
68 39 100 31 1 79 24:1259954:515:1:3626:16.31
68 39 100 31 1 79 24 94:1035107:426:1:3626:19.71
68 39 100 31 1 24:1211812:548:1:3626:15.33
68 39 100 31 79 24:1015460:515:1:3626:16.31
68 39 100 1 79 24:1033258:515:1:3626:16.31
68 39 31 1 79 24:1231782:515:1:3626:16.31
68 39 31 1 79 24 94:1011652:426:1:3626:19.71
68 39 31 1 24:1182007:548:1:3626:15.33
68 39 1 79 24:1005086:515:1:3626:16.31
68 100 31 1 79 24:1142834:515:1:3626:16.31
68 100 31 1 24:1085776:548:1:3626:15.33
68 31 88 1 79:1005281:492:1:3217:17.07
68 31 88 1 79 24:1233998:492:1:3217:17.07
68 31 88 1 79 24 94:1051549:418:1:3217:20.09
68 31 88 1 24:1171869:517:1:3217:16.25
68 31 88 79 24:1005317:492:1:3217:17.07
68 31 1 79 24:1220356:563:1:3217:14.92
68 31 1 79 24 94:1015854:470:1:3217:17.87
68 31 1 24:1148295:596:1:3217:14.1
68 88 1 79 24:1020886:492:1:3217:17.07
21 55 67 88 104 71 79:1007950:406:1:2785:20.68
21 55 67 104 71 79:1046656:476:1:2785:17.64
21 55 104 71 79:1051819:541:1:2785:15.53
21 67 88 104 71 79:1016714:473:1:2785:17.76
21 67 104 71 79:1004166:548:1:2785:15.33
21 104 71 79:1003959:637:1:2785:13.19
53 31 1:1070486:756:1:2177:11.12
119 55 67 88 104 79:1073084:573:1:3796:14.66
119 55 88 104 79:1006223:629:1:3796:13.36
20 120 56:1057793:1132:1:2345:7.43
50 31 1:1083056:820:1:2469:10.25
121 128 31 1:1334780:896:2:2739:9.38
121 128 31 1 38:1268183:799:2:2739:10.52
39 9 100 31 1 24:1020147:548:1:3625:15.33
39 9 31 1 79 24:1268144:633:1:3625:13.27
39 9 31 1 79 24 94:1162383:561:1:3626:14.98
39 9 31 1 24:1244323:692:1:3625:12.14
39 9 31 1 24 94:1073366:584:1:3626:14.39
39 6 100 31 1 79 24:1023363:510:1:3649:16.47
39 100 31 71 1 79 24:1092816:473:1:3629:17.76
39 100 31 71 1 24:1032507:497:1:3629:16.9
39 100 31 1:1333871:1096:1:3625:7.67
39 100 31 1 79:1519491:1037:1:3625:8.11
39 100 31 1 79 97 24:1128706:576:1:3626:14.59
39 100 31 1 79 97 24 94:1056245:517:1:3626:16.25
39 100 31 1 79 24:2016741:1037:1:3625:8.11
39 100 31 1 79 24 94:1698283:855:1:3626:9.83
39 100 31 1 79 94:1309105:855:1:3626:9.83
39 100 31 1 97 24:1028541:594:1:3626:14.14
39 100 31 1 24:1874177:1096:1:3625:7.67
39 100 31 1 24 94:1528501:878:1:3626:9.57
39 100 31 1 94:1122952:878:1:3626:9.57
39 100 31 79:1023402:1037:1:3625:8.11
39 100 31 79 24:1520652:1037:1:3625:8.11
39 100 31 79 24 94:1306216:855:1:3626:9.83
39 100 31 24:1345590:1104:1:3625:7.62
39 100 31 24 94:1121296:878:1:3626:9.57
39 100 1 79:1069067:1037:1:3625:8.11
39 100 1 79 24:1566317:1037:1:3625:8.11
39 100 1 79 24 94:1334755:855:1:3626:9.83
39 100 1 24:1388281:1096:1:3625:7.67
39 100 1 24 94:1151149:878:1:3626:9.57
39 100 79 24:1070228:1037:1:3625:8.11
39 90 31 1 79 24:1235336:598:1:3625:14.05
39 90 31 1 79 24 94:1103040:520:1:3626:16.15
39 90 31 1 24:1140935:619:1:3625:13.57
39 90 1 79 24:1012368:598:1:3625:14.05
39 31 67 1 79 24:1019089:474:1:3633:17.72
39 31 88:1013546:1010:1:3889:8.32
39 31 88 79:1213911:966:1:3889:8.7
39 31 88 79 94:1158058:856:1:3889:9.82
39 31 71 1 79:1098024:617:1:3629:13.62
39 31 71 1 79 24:1397121:617:1:3629:13.62
39 31 71 1 79 24 94:1201634:517:1:3631:16.25
39 31 71 1 24:1295749:641:1:3629:13.11
39 31 71 1 24 94:1104161:531:1:3631:15.82
39 31 71 79 24:1100094:617:1:3629:13.62
39 31 1:1599280:1384:1:3625:6.08
39 31 1 79:1868347:1325:1:3625:6.35
39 31 1 79 97 24:1096338:576:1:3626:14.59
39 31 1 79 97 24 94:1027000:517:1:3626:16.25
39 31 1 79 24:2505493:1325:1:3625:6.35
39 31 1 79 24 94:2183877:1122:1:3626:7.49
39 31 1 79 94:1667529:1122:1:3626:7.49
39 31 1 24:2279482:1384:1:3625:6.08
39 31 1 24 94:1937864:1145:1:3626:7.34
39 31 1 94:1405145:1145:1:3626:7.34
39 31 79:1241786:1333:1:3625:6.31
39 31 79 24:1870669:1325:1:3625:6.35
39 31 79 24 94:1663272:1122:1:3626:7.49
39 31 79 94:1156159:1130:1:3626:7.44
39 31 24:1611798:1392:1:3625:6.04
39 31 24 94:1402121:1145:1:3626:7.34
39 88 79 24:1361330:1025:1:3795:8.2
39 88 79 24 94:1256872:892:1:3798:9.42
39 88 24:1151334:1069:1:3795:7.87
39 88 24 94:1055349:913:1:3798:9.21
39 71 1 79 24:1132457:617:1:3629:13.62
39 71 1 24:1017493:641:1:3629:13.11
39 1:1051842:1480:1:3625:5.68
39 1 79:1383281:1421:1:3625:5.92
39 1 79 24:1929477:1325:1:3625:6.35
39 1 79 24 94:1705261:1122:1:3626:7.49
39 1 79 94:1265839:1193:1:3626:7.05
39 1 24:1667994:1384:1:3625:6.08
39 1 24 94:1445424:1145:1:3626:7.34
39 79 24:1379984:1414:1:2017:5.95
39 79 24 94:1240068:1175:1:2017:7.16
39 24:1057278:1481:1:2009:5.68
77 120:1183456:1349:1:2190:6.23
77 120 56:1178445:1133:1:2219:7.42
77 120 56 38:1042775:930:1:2219:9.04
77 120 94:1042302:1076:1:2194:7.81
77 120 94 38:1018674:962:1:2196:8.74
77 120 38:1070076:1115:1:2190:7.54
16 57 55 2 97 24:1051030:575:1:3971:14.61
16 57 55 2 97 24 94:1064723:549:1:3971:15.3
16 57 55 2 97 24 94 38:1061398:519:1:3971:16.18
16 57 55 2 97 24 38:1033353:533:1:3971:15.76
16 57 55 2 24:1121686:685:1:3969:12.27
16 57 55 2 24 94:1115761:638:1:3969:13.17
16 57 55 2 24 94 38:1097899:592:1:3969:14.19
16 57 55 2 24 38:1072286:614:1:3969:13.68
16 55 2 24:1011274:685:1:3969:12.27
16 55 2 24 94:1011982:638:1:3969:13.17
16 55 2 24 94 38:1000828:592:1:3969:14.19
16 55 24:1012848:877:1:3089:9.59
16 55 24 94:1021638:811:1:3089:10.36
16 41 24:1086990:936:1:2683:8.98
16 41 24 94:1105432:879:1:2683:9.56
16 24:1070161:1389:1:2683:6.05
16 24 94:1056485:1220:1:2683:6.89
13:1027712:2320:1:1897:3.63
13 100 24:1177025:1184:1:3625:7.1
13 57 31 1:1006835:648:1:2465:12.97
13 31:1070976:1208:1:2075:6.96
13 31 71 1:1052219:663:1:2136:12.67
13 31 1:1631389:1192:1:2113:7.05
13 31 1 97:1002991:649:1:2353:12.95
13 31 1 24:1034648:560:1:3625:15.0
13 31 1 38:1065268:726:1:2113:11.58
13 120:1228752:1387:1:1897:6.06
13 120 56:1195415:1136:1:2466:7.4
13 120 56 38:1056141:928:1:2468:9.06
13 120 38:1092382:1122:1:2169:7.49
13 1:1190754:1288:1:2113:6.53
13 56:1037330:1696:1:2345:4.96
13 97 24:1046168:946:1:3626:8.89
13 24:1375869:1464:1:3625:5.74
9 128 57:1014300:1224:1:3348:6.87
9 57 31 1:1131165:900:1:2556:9.34
9 31:1018627:1668:1:2329:5.04
9 31 71 1:1348469:973:1:2329:8.64
9 31 1:1800274:1652:1:2329:5.09
9 31 1 79:1363102:1017:1:2353:8.27
9 31 1 79 24:1311592:729:1:3625:11.53
9 31 1 79 24 94:1186984:635:1:3626:13.23
9 31 1 79 94:1055248:745:1:2355:11.28
9 31 1 24:1244232:788:1:3625:10.67
9 31 1 24 94:1071663:658:1:3626:12.77
9 31 1 94:1127718:973:1:2330:8.64
9 55 24:1043831:1006:1:3105:8.36
9 55 24 94:1016034:893:1:3105:9.41
9 41 24 94:1006931:888:1:2869:9.47
9 71 1:1017211:1021:1:2329:8.23
9 1:1099449:1700:1:2329:4.95
9 1 79 24:1000408:729:1:3625:11.53
122 31 88:1087748:1034:1:3556:8.13
122 31 88 79:1293745:990:1:3556:8.49
122 31 88 79 94:1220955:871:1:3556:9.65
122 31 88 94:1022245:892:1:3556:9.42
122 31 79:1269279:1292:1:3554:6.51
122 31 79 94:1173954:1093:1:3554:7.69
122 55 41:1014657:943:1:3298:8.92
122 67 88 79:1049103:895:1:3274:9.39
122 88:1037052:1613:1:3266:5.21
122 88 41:1016532:1010:1:3266:8.32
122 88 41 79:1278306:1000:1:3266:8.41
122 88 41 79 94:1048277:794:1:3266:10.59
122 88 71 79:1007162:799:1:3271:10.52
122 88 79:1428290:1569:1:3266:5.36
122 88 79 94:1245695:1251:1:3266:6.72
122 41:1024324:1557:1:2092:5.4
122 41 79:1015319:1114:1:3266:7.55
122 41 24:1169181:1041:1:2502:8.08
122 41 24 94:1152561:954:1:2502:8.81
122 71 79:1000748:1073:1:3270:7.84
122 79:1054395:1916:1:3266:4.39
122 24:1333071:1744:1:2499:4.82
122 24 94:1266585:1496:1:2499:5.62
42 12 2:1019855:1088:1:2817:7.73
42 12 2 120:1323217:969:1:2818:8.68
42 12 2 120 71 24:1034637:469:1:3906:17.91
42 12 2 120 79 24:1003553:472:1:3906:17.79
42 12 2 120 97:1092856:711:1:2822:11.82
42 12 2 120 97 24:1349583:675:1:3906:12.45
42 12 2 120 97 24 94:1078099:535:1:3906:15.7
42 12 2 120 97 24 94 38:1063101:504:1:3906:16.67
42 12 2 120 97 24 38:1263645:608:1:3906:13.82
42 12 2 120 97 38:1048450:642:1:2822:13.09
42 12 2 120 24:1669760:901:1:3906:9.33
42 12 2 120 24 94:1206652:655:1:3906:12.83
42 12 2 120 24 94 38:1182779:612:1:3906:13.73
42 12 2 120 24 38:1528802:794:1:3906:10.59
42 12 2 120 38:1254829:860:1:2818:9.77
42 12 2 97 24:1085863:692:1:3905:12.14
42 12 2 97 24 38:1024733:616:1:3905:13.64
42 12 2 24:1355866:951:1:3905:8.84
42 12 2 24 94:1003011:687:1:3905:12.23
42 12 2 24 38:1245701:822:1:3905:10.23
42 12 120:1056098:1017:1:2818:8.27
42 12 120 97 24:1130013:675:1:3906:12.45
42 12 120 97 24 38:1066593:608:1:3906:13.82
42 12 120 24:1373570:901:1:3906:9.33
42 12 120 24 94:1000114:655:1:3906:12.83
42 12 120 24 38:1269476:794:1:3906:10.59
42 12 24:1040884:951:1:3905:8.84
42 36 2 120:1010112:709:1:2754:11.85
42 36 2 120 24:1165735:639:1:3906:13.15
42 36 2 120 24 38:1112027:586:1:3906:14.34
42 36 2 24:1019016:701:1:3906:11.99
42 36 120 24:1058027:692:1:3010:12.14
42 128 2 120:1160178:698:1:3906:12.04
42 128 2 120 24:1489398:692:1:3906:12.14
42 128 2 120 24 38:1121232:523:1:3906:16.06
42 128 2 24:1343206:786:1:3905:10.69
42 128 120:1087634:818:1:3810:10.28
42 128 120 24:1301263:716:1:3906:11.74
42 128 24:1147647:834:1:3905:10.08
42 90 2 120 24:1202876:668:1:3906:12.58
42 90 2 120 24 94:1069026:577:1:3906:14.56
42 90 2 120 24 94 38:1046299:541:1:3906:15.53
42 90 2 120 24 38:1121207:601:1:3906:13.98
42 90 120 24:1067449:720:1:3010:11.67
42 5 2 120:1084335:737:1:2882:11.4
42 5 2 120 24:1303206:667:1:3906:12.6
42 5 2 24:1165915:762:1:3905:11.03
42 5 120 24:1172420:718:1:3074:11.71
42 5 24:1017756:842:1:3073:9.98
42 55 67 88 104 2 71 79:1088033:393:1:2753:21.36
42 55 67 88 104 71 79:1122468:459:1:2753:18.3
42 55 67 104 2 71 79:1103030:452:1:2753:18.58
42 55 67 104 71 79:1149271:541:1:2753:15.53
42 55 104 71 79:1015375:548:1:2753:15.33
42 67:1049152:1588:1:2753:5.3
42 67 88 104 71:1005983:551:1:2753:15.25
42 67 88 104 71 79:1155228:551:1:2753:15.25
42 67 88 2:1025107:771:1:2753:10.9
42 67 88 120:1033105:717:1:2754:11.72
42 67 88 71:1037700:737:1:2753:11.4
42 67 88 71 79:1073195:639:1:2753:13.15
42 67 88 79:1019433:785:1:2753:10.71
42 67 104 71 79:1118216:637:1:2753:13.19
42 67 2:1304987:1320:1:2753:6.37
42 67 2 120:1516687:1076:1:2754:7.81
42 67 2 120 71:1151932:644:1:2754:13.05
42 67 2 120 71 24:1160986:511:1:3906:16.44
42 67 2 120 71 38:1012444:539:1:2754:15.59
42 67 2 120 79:1095649:649:1:2754:12.95
42 67 2 120 79 24:1123049:516:1:3906:16.28
42 67 2 120 97 24:1163948:589:1:3906:14.26
42 67 2 120 97 24 38:1080758:524:1:3906:16.03
42 67 2 120 24:1796922:943:1:3906:8.92
42 67 2 120 24 94:1212937:649:1:3906:12.95
42 67 2 120 24 94 38:1159174:592:1:3906:14.19
42 67 2 120 24 38:1572778:798:1:3906:10.53
42 67 2 120 94:1042105:744:1:2754:11.3
42 67 2 120 94 38:1030589:685:1:2754:12.27
42 67 2 120 38:1392833:929:1:2754:9.05
42 67 2 71:1221649:884:1:2753:9.51
42 67 2 71 79:1109531:668:1:2753:12.58
42 67 2 71 24:1142057:610:1:3905:13.77
42 67 2 71 38:1081122:726:1:2753:11.58
42 67 2 79:1126439:888:1:2753:9.47
42 67 2 79 24:1075064:610:1:3905:13.77
42 67 2 24:1547735:1042:1:3905:8.07
42 67 2 24 94:1071052:712:1:3905:11.8
42 67 2 24 94 38:1002839:627:1:3905:13.4
42 67 2 24 38:1340756:853:1:3905:9.85
42 67 2 38:1222956:1116:1:2753:7.53
42 67 120:1380172:1274:1:2754:6.6
42 67 120 71:1169189:797:1:2754:10.55
42 67 120 71 79:1025939:586:1:2754:14.34
42 67 120 71 24:1110749:568:1:3010:14.79
42 67 120 79:1155493:845:1:2754:9.95
42 67 120 79 24:1145562:616:1:3010:13.64
42 67 120 97 24:1077639:647:1:3010:12.99
42 67 120 24:1651731:1045:1:3010:8.05
42 67 120 24 94:1131804:725:1:3010:11.59
42 67 120 24 94 38:1048083:636:1:3010:13.21
42 67 120 24 38:1401784:854:1:3010:9.84
42 67 120 38:1149863:985:1:2754:8.54
42 67 71:1138112:1082:1:2753:7.77
42 67 71 79:1152605:866:1:2753:9.71
42 67 71 24:1100783:712:1:3009:11.8
42 67 79:1088041:1154:1:2753:7.29
42 67 79 24:1122802:780:1:3009:10.78
42 67 24:1406691:1214:1:3009:6.93
42 67 24 94:1014530:848:1:3009:9.91
42 67 24 38:1206362:972:1:3009:8.65
42 88:1007615:1351:1:2753:6.22
42 88 104 71 79:1004378:551:1:2753:15.25
42 88 2:1211134:1145:1:2753:7.34
42 88 2 120:1405360:942:1:2754:8.92
42 88 2 120 71:1063429:568:1:2754:14.79
42 88 2 120 71 24:1033950:443:1:3906:18.95
42 88 2 120 24:1596165:817:1:3906:10.29
42 88 2 120 24 94:1152991:591:1:3906:14.22
42 88 2 120 24 94 38:1128760:550:1:3906:15.27
42 88 2 120 24 38:1440181:708:1:3906:11.87
42 88 2 120 94:1024600:681:1:2754:12.34
42 88 2 120 94 38:1030308:638:1:2754:13.17
42 88 2 120 38:1323259:831:1:2754:10.12
42 88 2 71:1108955:767:1:2753:10.96
42 88 2 71 38:1005353:644:1:2753:13.05
42 88 2 79:1014672:763:1:2753:11.02
42 88 2 24:1341512:887:1:3905:9.48
42 88 2 24 38:1203063:747:1:3905:11.25
42 88 2 38:1161094:990:1:2753:8.49
42 88 120:1285710:1091:1:2754:7.71
42 88 120 71:1080525:693:1:2754:12.13
42 88 120 79:1026880:710:1:2754:11.84
42 88 120 24:1432815:874:1:3010:9.62
42 88 120 24 94:1059098:640:1:3010:13.13
42 88 120 24 94 38:1034839:590:1:3010:14.24
42 88 120 24 38:1293890:754:1:3010:11.15
42 88 120 38:1113263:877:1:2754:9.59
42 88 71:1043581:925:1:2753:9.09
42 88 71 79:1023086:730:1:2753:11.51
42 88 24:1204457:1001:1:3009:8.4
42 88 24 38:1092711:844:1:3009:9.96
42 2:1577832:2224:1:2753:3.78
42 2 120:2253804:1972:1:2754:4.27
42 2 120 71:1639761:1076:1:2754:7.81
42 2 120 71 79:1165987:649:1:2754:12.95
42 2 120 71 79 24:1186694:516:1:3906:16.28
42 2 120 71 79 38:1024872:540:1:2754:15.56
42 2 120 71 97 24:1037662:525:1:3906:16.0
42 2 120 71 24:1899614:943:1:3906:8.92
42 2 120 71 24 94:1319992:661:1:3906:12.71
42 2 120 71 24 94 38:1240599:596:1:3906:14.1
42 2 120 71 24 38:1648183:791:1:3906:10.63
42 2 120 71 94:1167117:756:1:2754:11.12
42 2 120 71 94 38:1135155:689:1:2754:12.2
42 2 120 71 38:1492616:922:1:2754:9.12
42 2 120 79:1573177:1113:1:2754:7.55
42 2 120 79 97:1063110:692:1:2755:12.14
42 2 120 79 97 24:1254652:629:1:3906:13.36
42 2 120 79 97 24 38:1138550:549:1:3906:15.3
42 2 120 79 24:1877557:980:1:3906:8.58
42 2 120 79 24 38:1630341:822:1:3906:10.23
42 2 120 79 38:1436400:953:1:2754:8.82
42 2 120 97:1554747:1229:1:2755:6.84
42 2 120 97 24:2017166:1166:1:3906:7.21
42 2 120 97 24 94:1653244:941:1:3906:8.93
42 2 120 97 24 94 38:1638243:886:1:3906:9.49
42 2 120 97 24 38:1900581:1051:1:3906:8.0
42 2 120 97 94:1305243:994:1:2755:8.46
42 2 120 97 94 38:1326756:937:1:2755:8.97
42 2 120 97 38:1511424:1112:1:2755:7.56
42 2 120 24:3020080:1839:1:3906:4.57
42 2 120 24 94:2137835:1313:1:3906:6.4
42 2 120 24 94 38:2086395:1217:1:3906:6.91
42 2 120 24 38:2727313:1596:1:3906:5.27
42 2 120 94:1630020:1408:1:2754:5.97
42 2 120 94 38:1649573:1310:1:2754:6.42
42 2 120 38:2130276:1727:1:2754:4.87
42 2 71:1445168:1316:1:2753:6.39
42 2 71 79:1213890:884:1:2753:9.51
42 2 71 79 24:1141063:610:1:3905:13.77
42 2 71 79 38:1077612:723:1:2753:11.62
42 2 71 24:1651450:1042:1:3905:8.07
42 2 71 24 94:1164803:724:1:3905:11.61
42 2 71 24 94 38:1072623:631:1:3905:13.32
42 2 71 24 38:1417038:846:1:3905:9.94
42 2 71 94:1060488:921:1:2753:9.13
42 2 71 94 38:1032877:819:1:2753:10.26
42 2 71 38:1342503:1109:1:2753:7.58
42 2 79:1329682:1352:1:2753:6.22
42 2 79 97 24:1054954:666:1:3905:12.62
42 2 79 24:1591442:1074:1:3905:7.83
42 2 79 24 38:1371115:873:1:3905:9.63
42 2 79 38:1244494:1136:1:2753:7.4
42 2 97:1177822:1365:1:2754:6.16
42 2 97 24:1601333:1212:1:3905:6.94
42 2 97 24 94:1338717:969:1:3905:8.68
42 2 97 24 94 38:1335031:901:1:3905:9.33
42 2 97 24 38:1517299:1070:1:3905:7.86
42 2 97 94:1030929:1096:1:2754:7.67
42 2 97 94 38:1070217:1018:1:2754:8.26
42 2 97 38:1180235:1212:1:2754:6.94
42 2 24:2345512:1946:1:3905:4.32
42 2 24 94:1704771:1376:1:3905:6.11
42 2 24 94 38:1669038:1252:1:3905:6.72
42 2 24 38:2135487:1651:1:3905:5.09
42 2 94:1212229:1577:1:2753:5.33
42 2 94 38:1263971:1440:1:2753:5.84
42 2 38:1568200:1914:1:2753:4.39
42 120:1800808:2211:1:2754:3.8
42 120 71:1492417:1247:1:2754:6.74
42 120 71 79:1209444:820:1:2754:10.25
42 120 71 79 24:1172215:591:1:3010:14.22
42 120 71 24:1721234:1018:1:3010:8.26
42 120 71 24 94:1211428:717:1:3010:11.72
42 120 71 24 94 38:1113300:627:1:3010:13.4
42 120 71 24 38:1468075:834:1:3010:10.08
42 120 71 94:1088126:883:1:2754:9.52
42 120 71 38:1245896:965:1:2754:8.71
42 120 79:1468700:1349:1:2754:6.23
42 120 79 97:1046929:844:1:2755:9.96
42 120 79 97 24:1193042:707:1:3010:11.89
42 120 79 97 24 38:1027586:582:1:3010:14.44
42 120 79 24:1783016:1120:1:3010:7.51
42 120 79 24 38:1458105:881:1:3010:9.54
42 120 79 38:1191099:1012:1:2754:8.31
42 120 97:1333583:1384:1:2755:6.08
42 120 97 24:1774208:1247:1:3010:6.74
42 120 97 24 94:1475157:1010:1:3010:8.32
42 120 97 24 94 38:1417356:915:1:3010:9.19
42 120 97 24 38:1624912:1084:1:3010:7.76
42 120 97 94:1150939:1125:1:2755:7.47
42 120 97 94 38:1079196:966:1:2755:8.7
42 120 97 38:1204270:1145:1:2755:7.34
42 120 24:2606215:1982:1:3010:4.24
42 120 24 94:1875122:1421:1:3010:5.92
42 120 24 94 38:1770187:1262:1:3010:6.66
42 120 24 38:2283297:1655:1:3010:5.08
42 120 94:1345282:1587:1:2754:5.3
42 120 94 38:1281066:1355:1:2754:6.21
42 120 38:1613195:1786:1:2754:4.71
42 71:1180942:1535:1:2753:5.48
42 71 79:1155392:1103:1:2753:7.62
42 71 79 24:1135844:733:1:3009:11.47
42 71 24:1467403:1165:1:3009:7.22
42 71 24 94:1068659:821:1:3009:10.24
42 71 24 38:1263825:936:1:3009:8.98
42 71 38:1057314:1199:1:2753:7.01
42 79:1094617:1661:1:2753:5.06
42 79 24:1491238:1287:1:3009:6.53
42 79 24 38:1239713:998:1:3009:8.42
42 97 24:1348613:1331:1:3009:6.32
42 97 24 94:1159791:1070:1:3009:7.86
42 97 24 94 38:1134834:960:1:3009:8.76
42 97 24 38:1262535:1139:1:3009:7.38
42 24:1900515:2162:1:3009:3.89
42 24 94:1441953:1547:1:3009:5.44
42 24 94 38:1387313:1354:1:3009:6.21
42 24 38:1713890:1776:1:3009:4.74
12 31 1:1108751:968:1:3953:8.69
12 31 1 79:1033264:720:1:3953:11.67
12 55 67 88 104 71 79:1011100:446:1:2817:18.83
12 55 67 104 71 79:1007916:517:1:2817:16.25
12 55 104 71:1033101:733:1:2817:11.47
12 67 88 104 71 79:1047498:555:1:2817:15.14
12 88 104 71 79:1074116:657:1:2817:12.79
12 88 104 79:1102078:870:1:2817:9.66
12 88 71 79:1092385:911:1:1997:9.23
12 88 1 79:1011257:777:1:3953:10.82
12 88 79:1219892:1454:1:1985:5.78
12 104 71 79:1020861:783:1:2817:10.73
12 2 120:1121610:1149:1:2818:7.32
12 2 120 97 24:1106802:675:1:3906:12.45
12 2 120 97 24 38:1043642:608:1:3906:13.82
12 2 120 24:1321503:901:1:3906:9.33
12 2 120 24 38:1220389:794:1:3906:10.59
12 2 120 38:1065766:998:1:2818:8.42
12 120 97 24:1017513:771:1:3906:10.9
12 120 24:1136054:997:1:3906:8.43
12 120 24 38:1072415:884:1:3906:9.51
12 71 79:1118466:1279:1:1997:6.58
12 71 24:1043937:970:1:2105:8.67
12 1 79:1004561:1024:1:3953:8.21
12 79 24:1166263:1175:1:2105:7.16
12 97 24:1000934:1151:1:2108:7.31
12 24:1289021:1807:1:2105:4.65
6 31 1:1186052:1245:1:2185:6.75
6 24:1037357:1868:1:2569:4.5
6 24 94:1011060:1551:1:2569:5.42
100 90 56 24:1008042:1067:1:3935:7.88
100 31 88 1:1109656:867:1:3697:9.7
100 31 88 1 79:1187179:781:1:3697:10.76
100 31 88 1 79 94:1075959:672:1:3697:12.51
100 31 1:1270536:1288:1:3625:6.53
100 31 1 79:1408758:1133:1:3625:7.42
100 31 1 79 97 24:1001434:576:1:3626:14.59
100 31 1 79 24:1782393:1037:1:3625:8.11
100 31 1 79 24 94:1508107:855:1:3626:9.83
100 31 1 79 94:1206690:919:1:3626:9.15
100 31 1 24:1623185:1096:1:3625:7.67
100 31 1 24 94:1331321:878:1:3626:9.57
100 31 1 94:1083857:1025:1:3626:8.2
100 31 79 24:1331807:1069:1:3625:7.87
100 31 79 24 94:1139154:871:1:3626:9.65
100 31 24:1128758:1136:1:3625:7.4
100 67 56 24:1203861:1221:1:3937:6.89
100 67 24:1029933:1256:1:3633:6.7
100 88 56 79 24:1470802:1120:1:3930:7.51
100 88 56 79 24 94:1202521:869:1:3941:9.67
100 88 56 24:1631085:1546:1:3930:5.44
100 88 56 24 94:1401323:1230:1:3935:6.84
100 88 79 24:1281949:1120:1:3930:7.51
100 88 79 24 94:1055551:869:1:3941:9.67
100 88 24:1371492:1546:1:3930:5.44
100 88 24 94:1194416:1230:1:3935:6.84
100 71 56 79 24:1206202:878:1:3933:9.57
100 71 56 24:1465293:1334:1:3933:6.3
100 71 56 24 94:1174717:1005:1:3935:8.37
100 71 79 24:1089113:905:1:3629:9.29
100 71 24:1264776:1361:1:3629:6.18
100 71 24 94:1028849:1028:1:3631:8.18
100 1 79 24:1331969:1037:1:3625:8.11
100 1 79 24 94:1144579:855:1:3626:9.83
100 1 24:1137289:1096:1:3625:7.67
100 56 79 97 24:1196087:1085:1:3932:7.75
100 56 79 97 24 94:1005935:866:1:3932:9.71
100 56 79 24:1803540:1832:1:3929:4.59
100 56 79 24 94:1322225:1286:1:3931:6.54
100 56 97 24:1405087:1638:1:3932:5.13
100 56 97 24 94:1309207:1383:1:3932:6.08
100 56 24:1974590:2752:1:3929:3.06
100 56 24 94:1657755:2084:1:3931:4.04
100 79 97 24:1084455:1153:1:3626:7.29
100 79 24:1586833:1933:1:3625:4.35
100 79 24 94:1171407:1355:1:3626:6.21
100 97 24:1191574:1717:1:3626:4.9
100 97 24 94:1122754:1436:1:3626:5.86
100 24:1579385:2864:1:3625:2.94
100 24 94:1353743:2153:1:3626:3.91
36:1049490:2985:1:192:2.82
36 90 2 97 24 94 38:1019947:605:1:3906:13.89
36 90 2 24 94 38:1023034:686:1:3906:12.25
36 90 97:1021198:1304:1:530:6.45
36 90 97 24 94:1045396:825:1:1730:10.19
36 90 97 94:1076602:1205:1:587:6.98
36 90 24:1056882:1085:1:1730:7.75
36 90 24 94:1109844:1031:1:1730:8.16
36 90 94:1080660:1561:1:210:5.39
36 31 71 1:1074421:742:1:1914:11.33
36 31 1:1338694:1156:1:1827:7.27
36 31 1 79:1018511:739:1:1828:11.37
36 31 1 94:1098012:873:1:1827:9.63
36 67 88 104:1000746:740:1:1836:11.36
36 67 88 104 71:1031758:608:1:1843:13.82
36 67 88 104 71 79:1070745:545:1:1843:15.41
36 67 88 104 79:1087861:676:1:1836:12.43
36 67 88 79:1079299:890:1:1298:9.45
36 67 104 71:1090442:826:1:1843:10.18
36 67 104 71 79:1034942:640:1:1843:13.13
36 67 79:1000453:1133:1:1298:7.42
36 88:1106764:1570:1:1298:5.36
36 88 104 71 79:1034968:610:1:1843:13.77
36 88 104 79:1109007:824:1:1824:10.2
36 88 71:1055037:993:1:1346:8.47
36 88 71 79:1033469:792:1:1346:10.61
36 88 1:1034344:916:1:1833:9.18
36 88 1 79:1055268:775:1:1847:10.85
36 88 1 79 94:1016609:698:1:1847:12.04
36 88 79:1224723:1291:1:1298:6.51
36 88 79 94:1168113:1113:1:1302:7.55
36 88 94:1082140:1337:1:1302:6.29
36 104 71:1082201:1023:1:1820:8.22
36 104 71 1:1019721:699:1:3997:12.02
36 104 71 79:1017217:754:1:1820:11.15
36 104 1:1047873:915:1:3986:9.19
36 2:1044627:1556:1:2754:5.41
36 2 120 24:1106019:787:1:3906:10.68
36 2 120 24 38:1080408:730:1:3906:11.51
36 2 97:1032504:1195:1:2758:7.04
36 2 97 24:1195985:958:1:3906:8.78
36 2 97 24 94:1130858:852:1:3906:9.87
36 2 97 24 94 38:1191506:829:1:3906:10.14
36 2 97 24 38:1225696:906:1:3906:9.28
36 2 97 94:1026760:1069:1:2758:7.87
36 2 97 94 38:1109131:1036:1:2758:8.12
36 2 97 38:1096216:1130:1:2758:7.44
36 2 24:1313784:1213:1:3906:6.93
36 2 24 94:1167634:1017:1:3906:8.27
36 2 24 94 38:1225247:977:1:3906:8.61
36 2 24 38:1311989:1114:1:3906:7.55
36 2 94:1001563:1310:1:2754:6.42
36 2 94 38:1093819:1252:1:2754:6.72
36 2 38:1105001:1424:1:2754:5.91
36 41:1048294:1523:1:1770:5.52
36 41 97:1008215:1113:1:2690:7.55
36 41 97 94:1016406:1006:1:2690:8.36
36 41 94:1049370:1325:1:1770:6.35
36 71:1092938:1563:1:1346:5.38
36 71 1:1054151:952:1:1914:8.83
36 71 79:1041491:1085:1:1346:7.75
36 1:1118313:1429:1:1827:5.89
36 1 79:1036909:1012:1:1828:8.31
36 79:1086410:1778:1:1298:4.73
36 79 94:1000366:1404:1:1302:5.99
36 97:1158122:2068:1:528:4.07
36 97 24:1247487:1316:1:1730:6.39
36 97 24 94:1236886:1191:1:1730:7.06
36 97 24 94 38:1002463:869:1:3010:9.67
36 97 24 38:1006646:948:1:3010:8.87
36 97 94:1198802:1794:1:585:4.69
36 97 94 38:1078057:1392:1:1048:6.04
36 97 38:1054775:1590:1:1030:5.29
36 24:1366146:1778:1:1730:4.73
36 24 94:1311408:1541:1:1730:5.46
36 24 38:1030884:1176:1:3010:7.15
36 94:1110480:2414:1:192:3.48
36 94 38:1024236:1794:1:1035:4.69
36 38:1010499:2201:1:1026:3.82
128:1574217:3160:1:2081:2.66
128 11:1160937:1331:1:2609:6.32
128 11 31 1:1347505:763:1:2748:11.02
128 11 31 1 38:1083192:576:1:2748:14.59
128 11 120:1010417:769:1:2612:10.93
128 11 1:1042041:763:1:2748:11.02
128 11 56:1031072:1001:1:2609:8.4
128 11 38:1038145:1068:1:2609:7.87
128 5:1152723:1411:1:2129:5.96
128 5 57:1149276:1171:1:3438:7.18
128 5 31 1:1302292:753:1:2766:11.16
128 5 31 1 38:1031476:565:1:2768:14.87
128 5 1:1017939:787:1:2766:10.68
128 57:1624200:2456:1:2786:3.43
128 57 120:1344630:1228:1:3024:6.85
128 57 41:1235879:1217:1:2786:6.91
128 57 41 38:1195556:1076:1:2786:7.81
128 57 97:1123048:1317:1:3024:6.39
128 57 38:1339961:1760:1:2786:4.78
128 31:1703398:1816:1:2177:4.63
128 31 120:1187080:877:1:2312:9.59
128 31 120 1:1544495:845:2:2976:9.95
128 31 1:2547729:1784:1:2738:4.71
128 31 1 79:1058571:624:1:2976:13.47
128 31 1 97:1302827:810:1:2976:10.38
128 31 1 97 38:1087529:635:1:2976:13.23
128 31 1 38:2014743:1317:1:2738:6.39
128 31 38:1394509:1344:1:2177:6.26
128 55 2 24:1044040:643:1:3905:13.07
128 67 71:1049818:973:1:2082:8.64
128 2:1068615:1280:1:3905:6.57
128 2 120:1176555:914:1:3906:9.2
128 2 120 97 24:1071476:573:1:3906:14.66
128 2 120 24:1553357:884:1:3906:9.51
128 2 120 24 94:1060256:611:1:3906:13.75
128 2 120 24 38:1191901:682:1:3906:12.32
128 2 97 24:1152585:793:1:3905:10.6
128 2 97 24 94:1011395:663:1:3905:12.67
128 2 97 24 38:1022318:672:1:3905:12.51
128 2 24:1586076:1219:1:3905:6.9
128 2 24 94:1240475:913:1:3905:9.21
128 2 24 94 38:1169748:811:1:3905:10.36
128 2 24 38:1314563:973:1:3905:8.64
128 120:1736789:1855:1:2082:4.53
128 120 71:1305623:1016:1:2082:8.28
128 120 71 56:1336072:921:1:2205:9.13
128 120 1:1309112:941:1:2976:8.93
128 120 56:1640658:1488:1:2203:5.65
128 120 56 97:1076069:836:1:2208:10.05
128 120 56 38:1061932:937:2:2203:8.97
128 120 97:1216786:1085:1:2082:7.75
128 120 24:1294574:908:1:3906:9.26
128 120 38:1161043:1193:1:2178:7.05
128 41:1074586:1265:1:2441:6.65
128 41 38:1064832:1124:1:2441:7.48
128 71:1420592:1686:1:2082:4.99
128 71 56:1498114:1494:1:2204:5.63
128 71 56 38:1170766:1068:1:2204:7.87
128 71 38:1074994:1147:1:2178:7.33
128 1:1851786:1880:1:2738:4.47
128 1 97:1025953:884:1:2976:9.51
128 1 38:1435903:1317:1:2738:6.39
128 56:1596750:2400:1:2203:3.51
128 56 97:1030106:1216:1:2208:6.92
128 56 38:1320980:1748:1:2203:4.81
128 97:1195893:1722:1:2082:4.88
128 97 38:1061337:1348:1:2178:6.24
128 24:1243332:1275:1:3905:6.6
128 24 94:1008765:965:1:3905:8.71
128 24 38:1043863:1016:1:3905:8.28
128 38:1387796:2344:1:2177:3.59
11:1174859:3105:1:1457:2.71
11 23 57 31 104:1073490:760:1:2609:11.06
11 23 31 1:1131943:823:1:2609:10.21
11 23 67 88 104 41 79:1049571:462:1:2404:18.18
11 23 67 88 104 79:1080320:589:1:2132:14.26
11 23 67 88 41 1:1033902:507:1:2143:16.57
11 23 67 88 41 1 79:1068069:457:1:2143:18.38
11 23 67 104 41:1056110:686:1:2404:12.25
11 23 67 41 1:1133407:703:1:2142:11.95
11 23 67 41 1 79:1044889:541:1:2142:15.53
11 23 104:1179416:1336:1:2129:6.29
11 23 104 41:1084674:841:1:2401:10.0
11 23 104 71:1144147:920:1:2133:9.14
11 23 104 71 38:1000755:741:1:2403:11.34
11 23 104 79:1004181:858:1:2129:9.8
11 23 104 38:1044434:1057:1:2401:7.95
11 23 41 71 1:1083658:627:1:2141:13.4
11 23 41 1:1188973:872:1:2138:9.64
11 23 41 1 79:1012833:607:1:2139:13.84
11 23 41 1 38:1045420:728:1:2138:11.54
11 23 71 1:1139831:853:1:2140:9.85
11 23 1:1242374:1271:1:2137:6.62
11 23 1 38:1069375:998:1:2137:8.42
11 57 31 1:1090721:768:1:2609:10.94
11 31 1:1163289:912:1:2609:9.22
11 55:1178688:1528:1:3269:5.5
11 55 41:1480049:1217:1:3621:6.91
11 55 41 97:1030718:729:1:3622:11.53
11 55 41 97 38:1028919:674:1:3622:12.47
11 55 41 94:1282920:989:1:3622:8.5
11 55 41 94 38:1281362:907:1:3622:9.27
11 55 41 38:1427941:1073:1:3622:7.84
11 55 94:1058961:1211:1:3269:6.94
11 55 94 38:1072055:1085:1:3269:7.75
11 55 38:1164376:1315:1:3269:6.4
11 67 88 104 79:1016384:589:1:2132:14.26
11 67 88 41 1 79:1019105:457:1:2143:18.38
11 67 41 1:1058475:703:1:2142:11.95
11 104:1040103:1341:1:2107:6.27
11 104 71:1043767:920:1:2133:9.14
11 2:1250668:1745:1:3269:4.82
11 2 120:1497805:1294:1:3272:6.5
11 2 120 94:1219967:1003:1:3272:8.38
11 2 120 94 38:1211419:924:1:3272:9.1
11 2 120 38:1416882:1141:1:3272:7.37
11 2 94:1152928:1417:1:3269:5.94
11 2 94 38:1234492:1335:1:3269:6.3
11 2 38:1304169:1581:1:3269:5.32
11 120:1374931:1696:1:1460:4.96
11 120 56:1167171:1195:1:2612:7.04
11 120 56 38:1032119:968:1:2616:8.69
11 120 94:1063631:1196:1:1460:7.03
11 120 94 38:1026639:1043:1:1468:8.06
11 120 38:1230415:1369:1:1464:6.14
11 41:1259913:1587:1:1809:5.3
11 41 71 1:1015676:627:1:2141:13.4
11 41 1:1099454:875:1:2124:9.61
11 41 94:1034887:1173:1:1813:7.17
11 41 94 38:1069313:1074:1:1814:7.83
11 41 38:1256766:1393:1:1810:6.04
11 71:1075088:1452:1:1847:5.79
11 71 1:1065195:867:1:2140:9.7
11 71 38:1031595:1204:1:1847:6.98
11 1:1185004:1360:1:2115:6.18
11 1 38:1002649:1038:1:2115:8.1
11 94:1021999:2100:1:1460:4.01
11 94 38:1133653:1891:1:1461:4.45
11 38:1285585:2619:1:1457:3.21
23 5 57 104 56:1042301:899:1:2832:9.35
23 5 31 1:1084298:806:1:2833:10.43
23 5 104:1156010:1367:1:2609:6.15
23 5 104 71:1143859:964:1:2615:8.72
23 5 104 71 38:1008078:777:1:2615:10.82
23 5 104 38:1028868:1086:1:2609:7.74
23 5 71 1:1023275:824:1:2833:10.2
23 5 1:1051276:1165:1:2833:7.22
23 57 31:1314557:1840:1:2177:4.57
23 57 31 104:2116997:1840:1:2177:4.57
23 57 31 104 120:1422886:909:1:2394:9.25
23 57 31 104 120 71:1093366:608:1:2398:13.82
23 57 31 104 41:1100637:831:1:2397:10.12
23 57 31 104 41 71:1145956:696:1:2399:12.07
23 57 31 104 41 71 38:1023377:594:1:2399:14.14
23 57 31 104 41 38:1004523:715:1:2397:11.75
23 57 31 104 71:1621362:1187:1:2178:7.08
23 57 31 104 71 38:1274547:883:1:2395:9.52
23 57 31 104 97:1020658:793:1:2344:10.6
23 57 31 104 38:1657955:1350:1:2393:6.23
23 57 31 120:1029398:909:1:2394:9.25
23 57 31 71:1108850:1187:1:2178:7.08
23 57 31 38:1097795:1350:1:2393:6.23
23 57 104:1579464:2224:1:2121:3.78
23 57 104 120:1300792:1149:1:2394:7.32
23 57 104 120 71:1137746:776:1:2398:10.83
23 57 104 120 71 56:1163679:710:1:2692:11.84
23 57 104 120 56:1380157:1061:1:2688:7.92
23 57 104 41:1174685:1119:1:2397:7.51
23 57 104 41 71:1171803:840:1:2399:10.01
23 57 104 41 71 56:1243946:797:1:2692:10.55
23 57 104 41 71 56 38:1093297:674:1:2692:12.47
23 57 104 41 71 38:1038147:711:1:2399:11.82
23 57 104 41 56:1297679:1068:1:2688:7.87
23 57 104 41 56 38:1175303:917:1:2688:9.17
23 57 104 41 38:1074414:960:1:2397:8.76
23 57 104 71:1463310:1427:1:2125:5.89
23 57 104 71 56:1606739:1350:1:2692:6.23
23 57 104 71 56 38:1196440:946:1:2692:8.89
23 57 104 71 38:1106797:1000:1:2395:8.41
23 57 104 56:1851339:2112:1:2688:3.98
23 57 104 56 79:1101569:960:1:2688:8.76
23 57 104 56 97:1055969:1047:1:2688:8.03
23 57 104 56 38:1455029:1519:1:2688:5.54
23 57 104 79:1050659:1072:1:2121:7.84
23 57 104 38:1269126:1595:1:2393:5.27
23 57 71 56:1020643:1350:1:2692:6.23
23 31:1115392:2032:1:2177:4.14
23 31 104:1813664:1840:1:2177:4.57
23 31 104 120:1273060:909:1:2394:9.25
23 31 104 41 71:1036492:696:1:2399:12.07
23 31 104 71:1439025:1187:1:2178:7.08
23 31 104 71 38:1142037:883:1:2395:9.52
23 31 104 38:1438358:1350:1:2393:6.23
23 31 41 71 1:1159896:746:1:2178:11.27
23 31 41 71 1 38:1072015:648:1:2178:12.97
23 31 41 1:1071889:882:1:2177:9.53
23 31 41 1 38:1015293:772:1:2177:10.89
23 31 71:1086834:1358:1:2178:6.19
23 31 71 1:1671888:1299:1:2178:6.47
23 31 71 1 38:1403783:1007:1:2178:8.35
23 31 1:2028954:1952:1:2177:4.31
23 31 1 38:1696204:1483:1:2177:5.67
23 67 88:1012948:1362:1:2132:6.17
23 67 88 104:1538076:1323:1:2132:6.36
23 67 88 104 41:1498046:952:1:2404:8.83
23 67 88 104 41 71:1319968:690:1:2404:12.18
23 67 88 104 41 71 79:1329710:601:1:2404:13.98
23 67 88 104 41 71 79 38:1100566:486:1:2404:17.28
23 67 88 104 41 71 38:1124859:569:1:2404:14.76
23 67 88 104 41 79:1601492:861:1:2404:9.76
23 67 88 104 41 79 94:1002375:557:1:2404:15.08
23 67 88 104 41 79 38:1316455:691:1:2404:12.16
23 67 88 104 41 38:1266033:776:1:2404:10.83
23 67 88 104 71:1599962:1056:1:2134:7.96
23 67 88 104 71 79:1708920:949:1:2134:8.86
23 67 88 104 71 79 94:1150613:638:1:2134:13.17
23 67 88 104 71 79 38:1377362:735:1:2404:11.43
23 67 88 104 71 94:1072435:702:1:2134:11.97
23 67 88 104 71 38:1329685:834:1:2404:10.08
23 67 88 104 79:1745198:1214:1:2132:6.93
23 67 88 104 79 94:1201830:827:1:2132:10.16
23 67 88 104 79 38:1413722:941:1:2404:8.93
23 67 88 104 94:1056514:891:1:2132:9.43
23 67 88 104 38:1288433:1042:1:2404:8.07
23 67 88 41:1121584:979:1:2143:8.59
23 67 88 41 71:1064371:716:1:2143:11.74
23 67 88 41 71 1:1234354:625:1:2143:13.44
23 67 88 41 71 1 79:1190733:521:1:2143:16.12
23 67 88 41 71 1 38:1053065:525:1:2143:16.0
23 67 88 41 71 79:1092789:612:1:2143:13.73
23 67 88 41 1:1337477:821:1:2143:10.24
23 67 88 41 1 79:1373651:714:1:2143:11.77
23 67 88 41 1 79 38:1105233:577:1:2143:14.56
23 67 88 41 1 38:1116145:678:1:2143:12.39
23 67 88 41 79:1247289:872:1:2143:9.64
23 67 88 41 79 38:1036510:702:1:2143:11.97
23 67 88 71:1195317:1088:1:2134:7.73
23 67 88 71 1:1181767:753:1:2143:11.16
23 67 88 71 1 79:1168947:627:1:2143:13.4
23 67 88 71 79:1330516:962:1:2134:8.74
23 67 88 71 79 38:1090942:748:1:2143:11.24
23 67 88 71 38:1023068:866:1:2143:9.71
23 67 88 1:1165923:955:1:2143:8.8
23 67 88 1 79:1232309:821:1:2143:10.24
23 67 88 79:1247894:1228:1:2132:6.85
23 67 88 79 38:1034018:955:1:2143:8.8
23 67 104:1434312:1828:1:2127:4.6
23 67 104 41:1586422:1355:1:2399:6.21
23 67 104 41 71:1599996:1063:1:2399:7.91
23 67 104 41 71 79:1398382:763:1:2399:11.02
23 67 104 41 71 79 38:1200904:629:1:2399:13.36
23 67 104 41 71 38:1420964:896:1:2399:9.38
23 67 104 41 79:1535886:1037:1:2399:8.11
23 67 104 41 79 38:1312886:845:1:2399:9.95
23 67 104 41 38:1410439:1130:1:2399:7.44
23 67 104 71:1711175:1520:1:2129:5.53
23 67 104 71 79:1655793:1157:1:2129:7.27
23 67 104 71 79 94:1086954:749:1:2134:11.22
23 67 104 71 79 38:1399518:917:1:2399:9.17
23 67 104 71 97:1046868:871:1:2346:9.65
23 67 104 71 94:1105483:958:1:2134:8.78
23 67 104 71 38:1504085:1232:1:2399:6.83
23 67 104 79:1539254:1438:1:2127:5.85
23 67 104 79 94:1054861:948:1:2132:8.87
23 67 104 79 38:1318716:1136:1:2399:7.4
23 67 104 38:1296663:1477:1:2399:5.69
23 67 41:1044689:1413:1:2137:5.95
23 67 41 71:1201891:1117:1:2137:7.53
23 67 41 71 1:1590250:1019:1:2137:8.25
23 67 41 71 1 79:1310182:691:1:2137:12.16
23 67 41 71 1 79 38:1130718:582:1:2137:14.44
23 67 41 71 1 38:1427524:877:1:2137:9.59
23 67 41 71 79:1105062:789:1:2137:10.65
23 67 41 71 38:1103653:950:1:2137:8.85
23 67 41 1:1511267:1241:1:2137:6.78
23 67 41 1 79:1368965:892:1:2137:9.42
23 67 41 1 79 38:1161577:740:1:2137:11.36
23 67 41 1 38:1345622:1056:1:2137:7.96
23 67 41 79:1113088:1064:1:2137:7.9
23 67 71:1119373:1589:1:2129:5.29
23 67 71 1:1438426:1227:1:2137:6.85
23 67 71 1 79:1229743:829:1:2137:10.14
23 67 71 1 38:1208531:969:1:2137:8.68
23 67 71 79:1199616:1191:1:2129:7.06
23 67 71 79 38:1048813:951:1:2137:8.84
23 67 71 38:1046475:1301:1:2137:6.46
23 67 1:1235902:1477:1:2135:5.69
23 67 1 79:1171141:1041:1:2137:8.08
23 67 1 38:1061546:1173:1:2135:7.17
23 88 104:1482979:1671:1:2123:5.03
23 88 104 41:1530175:1171:1:2404:7.18
23 88 104 41 71:1351657:814:1:2404:10.33
23 88 104 41 71 79:1359080:694:1:2404:12.11
23 88 104 41 71 79 38:1153099:568:1:2404:14.79
23 88 104 41 71 38:1175252:676:1:2404:12.43
23 88 104 41 79:1650857:1033:1:2404:8.14
23 88 104 41 79 94:1048916:674:1:2404:12.47
23 88 104 41 79 38:1412866:849:1:2404:9.9
23 88 104 41 38:1344666:973:1:2404:8.64
23 88 104 71:1561010:1250:1:2125:6.73
23 88 104 71 79:1653447:1075:1:2125:7.82
23 88 104 71 79 94:1093140:706:1:2128:11.9
23 88 104 71 79 38:1366862:839:1:2395:10.02
23 88 104 71 94:1006849:792:1:2128:10.61
23 88 104 71 38:1326443:987:1:2395:8.52
23 88 104 79:1692563:1447:1:2123:5.81
23 88 104 79 97:1006203:802:1:2344:10.48
23 88 104 79 94:1159745:968:1:2126:8.69
23 88 104 79 94 38:1009418:786:1:2398:10.69
23 88 104 79 38:1429789:1141:1:2395:7.37
23 88 104 38:1300623:1330:1:2395:6.32
23 88 41:1062528:1210:1:2141:6.95
23 88 41 71:1051401:852:1:2141:9.87
23 88 41 71 1:1168638:683:1:2141:12.3
23 88 41 71 1 79:1085521:539:1:2143:15.59
23 88 41 71 1 38:1003980:572:1:2141:14.69
23 88 41 71 79:1082540:708:1:2143:11.87
23 88 41 1:1216432:901:1:2141:9.33
23 88 41 1 79:1215319:738:1:2143:11.39
23 88 41 1 38:1031165:745:1:2141:11.28
23 88 41 79:1220509:1047:1:2143:8.03
23 88 41 79 38:1061423:862:1:2143:9.75
23 88 71:1094248:1312:1:2125:6.41
23 88 71 1:1142929:885:1:2132:9.5
23 88 71 1 79:1065733:674:1:2134:12.47
23 88 71 79:1230291:1101:1:2125:7.64
23 88 71 79 38:1045159:864:1:2134:9.73
23 88 1:1074689:1157:1:2132:7.27
23 88 1 79:1079445:891:1:2134:9.43
23 88 79:1099758:1474:1:2123:5.71
23 104:1726448:3184:1:2121:2.64
23 104 120:1229848:1276:1:2394:6.59
23 104 120 71:1184125:903:1:2398:9.31
23 104 120 71 56:1052484:710:1:2692:11.84
23 104 120 56:1204963:1061:1:2688:7.92
23 104 41:1677468:1823:1:2397:4.61
23 104 41 71:1737227:1352:1:2399:6.22
23 104 41 71 56:1116470:797:1:2692:10.55
23 104 41 71 79:1456242:916:1:2399:9.18
23 104 41 71 79 38:1266081:754:1:2399:11.15
23 104 41 71 38:1545478:1127:1:2399:7.46
23 104 41 56:1120370:1068:1:2688:7.87
23 104 41 56 38:1025216:917:1:2688:9.17
23 104 41 79:1596880:1307:1:2397:6.43
23 104 41 79 38:1411617:1079:1:2397:7.79
23 104 41 38:1534656:1525:1:2397:5.52
23 104 71:1951190:2195:1:2125:3.83
23 104 71 56:1396262:1350:1:2692:6.23
23 104 71 56 38:1052023:946:1:2692:8.89
23 104 71 79:1707534:1452:1:2125:5.79
23 104 71 79 94:1028928:858:1:2128:9.8
23 104 71 79 38:1437999:1122:1:2395:7.49
23 104 71 97:1123629:1135:1:2346:7.41
23 104 71 94:1066890:1168:1:2128:7.2
23 104 71 38:1654046:1672:1:2395:5.03
23 104 56:1502538:2112:1:2688:3.98
23 104 56 38:1206395:1519:1:2688:5.54
23 104 79:1651897:2032:1:2121:4.14
23 104 79 94:1003052:1167:1:2124:7.21
23 104 79 38:1438086:1577:1:2393:5.33
23 104 97:1037200:1561:1:2344:5.39
23 104 38:1540790:2416:1:2393:3.48
23 41 71:1221665:1436:1:2136:5.86
23 41 71 1:1680024:1258:1:2136:6.68
23 41 71 1 79:1280059:777:1:2137:10.82
23 41 71 1 79 38:1104495:646:1:2137:13.01
23 41 71 1 38:1504139:1064:1:2136:7.9
23 41 71 79:1103144:955:1:2137:8.8
23 41 71 38:1143052:1210:1:2136:6.95
23 41 1:1523960:1586:1:2134:5.3
23 41 1 79:1298068:1022:1:2135:8.23
23 41 1 79 38:1116401:843:1:2135:9.97
23 41 1 38:1380802:1337:1:2134:6.29
23 41 79:1053630:1347:1:2135:6.24
23 71:1094847:2366:1:2125:3.56
23 71 1:1798302:1907:1:2132:4.41
23 71 1 79:1325688:1079:1:2133:7.79
23 71 1 79 38:1041715:792:1:2133:10.61
23 71 1 38:1478387:1423:1:2132:5.91
23 71 79:1154008:1538:1:2125:5.47
23 71 79 38:1037729:1206:1:2133:6.97
23 71 38:1053082:1837:1:2132:4.58
23 1:1640717:2752:1:2129:3.06
23 1 79:1306411:1504:1:2131:5.59
23 1 79 38:1058280:1117:1:2131:7.53
23 1 38:1412121:2048:1:2129:4.11
90 57 55 2 97 24:1073937:603:1:3906:13.93
90 57 55 2 97 24 94:1112212:589:1:3906:14.26
90 57 55 2 97 24 94 38:1148024:575:1:3906:14.61
90 57 55 2 97 24 38:1104189:584:1:3906:14.39
90 57 55 2 24:1048902:661:1:3906:12.71
90 57 55 2 24 94:1084155:640:1:3906:13.13
90 57 55 2 24 94 38:1112241:617:1:3906:13.62
90 57 55 2 24 38:1067175:629:1:3906:13.36
90 31 67 1:1066697:785:1:1832:10.71
90 31 88 1 79 24:1071209:503:1:3219:16.7
90 31 88 1 79 24 94:1026301:465:1:3223:18.06
90 31 104 71 1:1095705:615:1:3987:13.66
90 31 104 1:1235424:811:1:3987:10.36
90 31 41 1:1065052:801:1:1972:10.49
90 31 71 1:1278148:908:1:1898:9.26
90 31 1:1556713:1393:1:1827:6.04
90 31 1 79:1118864:824:1:1836:10.2
90 31 1 79 24:1182717:643:1:3219:13.07
90 31 1 79 24 94:1067637:562:1:3223:14.95
90 31 1 24:1423243:870:1:3219:9.66
90 31 1 94:1085140:905:1:1827:9.29
90 31 24:1014700:878:1:3219:9.57
90 55:1093710:1646:1:2758:5.11
90 55 2 97 24 94:1022501:592:1:3906:14.19
90 55 2 97 24 94 38:1060809:578:1:3906:14.54
90 55 2 97 24 38:1015640:587:1:3906:14.31
90 55 2 24:1015905:712:1:3906:11.8
90 55 2 24 94:1053569:686:1:3906:12.25
90 55 2 24 94 38:1090516:663:1:3906:12.67
90 55 2 24 38:1038754:675:1:3906:12.45
90 55 41:1207912:1143:1:3298:7.36
90 55 41 97:1049526:819:1:3298:10.26
90 55 41 97 94 38:1030267:690:1:3298:12.18
90 55 41 97 38:1105211:796:1:3298:10.56
90 55 41 94:1169824:1010:1:3298:8.32
90 55 41 94 38:1119175:879:1:3298:9.56
90 55 41 38:1170827:999:1:3298:8.42
90 55 97 24:1142672:857:1:3010:9.81
90 55 97 24 38:1158912:802:1:3010:10.48
90 55 97 38:1006242:1027:1:2758:8.19
90 55 24:1320916:1155:1:3010:7.28
90 55 24 94:1121475:912:1:3010:9.22
90 55 24 38:1138633:914:1:3010:9.2
90 55 94:1011134:1328:1:2758:6.33
90 55 38:1049511:1359:1:2758:6.19
90 67 104 1:1044701:751:1:3989:11.19
90 67 1:1039155:1042:1:1832:8.07
90 88 1 79:1051333:808:1:1843:10.4
90 88 1 79 94:1010774:725:1:1843:11.59
90 88 79:1089517:1277:1:1299:6.59
90 88 79 94:1039410:1097:1:1310:7.66
90 104 41 1:1013935:705:1:3989:11.92
90 104 71:1005902:1048:1:1820:8.02
90 104 71 1:1101531:780:1:3987:10.78
90 104 1:1211328:1068:1:3987:7.87
90 2 120 24:1155686:826:1:3906:10.18
90 2 120 24 94:1076283:734:1:3906:11.45
90 2 120 24 94 38:1071699:693:1:3906:12.13
90 2 120 24 38:1105005:754:1:3906:11.15
90 2 97:1016214:1286:1:2758:6.54
90 2 97 24:1330202:1085:1:3906:7.75
90 2 97 24 94:1359256:1025:1:3906:8.2
90 2 97 24 94 38:1424560:998:1:3906:8.42
90 2 97 24 38:1374957:1037:1:3906:8.11
90 2 97 94:1074588:1201:1:2758:7.0
90 2 97 94 38:1166842:1165:1:2758:7.22
90 2 97 38:1101542:1228:1:2758:6.85
90 2 24:1418043:1352:1:3906:6.22
90 2 24 94:1429073:1246:1:3906:6.75
90 2 24 94 38:1489045:1196:1:3906:7.03
90 2 24 38:1448361:1265:1:3906:6.65
90 2 94:1052566:1502:1:2758:5.6
90 2 94 38:1157614:1435:1:2758:5.86
90 2 38:1092484:1556:1:2758:5.41
90 120 24:1068919:974:1:3010:8.63
90 41:1140926:1826:1:1770:4.61
90 41 1:1044728:1009:1:1972:8.33
90 41 97:1065356:1266:1:2499:6.64
90 41 97 24:1068904:809:1:2836:10.39
90 41 97 24 94:1004492:707:1:3027:11.89
90 41 97 94:1009468:1064:1:2690:7.9
90 41 97 38:1022790:1067:1:2499:7.88
90 41 24:1249940:1108:1:2444:7.59
90 41 24 94:1200141:978:1:2444:8.6
90 41 94:1109242:1516:1:1770:5.55
90 41 38:1034128:1389:1:1770:6.05
90 71 1:1113790:1073:1:1898:7.84
90 1:1203537:1650:1:1827:5.1
90 1 79:1063623:1081:1:1836:7.78
90 1 24:1081611:870:1:3219:9.66
90 97:1040286:2244:1:339:3.75
90 97 24:1421433:1567:1:1730:5.37
90 97 24 94:1277620:1291:1:1730:6.51
90 97 24 94 38:1137029:1025:1:3010:8.2
90 97 24 38:1287278:1252:1:3010:6.72
90 97 94:1026356:1816:1:587:4.63
90 97 38:1042272:1816:1:1030:4.63
90 24:1643511:2222:1:1730:3.79
90 24 94:1509149:1827:1:1730:4.6
90 24 94 38:1152298:1246:1:3010:6.75
90 24 38:1257484:1504:1:3010:5.59
5:1181940:3611:1:1153:2.33
5 57 31 1:1080304:770:1:2761:10.92
5 57 55 2:1015068:840:1:3905:10.01
5 57 55 2 97 24:1161638:630:1:3905:13.34
5 57 55 2 97 24 94:1111145:571:1:3905:14.71
5 57 55 2 97 24 94 38:1014542:498:1:3905:16.87
5 57 55 2 97 24 38:1029366:530:1:3905:15.85
5 57 55 2 24:1351654:805:1:3905:10.44
5 57 55 2 24 94:1216772:687:1:3905:12.23
5 57 55 2 24 94 38:1063138:574:1:3905:14.64
5 57 55 2 24 38:1107975:629:1:3905:13.36
5 57 55 24:1136227:833:1:3905:10.09
5 57 55 24 94:1029163:707:1:3905:11.89
5 57 2 24:1053132:805:1:3905:10.44
5 57 41:1008301:1118:1:2598:7.52
5 31:1182920:1554:1:2353:5.41
5 31 88 1:1064182:695:1:2362:12.09
5 31 88 1 79 24:1122530:494:1:3729:17.0
5 31 88 1 24:1052460:516:1:3729:16.28
5 31 71 1:1403347:916:1:2761:9.18
5 31 1:1928724:1546:1:2353:5.44
5 31 1 79:1424771:945:1:2377:8.9
5 31 1 79 24:1303218:656:1:3729:12.81
5 31 1 79 24 94:1041921:515:1:3729:16.31
5 31 1 79 94:1011747:642:1:2382:13.09
5 31 1 24:1295990:740:1:3729:11.36
5 31 1 94:1170919:890:1:2353:9.45
5 31 79 24:1004731:664:1:3729:12.66
5 55:1152502:1624:1:2881:5.18
5 55 67 88 104:1118518:631:1:3890:13.32
5 55 67 88 104 71:1109152:517:1:3890:16.25
5 55 67 88 104 71 79:1246902:517:1:3890:16.25
5 55 67 88 104 79:1286478:631:1:3890:13.32
5 55 67 88 71 79:1034448:522:1:2881:16.09
5 55 67 88 79:1064362:661:1:2881:12.71
5 55 67 104:1055032:744:1:3890:11.3
5 55 67 104 71:1109295:618:1:3890:13.6
5 55 67 104 71 79:1233594:597:1:3890:14.07
5 55 67 104 79:1197843:711:1:3890:11.82
5 55 88 104:1009145:673:1:3889:12.49
5 55 88 104 71 79:1141340:534:1:3889:15.73
5 55 88 104 79:1186660:673:1:3889:12.49
5 55 104 71:1035156:679:1:3889:12.38
5 55 104 71 79:1152992:643:1:3889:13.07
5 55 104 79:1108460:788:1:3889:10.67
5 55 2:1030717:992:1:2881:8.48
5 55 2 97 24:1069899:635:1:3905:13.23
5 55 2 97 24 94:1025083:575:1:3905:14.61
5 55 2 24:1255513:829:1:3905:10.14
5 55 2 24 94:1135096:708:1:3905:11.87
5 55 2 24 94 38:1002252:595:1:3905:14.12
5 55 2 24 38:1042776:653:1:3905:12.87
5 55 41:1246736:1103:1:3393:7.62
5 55 41 97:1020650:756:1:3530:11.12
5 55 41 94:1050798:872:1:3393:9.64
5 55 41 38:1155076:929:1:3393:9.05
5 55 24:1275486:1057:1:3073:7.95
5 55 24 94:1098355:850:1:3074:9.89
5 55 38:1016621:1245:1:2881:6.75
5 67 88:1047410:1105:1:1333:7.61
5 67 88 104:1109102:800:1:2410:10.51
5 67 88 104 71:1139548:653:1:2414:12.87
5 67 88 104 71 79:1216238:601:1:2414:13.98
5 67 88 104 79:1239344:748:1:2410:11.24
5 67 88 71:1000550:761:1:1345:11.04
5 67 88 71 79:1065494:671:1:1351:12.52
5 67 88 79:1188830:975:1:1339:8.62
5 67 104:1124679:1113:1:2410:7.55
5 67 104 71:1262625:933:1:2414:9.01
5 67 104 71 79:1229873:742:1:2414:11.33
5 67 104 71 38:1020742:705:1:2627:11.92
5 67 104 79:1161229:897:1:2410:9.37
5 67 71:1066404:1147:1:1345:7.33
5 67 71 79:1065363:871:1:1348:9.65
5 67 1:1020448:978:1:2359:8.6
5 67 79:1087681:1263:1:1336:6.66
5 88:1156232:1685:1:1308:4.99
5 88 104:1096045:987:1:2401:8.52
5 88 104 71:1097238:744:1:2405:11.3
5 88 104 71 79:1168234:664:1:2405:12.66
5 88 104 79:1227278:884:1:2401:9.51
5 88 41 1 79:1037593:585:1:2907:14.36
5 88 71:1100314:1051:1:1345:8.0
5 88 71 79:1170727:887:1:1345:9.48
5 88 1:1168229:1030:1:2362:8.16
5 88 1 79:1245606:892:1:2386:9.42
5 88 79:1360460:1420:1:1314:5.92
5 88 79 24:1076853:756:1:2241:11.12
5 88 79 94:1022798:993:1:1315:8.47
5 88 24:1048836:905:1:2241:9.29
5 104:1297850:1739:1:2401:4.84
5 104 71:1396456:1272:1:2405:6.61
5 104 71 79:1268563:907:1:2405:9.27
5 104 71 38:1099558:916:1:2615:9.18
5 104 79:1233150:1202:1:2401:7.0
5 104 38:1049036:1239:1:2597:6.79
5 2:1133628:1706:1:2881:4.93
5 2 120:1243198:1128:1:2882:7.45
5 2 120 97 24:1164378:676:1:3906:12.43
5 2 120 97 24 94:1038630:578:1:3906:14.54
5 2 120 24:1557518:982:1:3906:8.56
5 2 120 24 94:1258643:766:1:3906:10.97
5 2 120 24 94 38:1039860:627:1:3906:13.4
5 2 120 24 38:1165699:739:1:3906:11.37
5 2 120 94:1015798:867:1:2883:9.7
5 2 120 38:1005532:871:1:2882:9.65
5 2 97:1017834:1188:1:2887:7.08
5 2 97 24:1326404:1009:1:3905:8.33
5 2 97 24 94:1244583:885:1:3905:9.5
5 2 97 24 94 38:1171465:786:1:3905:10.69
5 2 97 24 38:1199850:860:1:3905:9.77
5 2 24:1612560:1405:1:3905:5.99
5 2 24 94:1398839:1137:1:3905:7.4
5 2 24 94 38:1261188:970:1:3905:8.67
5 2 24 38:1350952:1118:1:3905:7.52
5 2 94:1021880:1346:1:2882:6.25
5 2 94 38:1000972:1163:1:2882:7.23
5 2 38:1064530:1395:1:2881:6.03
5 120:1216278:1590:1:1514:5.29
5 120 97 24:1025334:723:1:3078:11.62
5 120 24:1333918:1057:1:3074:7.95
5 120 24 94:1062492:803:1:3078:10.47
5 41:1286536:1805:1:1897:4.66
5 41 71 1:1063766:701:1:2834:11.99
5 41 1:1148575:1003:1:2834:8.38
5 41 1 79:1040058:732:1:2863:11.48
5 41 97:1069252:1162:1:2690:7.24
5 41 24:1167098:961:1:3089:8.75
5 41 24 94:1110333:858:1:3089:9.8
5 41 94:1077342:1347:1:1897:6.24
5 41 38:1112276:1338:1:1897:6.29
5 71:1275323:1859:1:1345:4.52
5 71 1:1360916:1185:1:2761:7.1
5 71 1 79:1112815:780:1:2785:10.78
5 71 79:1273688:1310:1:1345:6.42
5 1:1527552:1905:1:2353:4.42
5 1 79:1390352:1304:1:2377:6.45
5 1 79 24:1015410:656:1:3729:12.81
5 79:1235666:2058:1:1311:4.09
5 79 24:1231013:1130:1:2241:7.44
5 97:1089142:2077:1:1593:4.05
5 97 24:1354023:1379:1:2242:6.1
5 97 24 94:1240068:1160:1:2242:7.25
5 97 24 38:1004801:929:1:3076:9.05
5 97 94:1026094:1621:1:1736:5.19
5 24:1759746:2145:1:2241:3.92
5 24 94:1495553:1666:1:2241:5.05
5 24 38:1068260:1208:1:3073:6.96
5 94:1051988:2438:1:1153:3.45
5 38:1019968:2378:1:1153:3.54
57 31:1165081:1928:1:2177:4.36
57 31 104:1934452:1856:1:2177:4.53
57 31 104 120:1325098:909:1:2394:9.25
57 31 104 120 71:1027172:608:1:2398:13.82
57 31 104 41:1019717:838:1:2378:10.03
57 31 104 41 71:1070230:696:1:2399:12.07
57 31 104 71:1491288:1187:1:2178:7.08
57 31 104 71 38:1180359:883:1:2395:9.52
57 31 104 38:1534850:1366:1:2377:6.16
57 31 120:1002598:980:1:2322:8.58
57 31 120 71 1:1011518:580:2:2327:14.49
57 31 120 1:1361056:908:1:2322:9.26
57 31 71 1:1512519:1155:1:2324:7.28
57 31 1:2024618:1848:1:2305:4.55
57 31 1 97:1056866:832:1:2544:10.1
57 55 2:1382749:1568:1:3905:5.36
57 55 2 120:1079462:815:1:3906:10.31
57 55 2 120 97 24:1026962:533:1:3906:15.76
57 55 2 120 97 24 94:1013885:498:1:3906:16.87
57 55 2 120 24:1277054:713:1:3906:11.79
57 55 2 120 24 94:1204507:636:1:3906:13.21
57 55 2 120 24 94 38:1066810:544:1:3906:15.44
57 55 2 120 24 38:1053594:570:1:3906:14.74
57 55 2 97:1299684:1209:1:3905:6.96
57 55 2 97 24:1768059:1157:1:3905:7.27
57 55 2 97 24 94:1798733:1096:1:3905:7.67
57 55 2 97 24 94 38:1778624:1020:1:3905:8.24
57 55 2 97 24 38:1721689:1053:1:3905:7.98
57 55 2 97 94:1359444:1143:1:3905:7.36
57 55 2 97 94 38:1375848:1057:1:3905:7.95
57 55 2 97 38:1302225:1094:1:3905:7.69
57 55 2 24:1934029:1427:1:3905:5.89
57 55 2 24 94:1909113:1303:1:3905:6.45
57 55 2 24 94 38:1851420:1183:1:3905:7.11
57 55 2 24 38:1807821:1241:1:3905:6.78
57 55 2 94:1396122:1407:1:3905:5.98
57 55 2 94 38:1396014:1264:1:3905:6.65
57 55 2 38:1340867:1346:1:3905:6.25
57 55 120 24:1157705:784:1:3906:10.72
57 55 120 24 94:1084010:689:1:3906:12.2
57 55 97 24:1466653:1203:1:3905:6.99
57 55 97 24 94:1509996:1135:1:3905:7.41
57 55 97 24 94 38:1459706:1020:1:3905:8.24
57 55 97 24 38:1390693:1053:1:3905:7.98
57 55 97 94:1032973:1182:1:3905:7.11
57 55 97 94 38:1039524:1057:1:3905:7.95
57 55 24:1569231:1515:1:3905:5.55
57 55 24 94:1569016:1372:1:3905:6.13
57 55 24 94 38:1489400:1199:1:3905:7.01
57 55 24 38:1422783:1257:1:3905:6.69
57 67 104 71:1072855:944:1:2129:8.91
57 104:1460681:2432:1:2105:3.46
57 104 120:1275266:1244:1:2394:6.76
57 104 120 71:1186638:871:1:2398:9.65
57 104 120 71 56:1086879:710:1:2692:11.84
57 104 120 56:1266611:1061:1:2688:7.92
57 104 41:1060151:1126:1:2378:7.47
57 104 41 71:1080247:840:1:2399:10.01
57 104 41 71 56:1156816:797:1:2692:10.55
57 104 41 71 56 38:1020853:674:1:2692:12.47
57 104 41 56:1182033:1068:1:2688:7.87
57 104 41 56 38:1077757:917:1:2688:9.17
57 104 71:1493987:1619:1:2125:5.2
57 104 71 56:1458673:1350:1:2692:6.23
57 104 71 56 38:1095314:946:1:2692:8.89
57 104 71 79:1057598:876:1:2125:9.6
57 104 71 38:1083969:1079:1:2395:7.79
57 104 56:1621097:2112:1:2688:3.98
57 104 56 38:1293831:1519:1:2688:5.54
57 104 79:1098714:1264:1:2121:6.65
57 104 38:1166166:1690:1:2377:4.98
57 2 120 24:1010263:713:1:3906:11.79
57 2 97 24:1330125:1157:1:3905:7.27
57 2 97 24 94:1381001:1096:1:3905:7.67
57 2 97 24 94 38:1388689:1020:1:3905:8.24
57 2 97 24 38:1320400:1053:1:3905:7.98
57 2 97 94:1036787:1293:1:3905:6.5
57 2 97 94 38:1094958:1199:1:3905:7.01
57 2 97 38:1019330:1268:1:3905:6.63
57 2 24:1395855:1427:1:3905:5.89
57 2 24 94:1414850:1303:1:3905:6.45
57 2 24 94 38:1401131:1183:1:3905:7.11
57 2 24 38:1335888:1241:1:3905:6.78
57 2 94 38:1032794:1442:1:3905:5.83
57 120:1180664:1963:1:2322:4.29
57 120 41:1201075:1197:1:2400:7.03
57 120 41 94:1014369:921:1:2404:9.13
57 120 41 38:1034335:974:1:2404:8.63
57 120 1:1067715:1004:1:2322:8.37
57 41:1358958:2422:1:2378:3.47
57 41 97:1309461:1709:1:2688:4.92
57 41 97 94:1278598:1460:1:2688:5.76
57 41 97 94 38:1369971:1398:1:2688:6.02
57 41 97 38:1375820:1586:1:2688:5.3
57 41 94:1231521:1849:1:2378:4.55
57 41 94 38:1323664:1718:1:2378:4.9
57 41 38:1446111:2183:1:2378:3.85
57 71 1:1203300:1251:1:2324:6.72
57 1:1271109:1944:1:2305:4.33
57 97 24:1008468:1203:1:3905:6.99
57 97 24 94:1075352:1135:1:3905:7.41
57 97 24 94 38:1069771:1020:1:3905:8.24
57 24 94:1046053:1372:1:3905:6.13
57 24 94 38:1033217:1199:1:3905:7.01
31:1675360:3808:1:1777:2.21
31 67 88 1:1002455:700:1:1830:12.01
31 67 88 1 79 24:1080573:485:1:3225:17.32
31 67 88 1 79 24 94:1013274:439:1:3225:19.13
31 67 104 41 71 1:1083475:538:1:3994:15.61
31 67 104 41 1:1035510:604:1:3989:13.91
31 67 104 71 1:1290422:742:1:3994:11.33
31 67 104 1:1335482:901:1:3988:9.33
31 67 41 71 1:1055371:662:1:1971:12.69
31 67 41 1:1110809:851:1:1971:9.88
31 67 71 1:1199333:909:1:1898:9.25
31 67 71 1 38:1016084:708:1:2137:11.87
31 67 1:1565337:1431:1:1827:5.88
31 67 1 79:1183602:852:1:1829:9.87
31 67 1 79 24:1176582:611:1:3225:13.75
31 67 1 79 24 94:1042038:525:1:3225:16.0
31 67 1 79 94:1023549:692:1:1829:12.14
31 67 1 24:1254101:754:1:3225:11.15
31 67 1 94:1147487:967:1:1827:8.69
31 88:1210977:1597:1:1819:5.27
31 88 41 1:1094418:770:1:1982:10.92
31 88 41 1 79:1004161:597:1:2007:14.07
31 88 71 1:1123152:771:1:1980:10.9
31 88 1:1829633:1523:1:1828:5.52
31 88 1 79:1764331:1213:1:1830:6.93
31 88 1 79 97 24:1011296:516:1:3219:16.28
31 88 1 79 24:2099955:1072:1:3217:7.84
31 88 1 79 24 94:1928809:951:1:3217:8.84
31 88 1 79 94:1600134:1030:1:1830:8.16
31 88 1 24:1922407:1116:1:3217:7.53
31 88 1 24 94:1731598:972:1:3217:8.65
31 88 1 94:1542376:1186:1:1828:7.09
31 88 79:1314659:1287:1:1819:6.53
31 88 79 24:1625466:1072:1:3217:7.84
31 88 79 24 94:1515160:951:1:3217:8.84
31 88 79 94:1222363:1086:1:1819:7.74
31 88 24:1418524:1116:1:3217:7.53
31 88 24 94:1304377:972:1:3217:8.65
31 88 94:1076976:1242:1:1819:6.77
31 104:2124824:2432:1:1825:3.46
31 104 120:1362744:1053:1:2394:7.98
31 104 120 71:1116851:721:1:2398:11.66
31 104 41:1114280:1065:1:2177:7.89
31 104 41 71:1169049:844:1:2178:9.96
31 104 41 71 1:1514134:810:1:3990:10.38
31 104 41 1:1573564:1028:1:3988:8.18
31 104 71:1776181:1569:1:1826:5.36
31 104 71 1:2443832:1510:1:3986:5.57
31 104 71 1 94:1124344:683:1:3996:12.3
31 104 71 38:1344382:1111:1:2395:7.57
31 104 1:3203708:2352:1:3985:3.58
31 104 1 94:1349334:975:1:3996:8.62
31 104 79:1224386:1072:1:1849:7.84
31 104 97:1067844:1034:1:2163:8.13
31 104 38:1580722:1642:1:2377:5.12
31 120:1012248:1180:1:2090:7.13
31 120 71 1:1112632:693:1:2327:12.13
31 120 1:1438564:1076:1:2322:7.81
31 41 71:1116621:1154:1:1830:7.29
31 41 71 1:1629157:1120:1:1971:7.51
31 41 71 1 38:1128969:730:1:2178:11.51
31 41 1:1747702:1586:1:1970:5.3
31 41 1 79:1265945:916:1:1994:9.18
31 41 1 79 94:1030836:710:1:1994:11.84
31 41 1 94:1175865:1000:1:1981:8.41
31 41 1 38:1041024:864:1:2177:9.73
31 71:1636209:2237:1:1826:3.76
31 71 1:2654964:2178:1:1898:3.86
31 71 1 79:1795444:1184:1:1921:7.1
31 71 1 79 24:1462191:713:1:3629:11.79
31 71 1 79 24 94:1248266:591:1:3631:14.22
31 71 1 79 94:1311190:823:1:1923:10.21
31 71 1 97:1379312:1014:1:2354:8.29
31 71 1 24:1563052:879:1:3629:9.56
31 71 1 24 94:1127405:605:1:3631:13.89
31 71 1 94:1595175:1221:1:1910:6.89
31 71 1 38:1598858:1235:1:2132:6.81
31 71 79:1279854:1243:1:1849:6.77
31 71 79 24:1117752:713:1:3629:11.79
31 71 24:1135633:879:1:3629:9.56
31 71 94:1061772:1268:1:1836:6.63
31 71 38:1034790:1276:1:2132:6.59
31 1:3420714:3688:1:1825:2.28
31 1 79:2594223:2173:1:1827:3.87
31 1 79 97:1183120:895:1:2544:9.39
31 1 79 97 24:1092400:649:1:3219:12.95
31 1 79 97 24 94:1022108:579:1:3221:14.51
31 1 79 24:2455755:1469:1:3217:5.73
31 1 79 24 94:2147918:1240:1:3217:6.78
31 1 79 94:1931630:1528:1:1827:5.5
31 1 97:1798181:1645:1:2353:5.11
31 1 97 24:1276000:859:1:3219:9.79
31 1 97 94:1098461:958:1:2544:8.78
31 1 97 38:1054269:869:1:2785:9.67
31 1 24:2461905:1736:1:3217:4.85
31 1 24 94:1888233:1279:1:3217:6.58
31 1 94:2035879:2044:1:1825:4.12
31 1 38:1865912:1810:1:2113:4.65
31 79:1624409:2285:1:1785:3.68
31 79 24:1793685:1501:1:3217:5.6
31 79 24 94:1592870:1256:1:3217:6.7
31 79 94:1280180:1602:1:1785:5.25
31 97:1066048:1685:1:1777:4.99
31 24:1659602:1776:1:3217:4.74
31 24 94:1305828:1295:1:3217:6.49
31 94:1126116:2118:1:1785:3.97
31 38:1026524:1888:1:2073:4.46
55:1371097:3552:1:2753:2.37
55 67:1103978:1689:1:2753:4.98
55 67 88:1362937:1337:1:2753:6.29
55 67 88 104:1801633:1250:1:2753:6.73
55 67 88 104 2 71 79:1004105:423:1:2753:19.85
55 67 88 104 71:1768652:983:1:2753:8.55
55 67 88 104 71 79:2034622:983:1:2753:8.55
55 67 88 104 71 79 97:1076891:508:1:2754:16.53
55 67 88 104 71 79 94:1387078:673:1:2753:12.49
55 67 88 104 71 79 94 38:1178164:547:1:2753:15.36
55 67 88 104 71 79 38:1673031:775:1:2753:10.85
55 67 88 104 71 94:1213753:673:1:2753:12.49
55 67 88 104 71 94 38:1040429:547:1:2753:15.36
55 67 88 104 71 38:1468741:775:1:2753:10.85
55 67 88 104 79:2141643:1250:1:2753:6.73
55 67 88 104 79 97:1078655:616:1:2754:13.64
55 67 88 104 79 94:1506677:871:1:2753:9.65
55 67 88 104 79 94 38:1167896:652:1:2753:12.89
55 67 88 104 79 38:1650180:926:1:2753:9.08
55 67 88 104 94:1278222:871:1:2753:9.65
55 67 88 104 94 38:1003031:652:1:2753:12.89
55 67 88 104 38:1406395:926:1:2753:9.08
55 67 88 71:1398699:1015:1:2753:8.28
55 67 88 71 79:1643047:996:1:2753:8.44
55 67 88 71 79 94:1152459:686:1:2753:12.25
55 67 88 71 79 38:1370192:788:1:2753:10.67
55 67 88 71 94:1002862:705:1:2753:11.92
55 67 88 71 38:1189128:807:1:2753:10.42
55 67 88 79:1693853:1312:1:2753:6.41
55 67 88 79 94:1254318:929:1:2753:9.05
55 67 88 79 38:1325087:975:1:2753:8.62
55 67 88 94:1038047:953:1:2753:8.82
55 67 88 38:1097223:1000:1:2753:8.41
55 67 104:1649324:1516:1:2753:5.55
55 67 104 71:1740026:1195:1:2753:7.04
55 67 104 71 79:1943771:1121:1:2753:7.5
55 67 104 71 79 94:1273138:732:1:2753:11.48
55 67 104 71 79 94 38:1083486:587:1:2753:14.31
55 67 104 71 79 38:1601704:870:1:2753:9.66
55 67 104 71 94:1083123:732:1:2753:11.48
55 67 104 71 38:1476083:941:1:2753:8.93
55 67 104 79:1894812:1392:1:2753:6.04
55 67 104 79 94:1306828:934:1:2753:9.0
55 67 104 79 94 38:1024925:692:1:2753:12.14
55 67 104 79 38:1484297:1021:1:2753:8.23
55 67 104 94:1060318:934:1:2753:9.0
55 67 104 38:1355161:1140:1:2753:7.38
55 67 71:1300572:1277:1:2753:6.59
55 67 71 79:1520428:1168:1:2753:7.2
55 67 71 79 94:1045869:774:1:2753:10.86
55 67 71 79 38:1271526:904:1:2753:9.3
55 67 71 38:1138249:1010:1:2753:8.32
55 67 79:1410855:1517:1:2753:5.54
55 67 79 94:1049716:1038:1:2753:8.1
55 67 79 38:1119746:1098:1:2753:7.66
55 88:1138718:1521:1:2753:5.53
55 88 104:1638040:1404:1:2753:5.99
55 88 104 71:1604374:1050:1:2753:8.01
55 88 104 71 79:1886299:1050:1:2753:8.01
55 88 104 71 79 94:1307974:726:1:2753:11.58
55 88 104 71 79 94 38:1060235:558:1:2753:15.06
55 88 104 71 79 38:1503272:792:1:2753:10.61
55 88 104 71 94:1122289:726:1:2753:11.58
55 88 104 71 38:1295142:792:1:2753:10.61
55 88 104 79:2018390:1404:1:2753:5.99
55 88 104 79 94:1472225:1000:1:2753:8.41
55 88 104 79 94 38:1027278:668:1:2753:12.58
55 88 104 79 38:1448632:953:1:2753:8.82
55 88 104 94:1210195:1000:1:2753:8.41
55 88 104 38:1198302:953:1:2753:8.82
55 88 71:1238090:1112:1:2753:7.56
55 88 71 79:1485120:1076:1:2753:7.81
55 88 71 79 94:1059100:745:1:2753:11.28
55 88 71 79 38:1209349:817:1:2753:10.29
55 88 71 38:1038473:852:1:2753:9.87
55 88 79:1507212:1479:1:2753:5.69
55 88 79 94:1160605:1064:1:2753:7.9
55 88 79 38:1115083:1014:1:2753:8.29
55 104:1511680:1856:1:2753:4.53
55 104 71:1688836:1419:1:2753:5.93
55 104 71 79:1872611:1277:1:2753:6.59
55 104 71 79 94:1271615:851:1:2753:9.88
55 104 71 79 38:1411318:895:1:2753:9.39
55 104 71 94:1049790:851:1:2753:9.88
55 104 71 38:1349386:1033:1:2753:8.14
55 104 79:1789212:1648:1:2753:5.1
55 104 79 94:1291558:1132:1:2753:7.43
55 104 79 38:1267678:1066:1:2753:7.89
55 104 24:1013930:770:1:3793:10.92
55 104 94:1007618:1148:1:2753:7.32
55 104 38:1174975:1268:1:2753:6.63
55 2:1358260:1912:1:2753:4.4
55 2 120:1117684:974:1:2754:8.63
55 2 120 24:1212940:745:1:3906:11.28
55 2 120 24 94:1123861:652:1:3906:12.89
55 2 120 24 94 38:1002831:560:1:3906:15.0
55 2 120 24 38:1005684:597:1:3906:14.07
55 2 97:1253278:1381:1:2754:6.09
55 2 97 24:1629018:1190:1:3905:7.07
55 2 97 24 94:1640787:1110:1:3905:7.58
55 2 97 24 94 38:1634232:1034:1:3905:8.13
55 2 97 24 38:1584270:1074:1:3905:7.83
55 2 97 94:1293840:1272:1:2754:6.61
55 2 97 94 38:1338072:1186:1:2754:7.09
55 2 97 38:1280052:1254:1:2754:6.71
55 2 24:1805147:1515:1:3905:5.55
55 2 24 94:1775152:1367:1:3905:6.15
55 2 24 94 38:1744103:1247:1:3905:6.74
55 2 24 38:1701964:1316:1:3905:6.39
55 2 94:1347499:1656:1:2753:5.08
55 2 94 38:1398613:1513:1:2753:5.56
55 2 38:1381032:1677:1:2753:5.02
55 120:1007418:1229:1:2754:6.84
55 120 97 24:1086557:735:1:3010:11.43
55 120 24:1294004:984:1:3010:8.54
55 120 24 94:1064291:760:1:3010:11.06
55 120 24 38:1024268:746:1:3010:11.27
55 41:1949284:2421:1:3297:3.47
55 41 97:1599025:1562:1:3298:5.38
55 41 97 94:1503542:1338:1:3298:6.29
55 41 97 94 38:1553026:1261:1:3298:6.67
55 41 97 38:1647516:1456:1:3298:5.78
55 41 94:1756919:1969:1:3298:4.27
55 41 94 38:1710926:1695:1:3298:4.96
55 41 38:1890006:2051:1:3298:4.1
55 71:1234996:1617:1:2753:5.2
55 71 79:1446565:1390:1:2753:6.05
55 71 79 94:1029940:933:1:2753:9.01
55 71 79 38:1126766:979:1:2753:8.59
55 71 38:1051939:1198:1:2753:7.02
55 79:1251920:1893:1:2753:4.44
55 97:1213173:2060:1:2754:4.08
55 97 24:1595740:1501:1:3009:5.6
55 97 24 94:1408475:1211:1:3009:6.94
55 97 24 94 38:1382567:1093:1:3009:7.69
55 97 24 38:1550154:1329:1:3009:6.33
55 97 94:1144308:1639:1:2754:5.13
55 97 94 38:1192259:1478:1:2754:5.69
55 97 38:1274479:1825:1:2754:4.61
55 24:1956602:2227:1:3009:3.78
55 24 94:1786921:1821:1:3009:4.62
55 24 94 38:1473156:1365:1:3009:6.16
55 24 38:1603527:1643:1:3009:5.12
55 94:1324390:2696:1:2753:3.12
55 94 38:1281313:2143:1:2753:3.93
55 38:1378539:2778:1:2753:3.03
67 88:1498039:2384:1:1297:3.53
67 88 104:1727926:1633:1:1819:5.15
67 88 104 41:1469023:1007:1:2092:8.35
67 88 104 41 71:1273108:709:1:2097:11.85
67 88 104 41 71 79:1297135:620:1:2097:13.55
67 88 104 41 71 79 38:1048158:486:1:2404:17.28
67 88 104 41 71 38:1063909:569:1:2404:14.76
67 88 104 41 1:1649514:849:1:3999:9.9
67 88 104 41 1 94:1033071:548:1:3999:15.33
67 88 104 41 79:1597057:916:1:2092:9.18
67 88 104 41 79 94:1037870:612:1:2092:13.73
67 88 104 41 79 38:1242429:691:1:2404:12.16
67 88 104 41 38:1183197:776:1:2404:10.83
67 88 104 71:1827795:1297:1:1827:6.48
67 88 104 71 79:2011464:1190:1:1827:7.07
67 88 104 71 79 97:1131937:646:1:2346:13.01
67 88 104 71 79 94:1376063:811:1:1827:10.36
67 88 104 71 79 94 38:1074908:603:1:2404:13.93
67 88 104 71 79 38:1529817:864:1:2404:9.73
67 88 104 71 97:1043478:708:1:2346:11.87
67 88 104 71 94:1247072:875:1:1827:9.61
67 88 104 71 94 38:1008403:665:1:2404:12.64
67 88 104 71 38:1438981:963:1:2404:8.73
67 88 104 1:1648734:1073:1:3998:7.84
67 88 104 1 94:1142864:732:1:3998:11.48
67 88 104 79:2029402:1524:1:1819:5.52
67 88 104 79 97:1102933:796:1:2344:10.56
67 88 104 79 94:1450320:1067:1:1819:7.88
67 88 104 79 94 38:1076676:756:1:2404:11.12
67 88 104 79 38:1495772:1070:1:2404:7.86
67 88 104 94:1235051:1131:1:1819:7.43
67 88 104 38:1327056:1171:1:2404:7.18
67 88 41:1225051:1206:1:1831:6.97
67 88 41 71:1080295:796:1:1836:10.56
67 88 41 71 1:1295953:705:1:1982:11.92
67 88 41 71 1 79:1282122:600:1:2043:14.0
67 88 41 71 79:1139367:691:1:1836:12.16
67 88 41 1:1564351:1048:1:1982:8.02
67 88 41 1 79:1670403:938:1:2043:8.96
67 88 41 1 79 94:1168682:659:1:2043:12.75
67 88 41 1 79 38:1042811:577:1:2143:14.56
67 88 41 1 94:1093477:728:1:1982:11.54
67 88 41 1 38:1043413:678:1:2143:12.39
67 88 41 79:1422569:1096:1:1831:7.67
67 88 41 79 94:1016681:776:1:1831:10.83
67 88 71:1570624:1589:1:1345:5.29
67 88 71 1:1315713:915:1:1980:9.19
67 88 71 1 79:1356111:788:1:2039:10.67
67 88 71 79:1723444:1364:1:1345:6.17
67 88 71 79 97:1004124:723:1:1346:11.62
67 88 71 79 94:1237352:943:1:1348:8.92
67 88 71 79 38:1297005:957:1:1361:8.78
67 88 71 94:1169125:1111:1:1348:7.57
67 88 71 38:1267876:1168:1:1361:7.2
67 88 1:1593149:1450:1:1830:5.8
67 88 1 79:1794981:1306:1:1830:6.44
67 88 1 79 97:1000145:680:1:2976:12.36
67 88 1 79 94:1400649:973:1:1830:8.64
67 88 1 94:1249209:1066:1:1830:7.89
67 88 79:1845335:2048:1:1297:4.11
67 88 79 97:1100687:1077:1:1300:7.81
67 88 79 24:1104137:806:1:1737:10.43
67 88 79 94:1441841:1478:1:1300:5.69
67 88 79 38:1260296:1287:1:1313:6.53
67 88 24:1108710:1008:1:1737:8.34
67 88 94:1238898:1739:1:1300:4.84
67 88 38:1142482:1591:1:1313:5.29
67 104:1600852:2334:1:1819:3.6
67 104 120 71:1041940:726:1:2404:11.58
67 104 41:1565492:1480:1:2092:5.68
67 104 41 71:1594315:1148:1:2097:7.32
67 104 41 71 1:1965977:1050:1:3994:8.01
67 104 41 71 79:1349223:786:1:2097:10.69
67 104 41 71 79 38:1132854:629:1:2399:13.36
67 104 41 71 38:1409519:955:1:2399:8.8
67 104 41 1:2008472:1308:1:3989:6.43
67 104 41 1 94:1161642:768:1:3999:10.94
67 104 41 79:1499327:1097:1:2092:7.66
67 104 41 79 38:1222178:845:1:2399:9.95
67 104 41 38:1360030:1192:1:2399:7.05
67 104 71:1958995:1904:1:1827:4.42
67 104 71 1:2009637:1350:1:3994:6.23
67 104 71 79:1954473:1467:1:1827:5.73
67 104 71 79 97:1102070:777:1:2346:10.82
67 104 71 79 94:1295175:957:1:1827:8.78
67 104 71 79 94 38:1050686:723:1:2404:11.62
67 104 71 79 38:1543938:1080:1:2399:7.79
67 104 71 97:1225946:1090:1:2155:7.71
67 104 71 97 38:1050583:866:1:2509:9.71
67 104 71 94:1237949:1166:1:1827:7.21
67 104 71 94 38:1063610:917:1:2404:9.17
67 104 71 38:1648682:1466:1:2399:5.74
67 104 1:1972123:1701:1:3988:4.94
67 104 1 94:1222703:1019:1:3998:8.25
67 104 79:1765457:1820:1:1819:4.62
67 104 79 94:1249059:1226:1:1819:6.86
67 104 79 38:1376464:1299:1:2399:6.47
67 104 97:1037615:1315:1:2153:6.4
67 104 94:1071231:1450:1:1819:5.8
67 104 38:1370112:1759:1:2399:4.78
67 2 120:1215236:1181:1:2754:7.12
67 2 120 24:1439348:943:1:3906:8.92
67 2 120 24 38:1270672:798:1:3906:10.53
67 2 120 38:1114779:999:1:2754:8.42
67 2 24:1150758:1042:1:3905:8.07
67 2 24 38:1017076:853:1:3905:9.85
67 120:1194545:1728:1:1298:4.87
67 120 71:1206689:1161:1:1347:7.24
67 120 56:1116387:1302:1:2082:6.46
67 120 79:1011986:1039:1:1298:8.09
67 120 24:1329889:1108:1:3010:7.59
67 120 24 38:1153044:912:1:3010:9.22
67 120 38:1029981:1337:1:1318:6.29
67 41:1068787:1727:1:1830:4.87
67 41 71:1208840:1272:1:1835:6.61
67 41 71 1:1681329:1174:1:1971:7.16
67 41 71 1 79:1375372:783:1:1994:10.73
67 41 71 1 79 38:1067280:582:1:2137:14.44
67 41 71 1 94:1022390:710:1:1981:11.84
67 41 71 1 38:1419243:936:1:2137:8.98
67 41 71 79:1117919:881:1:1835:9.54
67 41 71 38:1059698:1009:1:2137:8.33
67 41 1:1704683:1555:1:1971:5.41
67 41 1 79:1595407:1137:1:1994:7.4
67 41 1 79 94:1109193:780:1:1994:10.78
67 41 1 79 38:1081345:740:1:2137:11.36
67 41 1 94:1125531:993:1:1981:8.47
67 41 1 38:1304199:1118:1:2137:7.52
67 41 79:1204925:1309:1:1830:6.42
67 71:1528060:2503:1:1345:3.36
67 71 1:1605580:1517:1:1898:5.54
67 71 1 79:1421172:1044:1:1921:8.05
67 71 1 79 94:1007740:713:1:1933:11.79
67 71 1 79 38:1011538:703:1:2137:11.95
67 71 1 97:1040194:860:1:2360:9.77
67 71 1 94:1073427:957:1:1920:8.78
67 71 1 38:1286207:1124:1:2137:7.48
67 71 79:1638999:1814:1:1345:4.64
67 71 79 94:1151006:1192:1:1348:7.05
67 71 79 38:1322896:1308:1:1361:6.43
67 71 97:1046939:1367:1:1346:6.15
67 71 24:1022935:900:1:1741:9.34
67 71 94:1127750:1625:1:1348:5.18
67 71 94 38:1025015:1273:1:1361:6.61
67 71 38:1382487:1926:1:1361:4.37
67 1:1638946:2231:1:1827:3.77
67 1 79:1682038:1652:1:1829:5.09
67 1 79 94:1306888:1189:1:1829:7.07
67 1 97:1083516:1220:1:2355:6.89
67 1 94:1198615:1464:1:1827:5.74
67 1 38:1130124:1411:1:2135:5.96
67 56 24:1137278:1221:1:3937:6.89
67 79:1473665:2717:1:1297:3.1
67 79 97:1003225:1420:1:1300:5.92
67 79 24:1277576:1221:1:1737:6.89
67 79 94:1169545:1858:1:1300:4.53
67 79 38:1129478:1767:1:1313:4.76
67 24:1385802:1796:1:1737:4.68
67 24 94:1052111:1244:1:1737:6.76
88:1353009:3757:1:1297:2.24
88 104:1632600:2094:1:1819:4.02
88 104 2 71 79:1011258:580:1:2753:14.49
88 104 2 79:1009706:736:1:2753:11.42
88 104 41:1527131:1289:1:2092:6.52
88 104 41 71:1320529:857:1:2097:9.81
88 104 41 71 79:1352173:737:1:2097:11.4
88 104 41 71 79 38:1092143:568:1:2404:14.79
88 104 41 71 38:1103110:676:1:2404:12.43
88 104 41 1:1615525:980:1:3999:8.58
88 104 41 1 94:1021020:634:1:3999:13.25
88 104 41 79:1694519:1151:1:2092:7.31
88 104 41 79 94:1141748:790:1:2092:10.64
88 104 41 79 38:1321828:849:1:2404:9.9
88 104 41 94:1001356:859:1:2092:9.79
88 104 41 38:1240694:973:1:2404:8.64
88 104 71:1743301:1532:1:1827:5.49
88 104 71 79:1927966:1357:1:1827:6.2
88 104 71 79 97:1076894:711:1:2346:11.82
88 104 71 79 94:1313897:915:1:1827:9.19
88 104 71 79 94 38:1013243:661:1:2398:12.71
88 104 71 79 38:1471035:968:1:2395:8.69
88 104 71 94:1165752:1001:1:1827:8.4
88 104 71 38:1382325:1116:1:2395:7.53
88 104 1:1679330:1358:1:3996:6.19
88 104 1 94:1149326:892:1:3998:9.42
88 104 79:1979213:1870:1:1819:4.5
88 104 79 97:1071044:927:1:2344:9.07
88 104 79 94:1446714:1315:1:1819:6.4
88 104 79 94 38:1044332:886:1:2398:9.49
88 104 79 38:1453527:1270:1:2395:6.62
88 104 94:1174179:1413:1:1819:5.95
88 104 38:1271652:1459:1:2395:5.76
88 2:1002427:1484:1:2753:5.67
88 2 120:1273642:1147:1:2754:7.33
88 2 120 71:1027659:689:1:2754:12.2
88 2 120 79:1055714:766:1:2754:10.97
88 2 120 24:1280780:817:1:3906:10.29
88 2 120 24 38:1168287:708:1:3906:11.87
88 2 120 38:1200036:993:1:2754:8.47
88 2 71:1006758:954:1:2753:8.81
88 2 71 79:1007172:759:1:2753:11.07
88 2 79:1041823:1102:1:2753:7.63
88 2 38:1011161:1277:1:2753:6.59
88 120:1144206:1454:1:1298:5.78
88 120 71:1079112:934:1:1347:9.0
88 120 56:1080782:1128:1:2084:7.45
88 120 79:1021061:968:1:1298:8.69
88 120 24:1095835:874:1:3010:9.62
88 120 24 38:1005329:754:1:3010:11.15
88 120 38:1003719:1147:1:1318:7.33
88 41:1285801:1737:1:1829:4.84
88 41 71:1180461:1070:1:1834:7.86
88 41 71 1:1411862:901:1:1982:9.33
88 41 71 1 79:1387634:751:1:2007:11.19
88 41 71 79:1275142:920:1:1836:9.14
88 41 1:1714897:1428:1:1982:5.89
88 41 1 79:1858288:1255:1:2007:6.7
88 41 1 79 94:1411491:940:1:2043:8.94
88 41 1 94:1279597:1036:1:1982:8.12
88 41 79:1595252:1564:1:1831:5.38
88 41 79 94:1228989:1165:1:1831:7.22
88 71:1645133:2283:1:1345:3.68
88 71 1:1537307:1329:1:1980:6.33
88 71 1 79:1560150:1099:1:2003:7.65
88 71 1 79 94:1186650:804:1:2039:10.45
88 71 1 94:1146972:936:1:1980:8.98
88 71 56:1015062:1171:1:1548:7.18
88 71 79:1840737:1858:1:1345:4.53
88 71 79 97:1106568:972:1:1346:8.65
88 71 79 24:1079149:743:1:2010:11.31
88 71 79 94:1365463:1297:1:1348:6.48
88 71 79 38:1273919:1155:1:1361:7.28
88 71 97:1021734:1176:1:1346:7.15
88 71 24:1145372:957:1:2010:8.78
88 71 94:1280566:1601:1:1348:5.25
88 71 38:1258954:1517:1:1361:5.54
88 1:1858838:2273:1:1828:3.7
88 1 79:2129698:1963:1:1830:4.29
88 1 79 97:1200840:996:1:2976:8.44
88 1 79 97 94:1079616:832:1:2976:10.1
88 1 79 24:1665291:1072:1:3217:7.84
88 1 79 24 94:1549521:951:1:3217:8.84
88 1 79 94:1761393:1510:1:1830:5.57
88 1 97:1068656:1127:1:2976:7.46
88 1 24:1460927:1116:1:3217:7.53
88 1 24 94:1339670:972:1:3217:8.65
88 1 94:1509613:1666:1:1828:5.05
88 56:1160554:2236:1:1546:3.76
88 56 79:1245542:1586:1:1571:5.3
88 56 79 24:1409920:1120:1:3930:7.51
88 56 79 24 94:1154625:869:1:3941:9.67
88 56 79 94:1049093:1184:1:1607:7.1
88 56 24:1546792:1546:1:3930:5.44
88 56 24 94:1333791:1230:1:3935:6.84
88 56 94:1029790:1643:1:1548:5.12
88 79:1931291:3065:1:1297:2.74
88 79 97:1251949:1610:1:1300:5.22
88 79 97 94:1148938:1313:1:1306:6.4
88 79 24:1734480:1577:1:1729:5.33
88 79 24 94:1474933:1252:1:1729:6.72
88 79 94:1613161:2248:1:1300:3.74
88 79 38:1205286:1667:1:1313:5.05
88 24:1677312:2003:1:1729:4.2
88 24 94:1491447:1613:1:1729:5.21
88 94:1257676:2744:1:1300:3.07
88 38:1031598:2248:1:1313:3.74
104:1720664:3968:1:1817:2.12
104 120:1299632:1515:1:2394:5.55
104 120 71:1342749:1111:1:2398:7.57
104 120 71 79:1024491:683:1:2398:12.3
104 120 56:1091417:1061:1:2688:7.92
104 41:1647736:2057:1:2092:4.09
104 41 71:1752338:1500:1:2093:5.61
104 41 71 1:2179206:1322:1:3990:6.36
104 41 71 1 94:1077754:678:1:4000:12.39
104 41 71 56:1029340:797:1:2692:10.55
104 41 71 79:1441758:979:1:2093:8.59
104 41 71 79 38:1184131:754:1:2399:11.15
104 41 71 38:1525743:1209:1:2399:6.96
104 41 1:2209633:1732:1:3988:4.86
104 41 1 94:1179423:936:1:3999:8.98
104 41 56:1004724:1068:1:2688:7.87
104 41 79:1589803:1446:1:2092:5.82
104 41 79 94:1018177:930:1:2092:9.04
104 41 79 38:1295143:1079:1:2397:7.79
104 41 38:1451656:1617:1:2378:5.2
104 71:2176673:2769:1:1819:3.04
104 71 1:2678936:2118:1:3986:3.97
104 71 1 94:1348491:1054:1:3996:7.98
104 71 56:1248196:1350:1:2692:6.23
104 71 79:2024139:1884:1:1819:4.46
104 71 79 97:1056247:896:1:2346:9.38
104 71 79 94:1291922:1167:1:1819:7.21
104 71 79 38:1522122:1291:1:2395:6.51
104 71 97:1284151:1422:1:2155:5.91
104 71 97 38:1112064:1111:1:2502:7.57
104 71 94:1215158:1477:1:1819:5.69
104 71 38:1756224:1979:1:2395:4.25
104 1:2904439:3152:1:3985:2.67
104 1 94:1414497:1472:1:3996:5.71
104 56:1272296:2112:1:2688:3.98
104 56 38:1045197:1519:1:2688:5.54
104 79:1837093:2608:1:1817:3.23
104 79 94:1231445:1617:1:1817:5.2
104 79 38:1406653:1746:1:2393:4.82
104 97:1087184:1898:1:2153:4.43
104 97 38:1011270:1516:1:2497:5.55
104 38:1487998:2787:1:2377:3.02
2:1293864:3928:1:2753:2.14
2 120:2179304:2836:1:2754:2.97
2 120 71:1378620:1203:1:2754:6.99
2 120 71 79:1102492:776:1:2754:10.83
2 120 71 24:1545827:943:1:3906:8.92
2 120 71 24 94:1094172:661:1:3906:12.71
2 120 71 24 94 38:1035548:596:1:3906:14.1
2 120 71 24 38:1350536:791:1:3906:10.63
2 120 71 94:1008390:840:1:2754:10.01
2 120 71 38:1255249:1014:1:2754:8.29
2 120 79:1381003:1329:1:2754:6.33
2 120 79 97 24:1039857:629:1:3906:13.36
2 120 79 24:1516028:980:1:3906:8.58
2 120 79 24 38:1327451:822:1:3906:10.23
2 120 79 38:1260985:1116:1:2754:7.53
2 120 97:1674392:1819:1:2755:4.62
2 120 97 24:2283822:1647:1:3906:5.11
2 120 97 24 94:2047031:1408:1:3906:5.97
2 120 97 24 94 38:2008029:1309:1:3906:6.42
2 120 97 24 38:2157436:1481:1:3906:5.68
2 120 97 94:1548904:1547:1:2755:5.44
2 120 97 94 38:1581002:1440:1:2755:5.84
2 120 97 38:1659360:1642:1:2755:5.12
2 120 24:3113385:2463:1:3906:3.42
2 120 24 94:2496701:1909:1:3906:4.41
2 120 24 94 38:2417481:1747:1:3906:4.81
2 120 24 38:2838593:2140:1:3906:3.93
2 120 94:1811908:2175:1:2754:3.87
2 120 94 38:1836790:1979:1:2754:4.25
2 120 38:2103440:2458:1:2754:3.42
2 71:1077689:1515:1:2753:5.55
2 71 79:1065719:1083:1:2753:7.76
2 71 24:1258260:1042:1:3905:8.07
2 71 24 38:1097817:846:1:3905:9.94
2 71 38:1043516:1267:1:2753:6.64
2 79:1032866:1712:1:2753:4.91
2 79 24:1192652:1074:1:3905:7.83
2 79 24 38:1048275:873:1:3905:9.63
2 79 38:1026333:1432:1:2753:5.87
2 97:1382872:2658:1:2754:3.17
2 97 24:2244225:2280:1:3905:3.69
2 97 24 94:2163755:2006:1:3905:4.19
2 97 24 94 38:2228945:1894:1:3905:4.44
2 97 24 38:2254124:2087:1:3905:4.03
2 97 94:1447294:2318:1:2754:3.63
2 97 94 38:1605264:2188:1:2754:3.84
2 97 38:1535530:2441:1:2754:3.45
2 24:2666865:3243:1:3905:2.59
2 24 94:2379095:2626:1:3905:3.2
2 24 94 38:2439889:2436:1:3905:3.45
2 24 38:2619462:2868:1:3905:2.93
2 94:1335166:3118:1:2753:2.7
2 94 38:1550560:2880:1:2753:2.92
2 38:1526304:3474:1:2753:2.42
120:1744256:4008:1:1026:2.1
120 41:1028808:1235:1:2400:6.81
120 71:1587479:1992:1:1347:4.22
120 71 56:1511464:1564:1:2082:5.38
120 71 56 38:1176421:1122:1:2178:7.49
120 71 79:1229433:1137:1:1347:7.4
120 71 97:1056242:1109:1:1359:7.58
120 71 24:1418322:1083:1:3010:7.76
120 71 24 38:1236812:895:1:3010:9.39
120 71 94:1037500:1198:1:1351:7.02
120 71 38:1260306:1430:1:1371:5.88
120 1:1056618:1172:1:2322:7.17
120 56:1673581:2779:1:2082:3.03
120 56 79:1202012:1375:1:2082:6.12
120 56 79 38:1003577:1042:1:2178:8.07
120 56 97:1301067:1664:1:2082:5.05
120 56 97 94:1022097:1194:1:2100:7.04
120 56 97 94 38:1021399:1073:1:2196:7.84
120 56 97 38:1171911:1357:1:2178:6.2
120 56 94:1171326:1738:1:2092:4.84
120 56 94 38:1132441:1479:1:2188:5.69
120 56 38:1446069:2122:1:2178:3.96
120 79:1311376:1857:1:1298:4.53
120 79 24:1364808:1120:1:3010:7.51
120 79 24 38:1133354:881:1:3010:9.54
120 79 38:1064412:1345:1:1318:6.25
120 97:1531376:2477:1:1027:3.4
120 97 24:1973821:1824:1:3010:4.61
120 97 24 94:1702669:1477:1:3010:5.69
120 97 24 94 38:1649404:1338:1:3010:6.29
120 97 24 38:1850205:1604:1:3010:5.24
120 97 94:1288902:1840:1:1045:4.57
120 97 94 38:1282588:1614:1:1045:5.21
120 97 38:1421294:2025:1:1027:4.15
120 24:2529267:2702:1:3010:3.11
120 24 94:1999387:2017:1:3010:4.17
120 24 94 38:1914166:1792:1:3010:4.69
120 24 38:2289078:2289:1:3010:3.68
120 94:1370704:2668:1:1036:3.15
120 94 38:1356104:2239:1:1036:3.76
120 38:1592444:3083:1:1026:2.73
41:1518984:3959:1:1770:2.13
41 71:1318630:1810:1:1830:4.65
41 71 1:1977749:1632:1:1971:5.15
41 71 1 79:1602223:1060:1:1994:7.93
41 71 1 79 94:1055522:699:1:1994:12.02
41 71 1 79 38:1033693:646:1:2137:13.01
41 71 1 94:1164572:949:1:1981:8.86
41 71 1 38:1492047:1146:1:2136:7.34
41 71 79:1270025:1238:1:1831:6.79
41 71 38:1077343:1292:1:2136:6.51
41 1:1904667:2290:1:1970:3.67
41 1 79:1821685:1620:1:1994:5.19
41 1 79 94:1317736:1136:1:1994:7.4
41 1 79 38:1024555:843:1:2135:9.97
41 1 94:1256144:1426:1:1981:5.9
41 1 38:1318353:1429:1:2115:5.89
41 79:1256009:1945:1:1830:4.32
41 97:1432400:2426:1:2497:3.47
41 97 24:1515940:1417:1:2833:5.94
41 97 24 94:1509777:1283:1:3024:6.55
41 97 94:1368210:1972:1:2688:4.27
41 97 94 38:1322388:1631:1:2688:5.16
41 97 38:1398902:1987:1:2497:4.23
41 24:1756425:2001:1:2441:4.2
41 24 94:1773244:1807:1:2441:4.65
41 94:1399444:2948:1:1770:2.85
41 94 38:1311488:2199:1:1770:3.83
41 38:1485370:2968:1:1770:2.83
71:1572018:4301:1:1345:1.96
71 1:2344924:2786:1:1898:3.02
71 1 79:2016942:1792:1:1921:4.69
71 1 79 97:1030050:818:1:2545:10.28
71 1 79 24:1159279:713:1:3629:11.79
71 1 79 94:1420689:1194:1:1923:7.04
71 1 79 38:1071228:882:1:2133:9.53
71 1 97:1334235:1351:1:2354:6.22
71 1 24:1193492:879:1:3629:9.56
71 1 94:1451858:1592:1:1910:5.28
71 1 38:1540880:1651:1:2132:5.09
71 56:1398571:2684:1:1538:3.13
71 56 79:1190858:1485:1:1561:5.66
71 56 79 24:1156564:878:1:3933:9.57
71 56 24:1390879:1334:1:3933:6.3
71 56 24 94:1118925:1005:1:3935:8.37
71 56 38:1074149:1720:1:2178:4.89
71 79:1864619:2875:1:1345:2.93
71 79 97:1114785:1370:1:1346:6.14
71 79 24:1525796:1323:1:1733:6.36
71 79 24 94:1109908:926:1:1733:9.08
71 79 94:1337620:1851:1:1348:4.54
71 79 38:1341917:1763:1:1361:4.77
71 97:1139775:2149:1:1346:3.91
71 24:1677335:1921:1:1733:4.38
71 24 94:1264795:1329:1:1733:6.33
71 24 38:1037866:1074:1:3009:7.83
71 94:1209306:2638:1:1348:3.19
71 94 38:1011804:1787:1:1361:4.71
71 38:1387462:2918:1:1361:2.88
1:2183661:4488:1:1825:1.87
1 79:2249653:2973:1:1827:2.83
1 79 97:1206340:1337:1:2544:6.29
1 79 97 94:1032234:1038:1:2544:8.1
1 79 24:1818827:1469:1:3217:5.73
1 79 24 94:1619110:1240:1:3217:6.78
1 79 94:1701652:2025:1:1827:4.15
1 79 38:1043432:1242:1:2131:6.77
1 97:1367157:2087:1:2353:4.03
1 24:1700217:1736:1:3217:4.85
1 24 94:1338473:1279:1:3217:6.58
1 94:1451706:2541:1:1825:3.31
1 38:1380489:2375:1:2113:3.54
56 79:1226174:2792:1:1561:3.01
56 79 97 24:1134770:1085:1:3932:7.75
56 79 24:1701265:1832:1:3929:4.59
56 79 24 94:1250339:1286:1:3931:6.54
56 97 24:1313338:1638:1:3932:5.13
56 97 24 94:1232003:1383:1:3932:6.08
56 24:1822083:2752:1:3929:3.06
56 24 94:1542427:2084:1:3931:4.04
79:1285110:4685:1:1297:1.8
79 97:1081236:2343:1:1300:3.59
79 97 24:1158618:1315:1:1729:6.4
79 24:1950259:2543:1:1729:3.31
79 24 94:1517284:1841:1:1729:4.57
79 94:1135519:3080:1:1300:2.73
79 38:1021835:2674:1:1313:3.15
97 24:2058780:3139:1:1729:2.68
97 24 94:1946274:2594:1:1729:3.24
97 24 94 38:1695596:1953:1:3009:4.31
97 24 38:1806014:2342:1:3009:3.59
97 94:1104092:3604:1:584:2.33
97 94 38:1177238:2830:1:1034:2.97
97 38:1112472:3626:1:1027:2.32
24:2459430:4979:1:1729:1.69
24 94:2279212:3905:1:1729:2.15
24 94 38:1748513:2554:1:3009:3.29
24 38:1876694:3195:1:3009:2.63
