53 23 57 31 104 41:1027274:488:1:2397:17.21
53 23 31 1 41:1109769:560:1:2177:15.0
53 23 104 41:1161487:776:1:2397:10.83
53 23 1 41:1162581:752:1:2133:11.18
53 57 31 104 41:1006549:504:1:2381:16.67
53 31 104 41:1082031:600:1:2177:14.0
53 31 71 1 41:1047364:478:1:2177:17.57
53 31 1:1070486:756:1:2177:11.12
53 31 1 41:1243436:672:1:2177:12.51
53 104 41:1221206:888:1:2093:9.47
53 71 1 41:1007675:577:1:2078:14.56
53 1 41:1227992:864:1:2077:9.73
20 23 31 71 1 41:1006602:481:1:2361:17.46
20 23 31 1 41:1118887:624:1:2360:13.47
20 31 1 41:1051933:624:1:2360:13.47
50 31 1:1083056:820:1:2469:10.25
50 24 41:1036881:784:1:2567:10.72
50 41:1124070:1376:1:2193:6.11
121 128 57 41:1256116:1088:2:2789:7.73
121 128 31 1:1334780:896:2:2739:9.38
121 128 41:1074799:1088:2:2789:7.73
121 57 41:1023690:1544:1:2788:5.45
39 88 79:1199523:1357:1:1973:6.2
39 88 79 97:1225293:1112:1:2344:7.56
39 71 79 24:1086383:788:1:2018:10.67
39 71 79 24 97:1015711:633:1:2545:13.27
39 79 24:1467845:1480:1:2017:5.68
39 79 24 97:1428924:1178:1:2544:7.14
39 24:1063509:1488:1:2009:5.65
39 24 97:1111108:1186:1:2009:7.09
77 120:1095736:1260:1:2190:6.67
77 120 56:1076313:1044:1:2219:8.05
77 120 56 38:1092091:956:1:2219:8.79
77 120 56 38 97:1060236:796:1:2219:10.56
77 120 94 38:1053972:983:1:2190:8.55
77 120 94 38 97:1031312:827:1:2196:10.16
77 120 38:1150350:1172:1:2190:7.17
77 120 38 97:1132680:969:1:2196:8.68
77 120 97:1049764:991:1:2196:8.48
16 122 24 41:1289682:872:1:2685:9.64
16 23 57 104 56 41:1071308:672:1:2736:12.51
16 57 41:1170936:1328:1:2513:6.33
16 88 79 56 41 97:1051365:604:1:2736:13.91
16 88 79 41:1037519:767:1:2233:10.96
16 56 41:1040548:1184:1:2736:7.1
16 94 24 41:1335176:1020:1:2683:8.24
16 94 41 97:1029379:1014:1:2736:8.29
16 24:1097671:1416:1:2683:5.94
16 24 41:1575662:1304:1:2683:6.45
16 41:1416526:1984:1:2233:4.24
16 41 97:1252652:1369:1:2736:6.14
13:1027712:2320:1:1897:3.63
13 23 31 71 1 41:1078253:487:1:2465:17.25
13 23 31 1 41:1214566:632:1:2465:13.3
13 23 1 41:1068895:728:1:2135:11.54
13 67 31 1 41:1115385:545:1:2143:15.41
13 120:1139232:1295:1:1897:6.49
13 120 56:1089607:1043:1:2468:8.06
13 120 56 38:1117011:964:1:2480:8.72
13 120 56 38 97:1069462:795:1:2500:10.57
13 120 56 97:1006719:817:1:2468:10.29
13 120 38:1091894:1104:1:2169:7.62
13 120 38 97:1086238:922:1:2181:9.12
13 120 97:1119300:1044:1:1909:8.05
13 57 31 1:1006835:648:1:2465:12.97
13 31:1070976:1208:1:2075:6.96
13 31 71:1103250:879:1:2136:9.56
13 31 71 1:1506873:879:1:2136:9.56
13 31 71 1 41:1722201:807:1:2136:10.42
13 31 71 1 97:1026158:552:1:2354:15.22
13 31 71 41:1354029:807:1:2136:10.42
13 31 1:1631389:1192:1:2113:7.05
13 31 1 41:1980881:1096:1:2113:7.67
13 31 1 97:1119240:729:1:2353:11.53
13 31 41:1454768:1096:1:2113:7.67
13 71:1183582:1439:1:1898:5.84
13 71 1:1119929:879:1:2136:9.56
13 71 1 41:1363529:807:1:2136:10.42
13 71 97:1056415:1039:1:1908:8.09
13 1:1190754:1288:1:2113:6.53
13 1 41:1618790:1192:1:2113:7.05
13 56:1037330:1696:1:2345:4.96
13 41:1065752:1216:1:1993:6.92
13 97:1101460:1697:1:1902:4.96
9 122 24 41:1175829:872:1:2871:9.64
9 57 31 71:1029212:882:1:2557:9.53
9 57 31 71 1:1451924:882:1:2557:9.53
9 57 31 1:1131165:900:1:2556:9.34
9 57 71 1:1116186:930:1:2557:9.04
9 31:1018627:1668:1:2329:5.04
9 31 71:1309376:1306:1:2329:6.44
9 31 71 1:1938071:1306:1:2329:6.44
9 31 71 1 79:1285510:730:1:2353:11.51
9 31 71 1 97:1010118:649:1:2557:12.95
9 31 1:1800274:1652:1:2329:5.09
9 31 1 79:1470291:1076:1:2353:7.81
9 31 1 79 97:1136840:734:1:2556:11.45
9 31 1 97:1143207:923:1:2556:9.11
9 71 1:1407213:1354:1:2329:6.21
9 71 1 79:1025890:778:1:2353:10.8
9 1:1099449:1700:1:2329:4.95
9 1 79:1040704:1124:1:2353:7.48
9 94 24 41:1207636:1028:1:2869:8.18
9 94 24 97:1031483:1052:1:2316:7.99
9 24:1018461:1548:1:1837:5.43
9 24 41:1407179:1304:1:2869:6.45
9 24 97:1190793:1353:1:2316:6.22
9 41:1293113:2168:1:2869:3.88
122 90 24 41:1017886:741:1:2503:11.34
122 94 24:1057953:1210:1:2502:6.95
122 94 24 41:1566209:1210:1:2502:6.95
122 94 41:1140171:1443:1:2089:5.83
122 94 41 97:1208491:1199:1:2688:7.01
122 24:1333071:1744:1:2499:4.82
122 24 41:2090575:1744:1:2499:4.82
122 41:1608172:2276:1:2089:3.7
122 41 97:1609368:1751:1:2688:4.8
42 12 120:1066485:1024:1:2818:8.21
42 12 120 2:1337336:976:1:2818:8.61
42 12 120 2 71 38 97:1042382:504:1:2818:16.67
42 12 120 2 71 97:1035460:529:1:2818:15.88
42 12 120 2 94:1055858:756:1:2818:11.12
42 12 120 2 94 38:1120162:743:1:2818:11.31
42 12 120 2 94 38 97:1266833:739:1:2818:11.37
42 12 120 2 94 97:1205271:752:1:2818:11.18
42 12 120 2 38:1408788:951:1:2818:8.84
42 12 120 2 38 97:1586568:936:1:2818:8.98
42 12 120 2 97:1522478:961:1:2818:8.75
42 12 120 94 38 97:1040873:739:1:2818:11.37
42 12 120 94 97:1008197:775:1:2818:10.85
42 12 120 38:1095444:951:1:2818:8.84
42 12 120 38 97:1279218:936:1:2818:8.98
42 12 120 97:1268273:1009:1:2818:8.33
42 12 2:1019855:1088:1:2817:7.73
42 12 2 94 38 97:1042977:785:1:2817:10.71
42 12 2 38:1088059:1038:1:2817:8.1
42 12 2 38 97:1279883:1014:1:2817:8.29
42 12 2 97:1225991:1064:1:2817:7.9
42 5 120 2:1069245:727:1:2882:11.56
42 5 120 2 38:1076761:681:1:2882:12.34
42 5 120 2 38 97:1036450:585:1:2883:14.36
42 5 120 2 97:1050020:631:1:2883:13.32
42 67 120:1217579:1127:1:2755:7.46
42 67 120 2:1397212:989:1:2755:8.5
42 67 120 2 94:1160483:796:1:2755:10.56
42 67 120 2 94 38:1214566:773:1:2755:10.87
42 67 120 2 94 38 97:1206339:690:1:2755:12.18
42 67 120 2 94 97:1165440:713:1:2755:11.79
42 67 120 2 38:1459605:956:1:2755:8.79
42 67 120 2 38 97:1415661:830:1:2755:10.13
42 67 120 2 97:1374508:863:1:2755:9.74
42 67 120 94:1020289:886:1:2755:9.49
42 67 120 94 38:1016130:808:1:2755:10.4
42 67 120 94 38 97:1036075:722:1:2755:11.64
42 67 120 94 97:1056379:794:1:2755:10.59
42 67 120 38:1209808:1015:1:2755:8.28
42 67 120 38 97:1211864:884:1:2755:9.51
42 67 120 97:1243081:985:1:2755:8.54
42 67 2:1092789:1119:1:2754:7.51
42 67 2 94 38 97:1039687:755:1:2754:11.13
42 67 2 94 97:1015622:804:1:2754:10.45
42 67 2 38:1146666:1052:1:2754:7.99
42 67 2 38 97:1188600:918:1:2754:9.16
42 67 2 97:1164299:985:1:2754:8.54
42 55 104 71 79:1024342:552:1:2753:15.22
42 55 104 71 79 97:1012722:494:1:2753:17.0
42 120:1815171:2224:1:2754:3.78
42 120 2:2273603:1984:1:2754:4.24
42 120 2 88:1478849:972:1:2755:8.65
42 120 2 88 71:1019209:540:1:2755:15.56
42 120 2 88 71 38:1045893:521:1:2755:16.12
42 120 2 88 71 38 97:1000784:458:1:2755:18.34
42 120 2 88 94:1016653:689:1:2755:12.2
42 120 2 88 94 38:1069186:672:1:2755:12.51
42 120 2 88 94 38 97:1095082:614:1:2755:13.68
42 120 2 88 94 97:1052567:631:1:2755:13.32
42 120 2 88 38:1560684:953:1:2755:8.82
42 120 2 88 38 97:1515956:831:1:2755:10.12
42 120 2 88 97:1452235:850:1:2755:9.89
42 120 2 71:1666756:1088:1:2754:7.73
42 120 2 71 79:1183750:656:1:2754:12.81
42 120 2 71 79 38:1164689:607:1:2754:13.84
42 120 2 71 79 38 97:1093962:524:1:2754:16.03
42 120 2 71 79 97:1133655:573:1:2754:14.66
42 120 2 71 94:1327345:839:1:2755:10.02
42 120 2 71 94 38:1374233:810:1:2755:10.38
42 120 2 71 94 38 97:1364953:727:1:2755:11.56
42 120 2 71 94 97:1332607:756:1:2755:11.12
42 120 2 71 38:1709087:1039:1:2754:8.09
42 120 2 71 38 97:1657032:907:1:2754:9.27
42 120 2 71 97:1640435:956:1:2754:8.79
42 120 2 79:1586782:1120:1:2754:7.51
42 120 2 79 94:1258617:863:1:2755:9.74
42 120 2 79 94 38:1309250:834:1:2755:10.08
42 120 2 79 94 38 97:1299609:742:1:2755:11.33
42 120 2 79 94 97:1264120:771:1:2755:10.9
42 120 2 79 38:1637060:1071:1:2754:7.85
42 120 2 79 38 97:1579707:925:1:2754:9.09
42 120 2 79 97:1557061:974:1:2754:8.63
42 120 2 94:1884177:1573:1:2755:5.35
42 120 2 94 38:2021469:1544:1:2755:5.45
42 120 2 94 38 97:2040336:1369:1:2755:6.14
42 120 2 94 97:1927892:1398:1:2755:6.02
42 120 2 38:2432721:1935:1:2754:4.35
42 120 2 38 97:2424587:1680:1:2754:5.01
42 120 2 97:2305465:1729:1:2754:4.86
42 120 88:1264964:1066:1:2755:7.89
42 120 88 38:1302995:1001:1:2755:8.4
42 120 88 38 97:1302653:876:1:2755:9.6
42 120 88 97:1293244:941:1:2755:8.93
42 120 71:1525240:1268:1:2754:6.63
42 120 71 79:1237877:836:1:2754:10.05
42 120 71 79 38:1042838:655:1:2754:12.83
42 120 71 79 38 97:1007098:569:1:2754:14.76
42 120 71 79 97:1231889:739:1:2754:11.37
42 120 71 94:1173643:925:1:2755:9.09
42 120 71 94 38:1145138:831:1:2755:10.12
42 120 71 94 38 97:1165730:748:1:2755:11.24
42 120 71 94 97:1213561:837:1:2755:10.04
42 120 71 38:1427908:1087:1:2754:7.74
42 120 71 38 97:1426096:952:1:2754:8.83
42 120 71 97:1561377:1122:1:2754:7.49
42 120 79:1482753:1360:1:2754:6.18
42 120 79 94:1137011:989:1:2755:8.5
42 120 79 94 38:1091741:871:1:2755:9.65
42 120 79 94 38 97:1114062:776:1:2755:10.83
42 120 79 94 97:1184685:888:1:2755:9.47
42 120 79 38:1367711:1143:1:2754:7.36
42 120 79 38 97:1367687:991:1:2754:8.48
42 120 79 97:1527176:1194:1:2754:7.04
42 120 94:1511757:1699:1:2755:4.95
42 120 94 38:1574451:1581:1:2755:5.32
42 120 94 38 97:1650691:1403:1:2755:5.99
42 120 94 97:1624209:1515:1:2755:5.55
42 120 38:1855679:2007:1:2754:4.19
42 120 38 97:1941119:1746:1:2754:4.82
42 120 97:1961662:1949:1:2754:4.32
42 2:1577832:2224:1:2753:3.78
42 2 88:1178364:1094:1:2754:7.69
42 2 88 38:1251496:1050:1:2754:8.01
42 2 88 38 97:1288658:920:1:2754:9.14
42 2 88 97:1240220:964:1:2754:8.72
42 2 71:1449839:1320:1:2753:6.37
42 2 71 79:1219886:888:1:2753:9.47
42 2 71 79 38:1162510:782:1:2753:10.75
42 2 71 79 38 97:1127055:674:1:2753:12.47
42 2 71 79 97:1219591:780:1:2753:10.78
42 2 71 94:1153205:979:1:2754:8.59
42 2 71 94 38:1183422:916:1:2754:9.18
42 2 71 94 38 97:1222075:819:1:2754:10.26
42 2 71 94 97:1213964:882:1:2754:9.53
42 2 71 38:1468755:1214:1:2753:6.93
42 2 71 38 97:1491878:1057:1:2753:7.95
42 2 71 97:1513224:1163:1:2753:7.23
42 2 79:1329682:1352:1:2753:6.22
42 2 79 94:1062753:1003:1:2754:8.38
42 2 79 94 38:1099782:940:1:2754:8.94
42 2 79 94 38 97:1144009:834:1:2754:10.08
42 2 79 94 97:1129688:897:1:2754:9.37
42 2 79 38:1364073:1246:1:2753:6.75
42 2 79 38 97:1392544:1075:1:2753:7.82
42 2 79 97:1400313:1181:1:2753:7.12
42 2 94:1366962:1713:1:2754:4.91
42 2 94 38:1499035:1650:1:2754:5.1
42 2 94 38 97:1628165:1461:1:2754:5.76
42 2 94 97:1528504:1524:1:2754:5.52
42 2 38:1730685:2110:1:2753:3.99
42 2 38 97:1885281:1830:1:2753:4.6
42 2 97:1789072:1944:1:2753:4.33
42 88 38 97:1078302:1007:1:2754:8.35
42 88 97:1050590:1097:1:2754:7.66
42 71:1193241:1548:1:2753:5.43
42 71 79:1171386:1116:1:2753:7.53
42 71 79 38:1019152:878:1:2753:9.57
42 71 79 38 97:1037013:763:1:2753:11.02
42 71 79 97:1239949:990:1:2753:8.49
42 71 94 38 97:1012046:865:1:2754:9.72
42 71 94 97:1042684:988:1:2754:8.51
42 71 38:1153614:1310:1:2753:6.42
42 71 38 97:1246279:1146:1:2753:7.34
42 71 97:1344805:1373:1:2753:6.13
42 79:1096786:1664:1:2753:5.05
42 79 38:1064505:1390:1:2753:6.05
42 79 38 97:1173635:1205:1:2753:6.98
42 79 97:1273769:1465:1:2753:5.74
42 94 38:1028455:1732:1:2754:4.86
42 94 38 97:1229303:1535:1:2754:5.48
42 94 97:1163366:1681:1:2754:5.0
42 38:1104694:2254:1:2753:3.73
42 38 97:1378139:1960:1:2753:4.29
42 97:1328801:2228:1:2753:3.78
36 31 88 1:1005381:647:1:1829:12.99
36 31 88 1 79 41:1100240:496:1:2149:16.93
36 31 88 1 41:1192961:619:1:1982:13.57
36 31 71 1 41:1081433:614:1:1981:13.68
36 31 1:1222126:1050:1:1827:8.01
36 31 1 79:1011560:697:1:1829:12.06
36 31 1 79 41:1136644:623:1:1997:13.49
36 31 1 41:1485547:976:1:1970:8.61
36 31 41:1089761:1007:1:1827:8.35
36 104 71:1007808:915:1:1818:9.19
36 104 41:1045567:941:1:2090:8.93
36 88 1 79 41:1101417:628:1:2149:13.38
36 88 1 41:1114472:751:1:1982:11.19
36 88 79 41:1026875:782:1:1831:10.75
36 1 79 41:1124042:811:1:1997:10.36
36 1 41:1283640:1164:1:1970:7.22
36 94 24 97:1104689:1098:1:1729:7.66
36 94 41:1012474:1263:1:1770:6.66
36 24:1103562:1531:1:1729:5.49
36 24 41:1114835:969:1:2444:8.68
36 24 97:1193282:1298:1:1729:6.48
36 41:1303060:1833:1:1770:4.59
36 41 97:1156559:1260:1:2688:6.67
36 97:1015523:1948:1:528:4.32
12 67 24 97:1036306:864:1:2107:9.73
12 55 104 71:1128064:796:1:2817:10.56
12 55 104 71 79:1018078:604:1:2817:13.91
12 120 2:1120270:1144:1:2818:7.35
12 120 2 94 38 97:1068512:804:1:2818:10.45
12 120 2 38:1163814:1066:1:2818:7.89
12 120 2 38 97:1343866:1029:1:2818:8.17
12 120 2 97:1272262:1066:1:2818:7.89
12 120 38 97:1040390:1064:1:2818:7.9
12 120 97:1049224:1210:1:2818:6.95
12 2 38 97:1058000:1209:1:2817:6.96
12 104 71:1019307:988:1:2817:8.51
12 104 71 79:1039457:796:1:2817:10.56
12 88 71 79:1015378:844:1:1989:9.96
12 88 79:1221020:1424:1:1985:5.91
12 88 79 24:1248368:904:1:2106:9.3
12 88 79 24 97:1223493:768:1:2106:10.94
12 88 79 97:1262426:1180:1:1985:7.13
12 88 24:1235499:1120:1:2106:7.51
12 88 24 97:1297143:984:1:2106:8.54
12 88 97:1131686:1396:1:1985:6.02
12 71:1063605:1772:1:1989:4.75
12 71 79:1154683:1316:1:1989:6.39
12 71 79 97:1014332:945:1:1989:8.9
12 71 24:1137493:1048:1:2105:8.02
12 71 24 97:1255545:964:1:2105:8.72
12 71 97:1090273:1352:1:1989:6.22
12 79 24:1176481:1184:1:2105:7.1
12 79 24 97:1246175:1029:1:2105:8.17
12 79 97:1104406:1561:1:1985:5.39
12 94 24 97:1091720:1062:1:2108:7.92
12 24:1297584:1816:1:2105:4.63
12 24 97:1541734:1652:1:2105:5.09
5 55:1024995:1459:1:2881:5.76
5 55 2:1023353:986:1:2881:8.53
5 55 2 38:1027860:892:1:2881:9.42
5 55 2 97:1011175:830:1:2882:10.13
5 120:1075700:1412:1:1520:5.96
5 120 2:1229602:1116:1:2882:7.53
5 120 2 94:1076646:912:1:2887:9.22
5 120 2 94 38:1135038:877:1:2887:9.59
5 120 2 94 38 97:1070488:731:1:2887:11.5
5 120 2 94 97:1028332:761:1:2887:11.04
5 120 2 38:1279602:1053:1:2882:7.98
5 120 2 38 97:1221686:875:1:2883:9.61
5 120 2 97:1195994:930:1:2883:9.04
5 120 38:1046170:1195:1:1524:7.04
5 120 38 97:1016568:962:1:1596:8.74
5 120 97:1068430:1123:1:1594:7.49
5 57 94 38 41:1034488:913:1:2597:9.21
5 57 38 41:1053465:1040:1:2597:8.08
5 57 41:1110976:1247:1:2597:6.74
5 31 88 1 41:1082978:568:1:2844:14.79
5 31 71 1:1097648:725:1:2761:11.59
5 31 71 1 41:1276734:683:1:2834:12.3
5 31 1:1223694:1041:1:2353:8.08
5 31 1 41:1480768:964:1:2834:8.72
5 31 41:1055770:964:1:2834:8.72
5 2:1116828:1686:1:2881:4.99
5 2 94:1071402:1399:1:2886:6.01
5 2 94 38:1165098:1329:1:2886:6.33
5 2 94 38 97:1211194:1123:1:2886:7.49
5 2 94 97:1143476:1183:1:2886:7.11
5 2 38:1205860:1558:1:2881:5.4
5 2 38 97:1286098:1313:1:2882:6.4
5 2 97:1238960:1424:1:2882:5.91
5 104 71:1157672:1067:1:2406:7.88
5 104 71 79:1032716:748:1:2406:11.24
5 104 41:1004912:931:1:2402:9.03
5 88 1 41:1017082:704:1:2844:11.94
5 88 79 97:1015321:904:1:1747:9.3
5 71:1064543:1575:1:1345:5.34
5 71 1 41:1163208:822:1:2834:10.23
5 71 79:1036642:1091:1:1345:7.71
5 1 41:1282047:1184:1:2834:7.1
5 79 24 97:1046606:818:1:2241:10.28
5 79 97:1009672:1293:1:1742:6.5
5 94 24:1497451:1625:1:2242:5.18
5 94 24 97:1554777:1375:1:2242:6.12
5 94 38 41:1003296:1051:1:1897:8.0
5 94 38 97:1008728:1347:1:1737:6.24
5 94 41:1206804:1460:1:1897:5.76
5 94 41 97:1161406:1128:1:2832:7.45
5 94 97:1110472:1752:1:1737:4.8
5 24:1580100:1952:1:2241:4.31
5 24 97:1691438:1655:1:2241:5.08
5 38 41:1041762:1254:1:1897:6.71
5 38 97:1057800:1652:1:1596:5.09
5 41:1393402:1984:1:1897:4.24
5 41 97:1277200:1408:1:2689:5.97
5 97:1201662:2288:1:1594:3.68
128:1574217:3160:1:2081:2.66
128 11:1309223:1484:1:2609:5.67
128 11 57:1133947:1084:1:2788:7.76
128 11 57 38 41:1217755:771:1:2788:10.9
128 11 57 41:1611955:1084:1:2788:7.76
128 11 31:1220170:932:1:2609:9.02
128 11 31 1:1661872:916:1:2740:9.18
128 11 31 1 38:1170813:603:1:2740:13.93
128 11 1:1262192:916:1:2740:9.18
128 11 56:1204222:1152:1:2609:7.3
128 11 38:1172880:1171:1:2610:7.18
128 11 38 41:1158771:819:1:2610:10.26
128 11 41:1494958:1132:1:2609:7.43
128 67 31 1:1286429:780:1:2976:10.78
128 67 1:1015453:823:1:2976:10.21
128 120:1441358:1562:1:2082:5.38
128 120 71:1128883:891:1:2082:9.43
128 120 71 56:1135571:795:1:2219:10.57
128 120 56:1294106:1194:1:2203:7.04
128 120 56 38:1014706:847:2:2203:9.92
128 120 56 97:1008200:791:1:2215:10.63
128 120 94:1043672:1010:1:2095:8.32
128 120 94 38:1029791:908:1:2190:9.26
128 120 38:1210911:1167:1:2178:7.21
128 120 38 97:1085907:893:1:2178:9.41
128 120 97:1224771:1105:1:2082:7.61
128 57:1624200:2456:1:2786:3.43
128 57 94 38 41:1028099:824:1:2786:10.2
128 57 94 41:1038943:913:1:2786:9.21
128 57 38:1066243:1390:1:2786:6.05
128 57 38 41:1509398:1294:1:2786:6.5
128 57 41:2394104:2168:1:2786:3.88
128 31:1703398:1816:1:2177:4.63
128 31 88 1:1013567:562:1:2976:14.95
128 31 1:2547729:1784:1:2738:4.71
128 31 1 79:1058571:624:1:2976:13.47
128 31 1 38:1402538:910:1:2738:9.24
128 71:1659377:1903:1:2081:4.42
128 71 79:1013452:888:1:2081:9.47
128 71 56:1774900:1711:1:2204:4.92
128 71 56 97:1038498:878:1:2214:9.57
128 71 97:1088381:1055:1:2082:7.97
128 1:1851786:1880:1:2738:4.47
128 1 38:1016618:910:1:2738:9.24
128 56:1596750:2400:1:2203:3.51
128 56 38:1109980:1430:1:2203:5.88
128 56 97:1037385:1208:1:2208:6.96
128 94:1001605:1649:1:2086:5.1
128 94 38:1049686:1466:1:2181:5.74
128 94 38 97:1032528:1130:1:2181:7.44
128 94 97:1019834:1267:1:2086:6.64
128 38:1271823:2094:1:2178:4.02
128 38 41:1342683:1342:1:2441:6.27
128 38 97:1166976:1445:1:2178:5.82
128 41:2076238:2216:1:2441:3.8
128 97:1276438:1831:1:2082:4.59
23 6 57 104 71 56:1011842:784:1:2945:10.72
23 6 104 41:1199646:1156:1:2409:7.27
23 6 1 41:1133596:1040:1:2241:8.08
23 11 67 104 41:1016426:684:1:2403:12.29
23 11 67 1 38 41:1118299:626:1:2139:13.42
23 11 67 1 41:1285285:761:1:2139:11.04
23 11 57 31:1001241:920:1:2609:9.14
23 11 57 31 104:1401801:920:1:2609:9.14
23 11 57 31 104 71 41:1086361:508:1:2609:16.53
23 11 57 31 104 38 41:1157033:578:1:2610:14.54
23 11 57 31 104 41:1800735:916:1:2609:9.18
23 11 57 31 41:1401871:916:1:2609:9.18
23 11 57 104:1001761:920:1:2609:9.14
23 11 57 104 41:1402351:916:1:2609:9.18
23 11 57 41:1003487:916:1:2609:9.18
23 11 31 104:1250691:920:1:2609:9.14
23 11 31 104 71 41:1001848:508:1:2609:16.53
23 11 31 104 38 41:1064045:578:1:2610:14.54
23 11 31 104 41:1650258:916:1:2609:9.18
23 11 31 71 1 41:1004526:519:1:2609:16.18
23 11 31 1:1393425:976:1:2609:8.61
23 11 31 1 38:1010480:651:1:2610:12.91
23 11 31 1 38 41:1274312:651:1:2610:12.91
23 11 31 1 41:1825281:976:1:2609:8.61
23 11 31 41:1381548:1012:1:2609:8.31
23 11 104:1377073:1496:1:2129:5.62
23 11 104 88 41:1052945:619:1:2401:13.57
23 11 104 71 41:1003417:651:1:2402:12.91
23 11 104 79:1096901:920:1:2129:9.14
23 11 104 79 41:1284072:788:1:2401:10.67
23 11 104 38:1015651:1007:1:2401:8.35
23 11 104 38 41:1242064:879:1:2401:9.56
23 11 104 41:1862317:1364:1:2401:6.17
23 11 88 1 41:1149443:640:1:2138:13.13
23 11 1:1409464:1424:1:2137:5.91
23 11 1 79:1009480:800:1:2139:10.51
23 11 1 79 41:1357376:800:1:2139:10.51
23 11 1 38:1077429:952:1:2137:8.83
23 11 1 38 41:1465717:952:1:2137:8.83
23 11 1 41:2039248:1424:1:2137:5.91
23 11 79 41:1003035:836:1:2139:10.05
23 11 41:1358983:1460:1:2137:5.76
23 90 104 41:1032630:895:1:2393:9.39
23 67 57 31 104 71 41:1181534:621:1:2398:13.53
23 67 57 31 104 41:1278730:781:1:2398:10.76
23 67 57 31 71 41:1001990:621:1:2398:13.53
23 67 57 31 41:1050322:781:1:2398:10.76
23 67 57 104 71 56 41:1010902:615:1:2700:13.66
23 67 57 104 56 41:1149497:821:1:2697:10.24
23 67 57 104 41:1070276:870:1:2398:9.66
23 67 31 104 71 41:1082423:621:1:2398:13.53
23 67 31 104 41:1157152:781:1:2398:10.76
23 67 31 71 1:1106948:728:1:2178:11.54
23 67 31 71 1 38 41:1051633:535:1:2178:15.7
23 67 31 71 1 41:1412428:728:1:2178:11.54
23 67 31 71 41:1132670:764:1:2178:11.0
23 67 31 1:1171418:937:1:2178:8.97
23 67 31 1 38 41:1247370:713:1:2178:11.79
23 67 31 1 41:1589938:937:1:2178:8.97
23 67 31 41:1165627:973:1:2178:8.64
23 67 104 71 41:1122251:848:1:2398:9.91
23 67 104 79 41:1065249:783:1:2398:10.73
23 67 104 56 41:1021448:821:1:2697:10.24
23 67 104 38 41:1059319:936:1:2398:8.98
23 67 104 41:1374691:1264:1:2398:6.65
23 67 88 1 41:1050491:642:1:2135:13.09
23 67 71 1:1043750:958:1:2135:8.78
23 67 71 1 38 41:1029715:668:1:2135:12.58
23 67 71 1 41:1379726:915:1:2135:9.19
23 67 71 41:1040650:991:1:2135:8.48
23 67 1:1150729:1374:1:2134:6.12
23 67 1 79 41:1173341:754:1:2136:11.15
23 67 1 38 41:1391604:1026:1:2134:8.19
23 67 1 41:1711443:1331:1:2134:6.32
23 67 41:1144918:1456:1:2134:5.78
23 120 57 31 104 41:1057121:586:1:2394:14.34
23 120 57 104 56 41:1082150:662:1:2688:12.69
23 120 57 104 41:1060759:726:1:2394:11.58
23 57 31:1314557:1840:1:2177:4.57
23 57 31 104:2116997:1840:1:2177:4.57
23 57 31 104 88 41:1129712:578:1:2394:14.54
23 57 31 104 71:2169598:1432:1:2177:5.87
23 57 31 104 71 79:1002485:561:1:2177:14.98
23 57 31 104 71 79 41:1208280:553:1:2393:15.19
23 57 31 104 71 38 41:1112728:625:1:2398:13.44
23 57 31 104 71 41:2743440:1424:1:2393:5.91
23 57 31 104 79 41:1258158:680:1:2393:12.36
23 57 31 104 38:1065238:898:1:2398:9.36
23 57 31 104 38 41:1397126:898:1:2398:9.36
23 57 31 104 41:2915986:1832:1:2393:4.59
23 57 31 71:1548086:1432:1:2177:5.87
23 57 31 71 41:2125424:1424:1:2393:5.91
23 57 31 38 41:1048318:898:1:2398:9.36
23 57 31 41:2117042:1832:1:2393:4.59
23 57 104:1579464:2224:1:2121:3.78
23 57 104 88 56:1009560:825:1:2688:10.19
23 57 104 88 56 41:1297587:779:1:2688:10.79
23 57 104 88 41:1261119:843:1:2394:9.97
23 57 104 71:1794394:1672:1:2121:5.03
23 57 104 71 79:1075534:801:1:2121:10.49
23 57 104 71 79 56:1048734:696:1:2692:12.07
23 57 104 71 79 56 41:1145658:600:1:2692:14.0
23 57 104 71 79 41:1216264:697:1:2393:12.06
23 57 104 71 56:1940801:1567:1:2692:5.37
23 57 104 71 56 38 41:1032610:673:1:2693:12.49
23 57 104 71 56 41:2430377:1471:1:2692:5.72
23 57 104 71 41:2330071:1568:1:2393:5.36
23 57 104 79:1050659:1072:1:2121:7.84
23 57 104 79 56:1101569:960:1:2688:8.76
23 57 104 79 56 41:1362831:864:1:2688:9.73
23 57 104 79 41:1363522:968:1:2393:8.69
23 57 104 56:1851339:2112:1:2688:3.98
23 57 104 56 38 41:1405491:1068:1:2688:7.87
23 57 104 56 41:2657005:2016:1:2688:4.17
23 57 104 56 41 97:1171158:841:1:2688:10.0
23 57 104 38 41:1273052:1112:1:2398:7.56
23 57 104 41:2439026:2120:1:2393:3.97
23 57 104 41 97:1034013:841:1:2688:10.0
23 57 71:1068210:1672:1:2121:5.03
23 57 71 56:1258345:1567:1:2692:5.37
23 57 71 56 41:1787793:1471:1:2692:5.72
23 57 71 41:1647255:1568:1:2393:5.36
23 57 56 41:1774285:2016:1:2688:4.17
23 57 41:1513282:2120:1:2393:3.97
23 31:1115392:2032:1:2177:4.14
23 31 104:1813664:1840:1:2177:4.57
23 31 104 88 41:1032560:578:1:2394:14.54
23 31 104 71:1932229:1432:1:2177:5.87
23 31 104 71 79 41:1114779:553:1:2393:15.19
23 31 104 71 38 41:1009897:625:1:2398:13.44
23 31 104 71 41:2507352:1424:1:2393:5.91
23 31 104 79 41:1144500:680:1:2393:12.36
23 31 104 38 41:1251392:898:1:2398:9.36
23 31 104 41:2613934:1832:1:2393:4.59
23 31 88 1 41:1167898:626:1:2177:13.42
23 31 71:1443728:1575:1:2177:5.34
23 31 71 1:2043806:1495:1:2177:5.63
23 31 71 1 79 41:1130780:550:1:2177:15.27
23 31 71 1 38:1037354:733:1:2178:11.47
23 31 71 1 38 41:1278482:733:1:2178:11.47
23 31 71 1 41:2662390:1495:1:2177:5.63
23 31 71 41:2081947:1567:1:2177:5.37
23 31 1:2028954:1952:1:2177:4.31
23 31 1 79 41:1232629:704:1:2177:11.94
23 31 1 38:1210551:1054:1:2178:7.98
23 31 1 38 41:1614695:1054:1:2178:7.98
23 31 1 41:2892842:1952:1:2177:4.31
23 31 38 41:1108804:1089:1:2178:7.72
23 31 41:2002198:2024:1:2177:4.16
23 104:1726448:3184:1:2121:2.64
23 104 88:1246166:1452:1:2122:5.79
23 104 88 71:1076059:928:1:2122:9.06
23 104 88 71 41:1165081:739:1:2394:11.37
23 104 88 79:1166283:1068:1:2122:7.87
23 104 88 79 38 41:1003322:648:1:2398:12.97
23 104 88 79 41:1341698:879:1:2394:9.56
23 104 88 79 41 97:1131785:661:1:2688:12.71
23 104 88 79 97:1081507:841:1:2344:10.0
23 104 88 56 41:1167240:779:1:2688:10.79
23 104 88 38 41:1088176:835:1:2398:10.07
23 104 88 41:1642718:1263:1:2394:6.66
23 104 88 41 97:1161453:798:1:2688:10.53
23 104 88 97:1012249:978:1:2344:8.6
23 104 71:2110582:2327:1:2121:3.62
23 104 71 79:1716969:1456:1:2121:5.78
23 104 71 79 56 41:1044261:600:1:2692:14.0
23 104 71 79 41:1734310:1096:1:2393:7.67
23 104 71 79 97:1060345:822:1:2344:10.23
23 104 71 56:1681244:1567:1:2692:5.37
23 104 71 56 41:2186393:1471:1:2692:5.72
23 104 71 38:1037700:1143:1:2398:7.36
23 104 71 38 41:1054187:889:1:2398:9.46
23 104 71 41:2594875:1967:1:2393:4.28
23 104 71 41 97:1125182:845:1:2693:9.95
23 104 71 97:1173956:1169:1:2344:7.19
23 104 79:1651897:2032:1:2121:4.14
23 104 79 56 41:1217997:864:1:2688:9.73
23 104 79 38:1034242:1196:1:2398:7.03
23 104 79 38 41:1157229:942:1:2398:8.92
23 104 79 41:2082807:1672:1:2393:5.03
23 104 79 41 97:1211578:897:1:2688:9.37
23 104 79 97:1183058:1221:1:2344:6.89
23 104 56:1502538:2112:1:2688:3.98
23 104 56 38 41:1230708:1068:1:2688:7.87
23 104 56 41:2323777:2016:1:2688:4.17
23 104 56 41 97:1038147:841:1:2688:10.0
23 104 38:1063898:1773:1:2398:4.74
23 104 38 41:1479354:1519:1:2398:5.54
23 104 38 41 97:1095248:966:1:2688:8.7
23 104 41:2776062:2824:1:2393:2.98
23 104 41 97:1411252:1306:1:2688:6.44
23 104 97:1131434:1630:1:2344:5.16
23 88 71 1 41:1056636:643:1:2131:13.07
23 88 1:1047377:1092:1:2131:7.7
23 88 1 38 41:1006977:695:1:2135:12.09
23 88 1 41:1453113:1046:1:2131:8.04
23 88 79 41:1048251:927:1:2133:9.07
23 88 41:1213253:1359:1:2131:6.19
23 71:1176993:2470:1:2121:3.41
23 71 1:1839368:1990:1:2130:4.23
23 71 1 79:1255713:1045:1:2132:8.05
23 71 1 79 41:1526327:949:1:2132:8.86
23 71 1 38 41:1182607:907:1:2135:9.27
23 71 1 41:2532930:1894:1:2130:4.44
23 71 79:1148733:1525:1:2121:5.52
23 71 79 41:1344562:1165:1:2132:7.22
23 71 56 41:1543809:1471:1:2692:5.72
23 71 41:1870070:2110:1:2130:3.99
23 1:1640717:2752:1:2129:3.06
23 1 79:1306411:1504:1:2131:5.59
23 1 79 38 41:1081884:788:1:2136:10.67
23 1 79 41:1837467:1408:1:2131:5.97
23 1 38:1056641:1461:1:2134:5.76
23 1 38 41:1616705:1461:1:2134:5.76
23 1 41:2756857:2656:1:2129:3.17
23 79 41:1435920:1768:1:2131:4.76
23 56 41:1441057:2016:1:2688:4.17
23 38 41:1023166:1710:1:2134:4.92
23 41:1648174:3016:1:2129:2.79
6 67 31 1 41:1203609:723:1:2210:11.62
6 31 104 71:1031363:795:1:2177:10.57
6 31 88 71 1 41:1009640:465:1:2212:18.06
6 31 88 1:1162628:841:1:2212:10.0
6 31 88 1 79:1047767:633:1:2214:13.27
6 31 88 1 79 41:1247307:596:1:2214:14.1
6 31 88 1 79 97:1061056:571:1:2976:14.71
6 31 88 1 41:1463137:804:1:2212:10.45
6 31 88 1 97:1004393:643:1:2976:13.07
6 31 88 41:1090253:827:1:2212:10.16
6 31 71 1:1432429:1074:1:2210:7.83
6 31 71 1 79 41:1073921:521:1:2219:16.12
6 31 71 1 41:1807793:1030:1:2210:8.16
6 31 71 41:1373533:1066:1:2210:7.89
6 31 1:1566782:1588:1:2185:5.3
6 31 1 79:1173283:928:1:2211:9.06
6 31 1 79 41:1439857:848:1:2211:9.91
6 31 1 79 97:1007158:692:1:2568:12.14
6 31 1 41:2149665:1508:1:2185:5.58
6 31 1 97:1094399:954:1:2473:8.81
6 31 79 41:1060456:884:1:2211:9.51
6 31 41:1441735:1544:1:2185:5.45
6 104 41:1121981:1208:1:2385:6.96
6 88 1 79 41:1140086:692:1:2214:12.14
6 88 1 41:1234299:900:1:2212:9.34
6 88 79 41 97:1006660:742:1:2688:11.33
6 71 1 41:1350561:1030:1:2210:8.16
6 71 56 41:1003001:992:1:2692:8.48
6 1 79 41:1186613:944:1:2211:8.91
6 1 41:1578740:1604:1:2185:5.24
6 94 24 97:1144539:1315:1:2569:6.4
6 24:1056667:1894:1:2569:4.44
6 24 41:1213686:1228:1:2569:6.85
6 24 41 97:1410467:1168:1:2929:7.2
6 24 97:1347745:1746:1:2569:4.82
6 41:1200275:2448:1:1849:3.44
6 41 97:1166710:1695:1:2593:4.96
11:1257361:3268:1:1457:2.57
11 67 1 38 41:1052049:626:1:2139:13.42
11 67 1 41:1204739:761:1:2139:11.04
11 120:1319452:1628:1:1460:5.17
11 120 56:1107628:1134:1:2612:7.41
11 120 56 38:1136072:1038:1:2612:8.1
11 120 94:1151070:1258:1:1469:6.68
11 120 94 38:1242611:1210:1:1469:6.95
11 120 94 38 97:1013655:897:1:1469:9.37
11 120 38:1378103:1487:1:1460:5.66
11 120 38 97:1068951:1040:1:1460:8.08
11 57 31 104:1315575:928:1:2609:9.06
11 57 31 104 71 41:1033721:508:1:2609:16.53
11 57 31 104 38 41:1112093:586:1:2610:14.34
11 57 31 104 41:1718155:924:1:2609:9.1
11 57 31 1:1370901:924:1:2609:9.1
11 57 31 41:1315019:924:1:2609:9.1
11 57 104 41:1315603:924:1:2609:9.1
11 57 94 38 41:1005307:855:1:2613:9.83
11 57 38 41:1354641:1234:1:2610:6.81
11 57 41:1570461:1572:1:2609:5.35
11 31 104:1163163:928:1:2609:9.06
11 31 104 38 41:1017803:586:1:2610:14.34
11 31 104 41:1566376:924:1:2609:9.1
11 31 1:1412596:1068:1:2609:7.87
11 31 1 38:1023945:707:1:2610:11.89
11 31 1 38 41:1220158:659:1:2610:12.75
11 31 1 41:1735281:984:1:2609:8.54
11 31 41:1283704:1020:1:2609:8.24
11 104:1222293:1504:1:2107:5.59
11 104 79 41:1197822:788:1:2401:10.67
11 104 38 41:1159684:887:1:2379:9.48
11 104 41:1725679:1372:1:2379:6.13
11 88 1 41:1080201:640:1:2138:13.13
11 1:1337839:1516:1:2115:5.55
11 1 79:1019465:884:1:2139:9.51
11 1 79 41:1269876:800:1:2139:10.51
11 1 38:1032092:1008:1:2115:8.34
11 1 38 41:1375425:960:1:2115:8.76
11 1 41:1896492:1432:1:2115:5.87
11 94:1008966:2044:1:1462:4.12
11 94 38:1177542:1940:1:1462:4.34
11 94 38 41:1107238:1093:1:1816:7.69
11 94 38 97:1125033:1432:1:1462:5.87
11 94 41:1054062:1168:1:1816:7.2
11 94 97:1007117:1494:1:1462:5.63
11 38:1365011:2734:1:1458:3.08
11 38 41:1555141:1678:1:1811:5.01
11 38 97:1254427:1845:1:1460:4.56
11 41:1795307:2164:1:1809:3.89
11 97:1151310:2024:1:1457:4.16
90 67 31 71 1:1025337:594:1:1912:14.14
90 67 31 71 1 41:1193062:558:1:1981:15.06
90 67 31 1:1096724:786:1:1834:10.69
90 67 31 1 41:1287398:714:1:1970:11.77
90 67 71 1 41:1114115:659:1:1981:12.75
90 67 1 41:1273237:919:1:1970:9.15
90 55:1221074:1860:1:2756:4.52
90 55 104 71:1001099:703:1:2756:11.95
90 55 38:1030058:1362:1:2756:6.17
90 55 97:1103341:1306:1:2756:6.44
90 120 2 94 38:1001310:888:1:2758:9.47
90 120 2 94 38 97:1023864:783:1:2758:10.73
90 120 2 38:1030274:985:1:2758:8.54
90 120 2 38 97:1058602:861:1:2758:9.76
90 57 38 41:1016070:1108:1:2377:7.59
90 57 38 41 97:1010806:901:1:2689:9.33
90 57 41:1040275:1266:1:2377:6.64
90 31 104 71 41:1139171:624:1:2178:13.47
90 31 104 41:1126982:754:1:2178:11.15
90 31 88 1 79:1003103:591:1:1839:14.22
90 31 88 1 79 41:1132811:543:1:2150:15.47
90 31 88 1 41:1132209:626:1:1982:13.42
90 31 71:1039115:990:1:1836:8.49
90 31 71 1:1400849:927:1:1912:9.07
90 31 71 1 41:1662049:868:1:1981:9.68
90 31 71 1 97:1032900:623:1:2358:13.49
90 31 71 41:1342001:924:1:1836:9.1
90 31 1:1506925:1306:1:1826:6.44
90 31 1 79:1146773:819:1:1828:10.26
90 31 1 79 41:1263833:707:1:2000:11.89
90 31 1 41:1848355:1194:1:1970:7.04
90 31 1 97:1133677:863:1:2353:9.74
90 31 79 41:1016950:763:1:1855:11.02
90 31 41:1360484:1250:1:1826:6.73
90 2 94 38 97:1062760:1130:1:2758:7.44
90 2 38 97:1070234:1255:1:2756:6.7
90 104 71:1101882:1103:1:1818:7.62
90 104 71 41:1178976:855:1:2090:9.83
90 104 79 41:1086428:813:1:2090:10.34
90 104 41:1324856:1231:1:2090:6.83
90 88 1 79:1102347:859:1:1839:9.79
90 88 1 79 41:1307262:778:1:2150:10.8
90 88 1 79 97:1019125:686:1:2976:12.25
90 88 1 41:1220945:861:1:1982:9.76
90 88 79:1069682:1258:1:1302:6.68
90 88 79 41:1197829:960:1:1839:8.76
90 88 79 41 97:1087684:749:1:2689:11.22
90 88 79 97:1074554:1023:1:1302:8.22
90 88 41:1029615:1043:1:1833:8.06
90 71:1014146:1646:1:1345:5.11
90 71 1:1263635:1176:1:1912:7.15
90 71 1 79:1004440:749:1:1931:11.22
90 71 1 79 41:1086913:626:1:2000:13.42
90 71 1 41:1546412:1053:1:1981:7.98
90 71 1 97:1016491:814:1:2358:10.33
90 71 41:1166654:1155:1:1830:7.28
90 1:1239309:1700:1:1826:4.95
90 1 79:1190819:1213:1:1828:6.93
90 1 79 41:1424730:1037:1:2000:8.11
90 1 41:1715825:1524:1:1970:5.52
90 1 97:1070096:1178:1:2353:7.14
90 79 41:1144578:1240:1:1828:6.78
90 94 24:1321689:1585:1:1732:5.31
90 94 24 41:1287766:1046:1:2441:8.04
90 94 24 97:1370342:1333:1:1732:6.31
90 94 38 41:1044970:1212:1:1769:6.94
90 94 41:1215934:1621:1:1769:5.19
90 94 41 97:1105066:1183:1:2689:7.11
90 24:1532490:2077:1:1732:4.05
90 24 41:1647241:1434:1:2441:5.86
90 24 41 97:1601164:1178:1:2833:7.14
90 24 97:1658644:1760:1:1732:4.78
90 38 41:1190118:1558:1:1769:5.4
90 38 41 97:1121082:1169:1:2498:7.19
90 41:1639908:2449:1:1769:3.44
90 41 97:1533254:1768:1:2498:4.76
90 97:1141464:2499:1:337:3.37
67 55 104 79:1032094:855:1:2754:9.83
67 120:1085615:1584:1:1298:5.31
67 120 2:1094418:1064:1:2755:7.9
67 120 2 38:1160223:1015:1:2755:8.28
67 120 2 38 97:1147376:866:1:2755:9.71
67 120 2 97:1090529:901:1:2755:9.33
67 120 71:1040641:1015:1:1364:8.28
67 120 56:1080701:1262:1:2084:6.66
67 120 56 38:1067497:1108:1:2178:7.59
67 120 56 38 97:1026554:895:1:2178:9.39
67 120 56 97:1010291:977:1:2084:8.61
67 120 38:1041308:1314:1:1314:6.4
67 120 38 97:1037716:1060:1:1314:7.93
67 120 97:1070838:1235:1:1298:6.81
67 57 31 104 71 41:1118624:621:1:2398:13.53
67 57 31 104 41:1196996:781:1:2398:10.76
67 57 31 1:1009838:781:1:2328:10.76
67 57 104 56 41:1063403:821:1:2697:10.24
67 31:1246458:1853:1:1817:4.54
67 31 104:1009765:1065:1:1825:7.89
67 31 104 71:1091239:862:1:1834:9.75
67 31 104 71 41:1331308:790:1:2178:10.64
67 31 104 41:1386599:993:1:2178:8.47
67 31 88:1108837:1035:1:1819:8.12
67 31 88 71 1:1114866:585:1:1978:14.36
67 31 88 71 1 79 41:1012902:380:1:2039:22.09
67 31 88 71 1 41:1272787:541:1:1978:15.53
67 31 88 71 41:1055157:569:1:1835:14.76
67 31 88 1:1581016:1004:1:1828:8.37
67 31 88 1 79:1475683:796:1:1830:10.56
67 31 88 1 79 41:1620698:704:1:2003:11.94
67 31 88 1 79 97:1305858:633:1:2976:13.27
67 31 88 1 94 41:1093830:548:1:1980:15.33
67 31 88 1 41:1842311:912:1:1978:9.22
67 31 88 1 97:1247325:710:1:2976:11.84
67 31 88 79:1116673:827:1:1819:10.16
67 31 88 79 41:1313637:732:1:1859:11.48
67 31 88 41:1422831:940:1:1834:8.94
67 31 71:1286984:1279:1:1834:6.58
67 31 71 1:1835678:1240:1:1906:6.78
67 31 71 1 79:1204465:671:1:1921:12.52
67 31 71 1 79 41:1300768:584:1:1993:14.39
67 31 71 1 94:1032694:686:1:1908:12.25
67 31 71 1 94 41:1193566:633:1:1980:13.27
67 31 71 1 38:1010360:665:1:2135:12.64
67 31 71 1 38 41:1109964:596:1:2178:14.1
67 31 71 1 41:2204046:1153:1:1978:7.29
67 31 71 1 97:1273369:785:1:2366:10.71
67 31 71 79 41:1077253:620:1:1849:13.55
67 31 71 41:1710890:1189:1:1834:7.07
67 31 1:2120157:1814:1:1825:4.64
67 31 1 79:1625688:1113:1:1827:7.55
67 31 1 79 41:1827693:960:1:1993:8.76
67 31 1 79 97:1279197:771:1:2550:10.9
67 31 1 94:1187836:989:1:1825:8.5
67 31 1 94 41:1416853:888:1:1980:9.47
67 31 1 38:1113146:891:1:2134:9.43
67 31 1 38 41:1267439:774:1:2178:10.86
67 31 1 41:2684461:1661:1:1969:5.06
67 31 1 97:1511555:1138:1:2361:7.39
67 31 79:1107754:1152:1:1817:7.3
67 31 79 41:1396931:996:1:1849:8.44
67 31 94 41:1071440:917:1:1836:9.17
67 31 41:1898684:1697:1:1825:4.96
67 104 71:1173562:1384:1:1817:6.08
67 104 71 41:1275338:1017:1:2089:8.27
67 104 71 97:1027764:980:1:2155:8.58
67 104 79:1013035:1238:1:1817:6.79
67 104 79 41:1095641:871:1:2089:9.65
67 104 38 41:1019993:997:1:2398:8.43
67 104 41:1462218:1476:1:2089:5.7
67 104 41 97:1038711:891:1:2508:9.43
67 88:1289346:2078:1:1300:4.05
67 88 71:1167240:1227:1:1348:6.85
67 88 71 1:1094017:768:1:1978:10.94
67 88 71 1 79:1027569:607:1:2039:13.84
67 88 71 1 79 41:1117861:523:1:2039:16.06
67 88 71 1 41:1272380:684:1:1978:12.29
67 88 71 79:1153863:958:1:1348:8.78
67 88 71 79 97:1121146:786:1:1348:10.69
67 88 71 41:1016624:745:1:1835:11.28
67 88 71 97:1106431:952:1:1348:8.83
67 88 1:1517623:1354:1:1828:6.21
67 88 1 79:1593125:1146:1:1830:7.34
67 88 1 79 41:1857414:1014:1:2003:8.29
67 88 1 79 97:1542286:962:1:2976:8.74
67 88 1 94 41:1074114:706:1:1980:11.9
67 88 1 41:1908777:1222:1:1978:6.88
67 88 1 97:1369886:1039:1:2976:8.09
67 88 79:1464339:1654:1:1300:5.09
67 88 79 56 41:1008002:662:1:2697:12.69
67 88 79 56 41 97:1088400:625:1:2697:13.44
67 88 79 56 97:1089107:843:1:1607:9.97
67 88 79 94 97:1031644:898:1:1300:9.36
67 88 79 24:1362384:968:1:1737:8.69
67 88 79 24 97:1374192:847:1:1737:9.92
67 88 79 41:1487536:1124:1:1830:7.48
67 88 79 41 97:1408269:914:1:2697:9.2
67 88 79 97:1519535:1383:1:1300:6.08
67 88 56:1038670:1294:1:1546:6.5
67 88 56 41:1021383:822:1:2697:10.23
67 88 56 41 97:1020048:702:1:2697:11.97
67 88 56 97:1120482:1110:1:1548:7.58
67 88 94 24 97:1005692:704:1:1737:11.94
67 88 24:1347650:1184:1:1737:7.1
67 88 24 97:1399197:1037:1:1737:8.11
67 88 41:1405070:1332:1:1828:6.31
67 88 41 97:1252879:991:1:2697:8.48
67 88 97:1368005:1650:1:1300:5.1
67 71:1316907:2233:1:1345:3.77
67 71 1:1528188:1470:1:1906:5.72
67 71 1 79:1200536:901:1:1921:9.33
67 71 1 79 41:1354538:771:1:1993:10.9
67 71 1 94 41:1051146:731:1:1980:11.5
67 71 1 38 41:1049198:729:1:2135:11.53
67 71 1 41:1965690:1340:1:1978:6.28
67 71 1 97:1200144:982:1:2366:8.56
67 71 79:1257267:1448:1:1345:5.81
67 71 79 24:1040434:730:1:1741:11.51
67 71 79 24 97:1031590:630:1:1741:13.34
67 71 79 41:1079032:847:1:1828:9.92
67 71 79 97:1178319:1089:1:1345:7.72
67 71 56:1018215:1346:1:1546:6.25
67 71 56 41:1002912:871:1:2700:9.65
67 71 56 97:1000954:1041:1:1548:8.08
67 71 24:1223907:1070:1:1741:7.86
67 71 24 97:1288346:950:1:1741:8.85
67 71 38:1004234:1473:1:1361:5.71
67 71 41:1409048:1416:1:1826:5.94
67 71 41 97:1062568:894:1:2511:9.4
67 71 97:1297870:1626:1:1345:5.17
67 1:1670268:2251:1:1825:3.74
67 1 79:1585358:1550:1:1827:5.43
67 1 79 41:1987584:1354:1:1993:6.21
67 1 79 97:1396332:1132:1:2550:7.43
67 1 94 41:1212530:1052:1:1980:7.99
67 1 38:1020558:1204:1:2134:6.98
67 1 38 41:1353483:1087:1:2134:7.74
67 1 41:2446228:2055:1:1969:4.09
67 1 97:1393514:1499:1:2361:5.61
67 79:1250430:2362:1:1297:3.56
67 79 56 97:1035961:1131:1:1566:7.43
67 79 94 24:1013179:900:1:1737:9.34
67 79 94 24 97:1055698:794:1:1737:10.59
67 79 24:1363592:1311:1:1737:6.41
67 79 24 97:1413360:1129:1:1737:7.45
67 79 41:1429090:1479:1:1827:5.69
67 79 41 97:1212322:1036:1:2697:8.12
67 79 97:1347128:1814:1:1297:4.64
67 56 41:1146275:1333:1:2697:6.31
67 56 41 97:1013684:962:1:2697:8.74
67 56 97:1104688:1755:1:1544:4.79
67 94 24:1092045:1254:1:1737:6.71
67 94 24 97:1197084:1112:1:1737:7.56
67 24:1426621:1867:1:1737:4.51
67 24 97:1594673:1632:1:1737:5.15
67 41:1508719:2180:1:1825:3.86
67 41 97:1248269:1403:1:2508:5.99
67 97:1185612:2561:1:1297:3.28
55:1371097:3552:1:2753:2.37
55 120 2:1094001:956:1:2754:8.79
55 120 2 94 38:1032333:755:1:2755:11.13
55 120 2 38:1113259:884:1:2754:9.51
55 120 2 38 97:1016487:711:1:2754:11.82
55 120 2 97:1002944:760:1:2754:11.06
55 2:1358260:1912:1:2753:4.4
55 2 94:1325899:1616:1:2754:5.2
55 2 94 38:1428432:1530:1:2754:5.5
55 2 94 38 97:1466489:1296:1:2754:6.49
55 2 94 97:1383917:1359:1:2754:6.19
55 2 38:1449889:1761:1:2753:4.78
55 2 38 97:1517450:1481:1:2753:5.68
55 2 97:1456983:1595:1:2753:5.27
55 104:1511680:1856:1:2753:4.53
55 104 88:1120034:1008:1:2754:8.34
55 104 88 71 79:1017394:625:1:2754:13.44
55 104 88 79:1376159:1008:1:2754:8.34
55 104 71:1645122:1384:1:2753:6.08
55 104 71 79:1742939:1192:1:2753:7.05
55 104 71 79 38:1001661:662:1:2753:12.69
55 104 71 79 97:1175819:731:1:2753:11.5
55 104 71 97:1254136:922:1:2753:9.12
55 104 79:1789212:1648:1:2753:5.1
55 104 79 38:1028523:897:1:2753:9.37
55 104 79 97:1199971:959:1:2753:8.77
55 104 97:1148472:1150:1:2753:7.31
55 88 79:1103033:1104:1:2754:7.62
55 71:1187445:1563:1:2753:5.38
55 71 79:1343491:1297:1:2753:6.48
55 79:1254278:1896:1:2753:4.44
55 94:1129614:2302:1:2754:3.65
55 94 38:1172700:1954:1:2754:4.3
55 94 38 97:1229999:1532:1:2754:5.49
55 94 97:1160569:1676:1:2754:5.02
55 38:1279751:2597:1:2753:3.24
55 38 97:1413442:2026:1:2753:4.15
55 97:1443352:2439:1:2753:3.45
120:1582432:3694:1:1026:2.28
120 57 104 56 41:1014370:662:1:2688:12.69
120 57 94 38 41:1056349:872:1:2398:9.64
120 57 94 41:1041342:941:1:2394:8.93
120 57 38 41:1169231:1058:1:2398:7.95
120 57 41:1396129:1374:1:2394:6.12
120 57 41 97:1003460:839:1:2688:10.02
120 31 104 71 41:1075761:569:1:2394:14.76
120 31 104 41:1077120:682:1:2394:12.32
120 2:2171878:2824:1:2754:2.98
120 2 88:1281315:1133:1:2755:7.42
120 2 88 38:1338167:1075:1:2755:7.82
120 2 88 38 97:1326083:923:1:2755:9.11
120 2 88 97:1261310:953:1:2755:8.82
120 2 71:1390485:1208:1:2754:6.96
120 2 71 79:1105797:776:1:2754:10.83
120 2 71 79 38:1043169:678:1:2754:12.39
120 2 71 94:1104054:913:1:2755:9.21
120 2 71 94 38:1136532:858:1:2755:9.8
120 2 71 94 38 97:1123562:746:1:2755:11.27
120 2 71 94 97:1078695:776:1:2755:10.83
120 2 71 38:1402634:1110:1:2754:7.58
120 2 71 38 97:1360284:937:1:2754:8.97
120 2 71 97:1324682:989:1:2754:8.5
120 2 79:1363625:1312:1:2754:6.41
120 2 79 94:1074623:986:1:2755:8.53
120 2 79 94 38:1116533:928:1:2755:9.06
120 2 79 94 38 97:1117861:807:1:2755:10.42
120 2 79 94 97:1067218:840:1:2755:10.01
120 2 79 38:1387127:1205:1:2754:6.98
120 2 79 38 97:1359935:1018:1:2754:8.26
120 2 79 97:1322093:1079:1:2754:7.79
120 2 94:1942598:2311:1:2755:3.64
120 2 94 38:2147314:2253:1:2755:3.73
120 2 94 38 97:2192654:1939:1:2755:4.34
120 2 94 97:2009206:1972:1:2755:4.27
120 2 38:2392494:2717:1:2754:3.1
120 2 38 97:2458222:2306:1:2754:3.65
120 2 97:2261852:2367:1:2754:3.55
120 104 71:1162360:1005:1:2394:8.37
120 88:1090286:1381:1:1302:6.09
120 88 56:1151491:1185:1:2095:7.1
120 88 56 38:1138433:1052:1:2190:7.99
120 88 56 38 97:1125492:883:1:2250:9.52
120 88 56 97:1112048:954:1:2109:8.81
120 88 38:1094667:1212:1:1314:6.94
120 88 38 97:1106096:1009:1:1314:8.33
120 88 97:1082461:1099:1:1302:7.65
120 71:1503333:1905:1:1355:4.42
120 71 79:1192809:1108:1:1355:7.59
120 71 79 97:1056593:834:1:1356:10.08
120 71 56:1372702:1439:1:2082:5.84
120 71 56 94:1006924:968:1:2095:8.69
120 71 56 94 38:1019632:888:1:2190:9.47
120 71 56 94 38 97:1003009:754:1:2196:11.15
120 71 56 38:1181101:1110:1:2178:7.58
120 71 56 38 97:1137285:907:1:2178:9.27
120 71 56 97:1212641:1067:1:2082:7.88
120 71 94:1020464:1172:1:1357:7.17
120 71 94 97:1014041:962:1:1358:8.74
120 71 38:1256190:1402:1:1372:6.0
120 71 38 97:1240496:1136:1:1372:7.4
120 71 97:1403268:1431:1:1356:5.88
120 79:1220037:1738:1:1298:4.84
120 79 56:1109561:1274:1:2082:6.6
120 79 56 38:1040750:1059:1:2178:7.94
120 79 56 38 97:1034450:886:1:2178:9.49
120 79 56 97:1072252:1016:1:2082:8.28
120 79 38:1117363:1372:1:1314:6.13
120 79 38 97:1135081:1130:1:1314:7.44
120 79 97:1221907:1367:1:1298:6.15
120 56:1473718:2486:1:2082:3.38
120 56 94:1190089:1747:1:2095:4.81
120 56 94 38:1308240:1659:1:2190:5.07
120 56 94 38 97:1375457:1420:1:2196:5.92
120 56 94 97:1273193:1481:1:2101:5.68
120 56 38:1486783:2104:1:2178:4.0
120 56 38 97:1549827:1728:1:2178:4.87
120 56 97:1492558:1904:1:2082:4.42
120 94:1380636:2640:1:1039:3.19
120 94 38:1550124:2453:1:1039:3.43
120 94 38 97:1679088:2070:1:1045:4.06
120 94 97:1548486:2204:1:1045:3.82
120 38:1678318:3100:1:1026:2.71
120 38 41:1024940:1093:1:2398:7.69
120 38 97:1856874:2540:1:1026:3.31
120 41:1257632:1470:1:2394:5.72
120 97:1789260:2884:1:1026:2.92
57 31:1165081:1928:1:2177:4.36
57 31 104:1934452:1856:1:2177:4.53
57 31 104 88 41:1066036:578:1:2394:14.54
57 31 104 71:2015678:1432:1:2177:5.87
57 31 104 71 79 41:1148740:553:1:2393:15.19
57 31 104 71 38 41:1045756:625:1:2398:13.44
57 31 104 71 41:2590266:1424:1:2393:5.91
57 31 104 79 41:1183574:680:1:2393:12.36
57 31 104 38 41:1325861:914:1:2377:9.2
57 31 104 41:2740939:1848:1:2377:4.55
57 31 71:1426380:1468:1:2177:5.73
57 31 71 1:1977104:1388:1:2322:6.06
57 31 71 41:1972250:1424:1:2393:5.91
57 31 1:2024618:1848:1:2305:4.55
57 31 41:1933523:1848:1:2377:4.55
57 104:1460681:2432:1:2105:3.46
57 104 88 56 41:1212409:779:1:2688:10.79
57 104 88 41:1168741:843:1:2394:9.97
57 104 71:1801225:1864:1:2121:4.51
57 104 71 79:1228494:993:1:2121:8.47
57 104 71 79 56 41:1080724:600:1:2692:14.0
57 104 71 79 41:1140894:697:1:2393:12.06
57 104 71 56:1771747:1567:1:2692:5.37
57 104 71 56 41:2271809:1471:1:2692:5.72
57 104 71 41:2161067:1568:1:2393:5.36
57 104 79:1098714:1264:1:2121:6.65
57 104 79 56 41:1268353:864:1:2688:9.73
57 104 79 41:1257636:968:1:2393:8.69
57 104 56:1621097:2112:1:2688:3.98
57 104 56 38 41:1289525:1068:1:2688:7.87
57 104 56 41:2437249:2016:1:2688:4.17
57 104 56 41 97:1081036:841:1:2688:10.0
57 104 38 41:1172433:1128:1:2377:7.45
57 104 41:2225549:2136:1:2377:3.94
57 71:1012247:1900:1:2121:4.43
57 71 1:1460125:1484:1:2322:5.67
57 71 56:1089291:1567:1:2692:5.37
57 71 56 41:1629225:1471:1:2692:5.72
57 71 41:1478251:1568:1:2393:5.36
57 1:1271109:1944:1:2305:4.33
57 56 41:1554529:2016:1:2688:4.17
57 94 38 41:1426277:1833:1:2377:4.59
57 94 38 41 97:1481089:1494:1:2688:5.63
57 94 41:1325246:1985:1:2377:4.24
57 94 41 97:1360870:1548:1:2688:5.43
57 38 41:1665378:2424:1:2377:3.47
57 38 41 97:1588680:1772:1:2688:4.75
57 41:2081524:3432:1:2377:2.45
57 41 97:1571855:1994:1:2688:4.22
31:1675360:3808:1:1777:2.21
31 104:2124824:2432:1:1825:3.46
31 104 88:1076246:877:1:1833:9.59
31 104 88 71 41:1058252:533:1:2177:15.76
31 104 88 41:1375516:823:1:2177:10.21
31 104 71:2319431:1864:1:1826:4.51
31 104 71 79:1218372:801:1:1849:10.49
31 104 71 79 41:1341684:697:1:2177:12.06
31 104 71 38 41:1042413:694:1:2398:12.11
31 104 71 41:2923757:1760:1:2177:4.78
31 104 71 97:1066994:817:1:2172:10.29
31 104 79:1224386:1072:1:1849:7.84
31 104 79 41:1520820:968:1:2177:8.69
31 104 38 41:1257300:983:1:2377:8.55
31 104 41:3060776:2328:1:2177:3.61
31 88:1688437:2045:1:1819:4.11
31 88 71:1398040:1172:1:1834:7.17
31 88 71 1:1867970:1119:1:1978:7.51
31 88 71 1 79:1561896:802:1:2001:10.48
31 88 71 1 79 94 41:1039200:447:1:2039:18.79
31 88 71 1 79 41:1800080:753:1:2001:11.16
31 88 71 1 94:1050937:629:1:1980:13.36
31 88 71 1 94 41:1226467:590:1:1980:14.24
31 88 71 1 41:2250372:1070:1:1978:7.86
31 88 71 79:1250339:855:1:1857:9.83
31 88 71 79 41:1524326:801:1:1857:10.49
31 88 71 79 97:1026754:610:1:2344:13.77
31 88 71 94 41:1059093:631:1:1836:13.32
31 88 71 41:1817560:1118:1:1834:7.52
31 88 71 97:1003715:727:1:2344:11.56
31 88 1:2623855:1992:1:1828:4.22
31 88 1 79:2477774:1560:1:1830:5.39
31 88 1 79 94:1447284:940:1:1834:8.94
31 88 1 79 94 41:1693159:867:1:2039:9.7
31 88 1 79 94 97:1305278:745:1:2976:11.28
31 88 1 79 41:2956269:1463:1:2001:5.75
31 88 1 79 97:2092631:1165:1:2976:7.22
31 88 1 94:1455632:1107:1:1828:7.6
31 88 1 94 41:1778230:1034:1:1980:8.13
31 88 1 94 97:1225812:815:1:2976:10.31
31 88 1 41:3322210:1895:1:1977:4.44
31 88 1 97:1959752:1302:1:2976:6.46
31 88 79:1772009:1613:1:1819:5.21
31 88 79 94:1146502:986:1:1819:8.53
31 88 79 94 41:1433047:908:1:1895:9.26
31 88 79 94 97:1034820:750:1:2344:11.21
31 88 79 41:2311202:1511:1:1857:5.57
31 88 79 97:1536393:1170:1:2344:7.19
31 88 94:1061159:1153:1:1819:7.29
31 88 94 41:1425742:1075:1:1836:7.82
31 88 41:2448805:1943:1:1833:4.33
31 88 97:1344509:1307:1:2344:6.43
31 71:2077696:2555:1:1826:3.29
31 71 1:3161133:2475:1:1898:3.4
31 71 1 79:2103294:1338:1:1921:6.29
31 71 1 79 94 41:1094396:572:1:1993:14.69
31 71 1 79 41:2409108:1206:1:1993:6.97
31 71 1 79 97:1406042:808:1:2545:10.4
31 71 1 94:1316481:1028:1:1908:8.18
31 71 1 94 41:1580809:954:1:1980:8.81
31 71 1 38:1180862:898:1:2135:9.36
31 71 1 38 41:1308999:802:1:2178:10.48
31 71 1 41:3985377:2343:1:1970:3.59
31 71 1 97:1886274:1346:1:2354:6.25
31 71 79:1552078:1418:1:1849:5.93
31 71 79 41:1942479:1278:1:1849:6.58
31 71 79 97:1042557:816:1:2344:10.3
31 71 94 41:1259346:1003:1:1836:8.38
31 71 41:2988822:2415:1:1826:3.48
31 71 97:1299814:1354:1:2153:6.21
31 1:3420714:3688:1:1825:2.28
31 1 79:2690807:2232:1:1827:3.77
31 1 79 94:1318384:1138:1:1832:7.39
31 1 79 94 41:1570322:1006:1:1993:8.36
31 1 79 94 97:1173768:859:1:2544:9.79
31 1 79 41:3303931:2016:1:1993:4.17
31 1 79 97:1987388:1421:1:2544:5.92
31 1 94:1524807:1606:1:1825:5.24
31 1 94 41:1974008:1474:1:1975:5.71
31 1 94 97:1198272:1075:1:2544:7.82
31 1 38:1327422:1283:1:2113:6.55
31 1 38 41:1612792:1139:1:2178:7.38
31 1 41:4744921:3472:1:1969:2.42
31 1 97:2208493:2021:1:2353:4.16
31 79:1680421:2344:1:1785:3.59
31 79 94 41:1251790:1055:1:1849:7.97
31 79 41:2396772:2088:1:1849:4.03
31 79 97:1347779:1458:1:2312:5.77
31 94 41:1416894:1523:1:1831:5.52
31 38 41:1062872:1174:1:2178:7.16
31 41:3111456:3544:1:1825:2.37
31 97:1305596:2066:1:1777:4.07
2:1293864:3928:1:2753:2.14
2 88 38:1030998:1285:1:2754:6.54
2 88 38 97:1128155:1113:1:2754:7.55
2 88 97:1069327:1184:1:2754:7.1
2 71:1094476:1536:1:2753:5.48
2 71 79:1088261:1104:1:2753:7.62
2 71 79 97:1012968:859:1:2753:9.79
2 71 38:1104205:1339:1:2753:6.28
2 71 38 97:1162063:1128:1:2753:7.45
2 71 97:1140231:1242:1:2753:6.77
2 79:1032866:1712:1:2753:4.91
2 79 38:1069766:1495:1:2753:5.63
2 79 38 97:1169113:1270:1:2753:6.62
2 79 97:1136596:1404:1:2753:5.99
2 94:1382212:3224:1:2754:2.61
2 94 38:1677752:3106:1:2754:2.71
2 94 38 97:2010400:2692:1:2754:3.13
2 94 97:1756074:2766:1:2754:3.04
2 38:1632018:3703:1:2753:2.27
2 38 97:2075524:3178:1:2753:2.65
2 97:1801816:3320:1:2753:2.53
104:1720664:3968:1:1817:2.12
104 88:1369955:1833:1:1819:4.59
104 88 71:1220741:1165:1:1821:7.22
104 88 71 79:1118022:886:1:1821:9.49
104 88 71 41:1241794:840:1:2093:10.01
104 88 79:1433162:1449:1:1819:5.8
104 88 79 41:1614328:1124:1:2091:7.48
104 88 79 41 97:1059837:661:1:2688:12.71
104 88 79 97:1129529:967:1:2344:8.69
104 88 56 41:1082062:779:1:2688:10.79
104 88 41:1804908:1508:1:2091:5.58
104 88 41 97:1074959:798:1:2688:10.53
104 88 97:1015740:1104:1:2344:7.62
104 71:2370467:2951:1:1817:2.85
104 71 79:2034976:1888:1:1817:4.46
104 71 79 38:1057869:951:1:2398:8.84
104 71 79 41:1835789:1240:1:2089:6.78
104 71 79 97:1324900:1088:1:2344:7.73
104 71 56:1512190:1567:1:2692:5.37
104 71 56 41:2027825:1471:1:2692:5.72
104 71 38:1145459:1404:1:2398:5.99
104 71 38 41:1031249:958:1:2398:8.78
104 71 38 97:1034684:1031:1:2502:8.16
104 71 41:2803694:2303:1:2089:3.65
104 71 41 97:1316608:1036:1:2502:8.12
104 71 97:1524086:1626:1:2153:5.17
104 79:1837093:2608:1:1817:3.23
104 79 56 41:1123519:864:1:2688:9.73
104 79 38:1062397:1388:1:2398:6.06
104 79 38 41:1055035:942:1:2398:8.92
104 79 38 97:1035066:1076:1:2688:7.81
104 79 41:2225591:1960:1:2089:4.29
104 79 41 97:1115086:897:1:2688:9.37
104 79 97:1300795:1487:1:2344:5.66
104 56:1272296:2112:1:2688:3.98
104 56 38 41:1114742:1068:1:2688:7.87
104 56 41:2104021:2016:1:2688:4.17
104 38:1016636:2050:1:2377:4.1
104 38 41:1384580:1604:1:2377:5.24
104 38 41 97:1058534:1034:1:2497:8.13
104 41:2900080:3320:1:2089:2.53
104 41 97:1484536:1497:1:2497:5.62
104 97:1259864:2087:1:2153:4.03
88:1427006:3865:1:1300:2.18
88 71:1573271:2182:1:1348:3.86
88 71 1:1615044:1351:1:1978:6.22
88 71 1 79:1505487:1034:1:2001:8.13
88 71 1 79 94 41:1041655:567:1:2039:14.82
88 71 1 79 41:1771049:939:1:2001:8.95
88 71 1 94 41:1141279:710:1:1980:11.84
88 71 1 41:2036194:1256:1:1978:6.7
88 71 79:1606530:1649:1:1348:5.1
88 71 79 56:1177825:989:1:1569:8.5
88 71 79 56 41:1177612:727:1:2692:11.56
88 71 79 56 41 97:1164341:635:1:2693:13.23
88 71 79 56 97:1213964:867:1:1607:9.7
88 71 79 94:1154496:1105:1:1348:7.61
88 71 79 94 24:1026216:647:1:2014:12.99
88 71 79 94 24 97:1007741:559:1:2014:15.03
88 71 79 94 41:1017673:692:1:1836:12.14
88 71 79 94 97:1107031:890:1:1348:9.45
88 71 79 24:1476874:965:1:2012:8.71
88 71 79 24 97:1444587:824:1:2012:10.2
88 71 79 41:1554384:1108:1:1832:7.59
88 71 79 41 97:1291698:800:1:2693:10.51
88 71 79 97:1529687:1292:1:1348:6.51
88 71 56:1360112:1484:1:1546:5.67
88 71 56 41:1347652:1006:1:2692:8.36
88 71 56 41 97:1152221:752:1:2693:11.18
88 71 56 97:1310654:1175:1:1548:7.16
88 71 94:1127167:1402:1:1348:6.0
88 71 94 24:1065889:801:1:2014:10.49
88 71 94 24 97:1082154:701:1:2014:11.99
88 71 94 41:1015274:835:1:1830:10.07
88 71 94 97:1098425:1097:1:1348:7.66
88 71 24:1481762:1181:1:2012:7.12
88 71 24 97:1495273:1015:1:2012:8.28
88 71 41:1629366:1425:1:1830:5.9
88 71 41 97:1223576:917:1:2693:9.17
88 71 97:1474800:1600:1:1348:5.26
88 1:2121710:2458:1:1828:3.42
88 1 79:2286667:2026:1:1830:4.15
88 1 79 94:1261552:1170:1:1834:7.19
88 1 79 94 41:1583802:1067:1:2039:7.88
88 1 79 94 97:1238322:960:1:2976:8.76
88 1 79 41:2932808:1883:1:2001:4.47
88 1 79 97:2141258:1598:1:2976:5.26
88 1 94:1148506:1337:1:1828:6.29
88 1 94 41:1553789:1234:1:1980:6.81
88 1 94 97:1086441:1030:1:2976:8.16
88 1 41:2999081:2315:1:1977:3.63
88 1 97:1843868:1735:1:2976:4.85
88 79:1901850:3001:1:1300:2.8
88 79 56:1548202:1897:1:1569:4.43
88 79 56 94:1064560:1201:1:1607:7.0
88 79 56 94 41:1136298:872:1:2688:9.64
88 79 56 94 41 97:1248989:829:1:2688:10.14
88 79 56 94 97:1228580:1128:1:1607:7.45
88 79 56 41:1767122:1419:1:2688:5.93
88 79 56 41 97:1896300:1298:1:2688:6.48
88 79 56 97:1765675:1713:1:1607:4.91
88 79 94:1315076:1886:1:1300:4.46
88 79 94 24:1501396:1237:1:1729:6.8
88 79 94 24 97:1498041:1052:1:1729:7.99
88 79 94 41:1433317:1291:1:1834:6.51
88 79 94 41 97:1332914:1014:1:2688:8.29
88 79 94 97:1407933:1562:1:1300:5.38
88 79 24:2164983:1885:1:1729:4.46
88 79 24 97:2126574:1560:1:1729:5.39
88 79 38:1011188:1410:1:1313:5.96
88 79 38 97:1080500:1170:1:1313:7.19
88 79 41:2338618:2196:1:1830:3.83
88 79 41 97:2151470:1685:1:2688:4.99
88 79 97:2029388:2401:1:1300:3.5
88 56:1474551:2713:1:1545:3.1
88 56 94:1019563:1623:1:1548:5.18
88 56 94 41:1033494:992:1:2688:8.48
88 56 94 41 97:1127456:899:1:2688:9.35
88 56 94 97:1230822:1475:1:1548:5.7
88 56 41:1761263:1803:1:2688:4.67
88 56 41 97:1692974:1435:1:2688:5.86
88 56 97:1687144:2231:1:1548:3.77
88 94:1068656:2355:1:1300:3.57
88 94 24:1477872:1539:1:1729:5.46
88 94 24 97:1556869:1329:1:1729:6.33
88 94 41:1261773:1458:1:1828:5.77
88 94 41 97:1162440:1084:1:2688:7.76
88 94 97:1256526:1909:1:1300:4.41
88 24:2026958:2317:1:1729:3.63
88 24 97:2116097:1941:1:1729:4.33
88 38 97:1107178:1642:1:1313:5.12
88 41:2106173:2628:1:1828:3.2
88 41 97:1828891:1822:1:2688:4.62
88 97:1692702:2919:1:1300:2.88
71:1696065:4506:1:1345:1.87
71 1:2477549:2970:1:1898:2.83
71 1 79:2053777:1833:1:1921:4.59
71 1 79 94 41:1035456:713:1:1993:11.79
71 1 79 41:2469603:1605:1:1993:5.24
71 1 79 97:1488508:1141:1:2545:7.37
71 1 94:1012066:1208:1:1908:6.96
71 1 94 41:1326295:1095:1:1980:7.68
71 1 38 41:1166772:976:1:2135:8.61
71 1 41:3438705:2742:1:1970:3.07
71 1 97:1670206:1679:1:2354:5.01
71 79:1921932:2937:1:1345:2.86
71 79 56:1342158:1640:1:1561:5.13
71 79 56 41:1374459:1112:1:2692:7.56
71 79 56 41 97:1097168:773:1:2693:10.87
71 79 56 97:1263043:1244:1:1566:6.76
71 79 94:1122640:1578:1:1347:5.33
71 79 94 24:1163200:942:1:1734:8.92
71 79 94 24 97:1163380:807:1:1734:10.42
71 79 94 97:1123955:1237:1:1347:6.8
71 79 24:1644059:1412:1:1733:5.96
71 79 24 97:1627791:1178:1:1733:7.14
71 79 38:1084231:1452:1:1361:5.79
71 79 38 97:1053256:1113:1:1361:7.55
71 79 41:1944312:1821:1:1828:4.62
71 79 41 97:1238800:1010:1:2693:8.32
71 79 97:1695244:2000:1:1345:4.21
71 56:1594513:2943:1:1538:2.86
71 56 94 97:1094988:1331:1:1548:6.32
71 56 41:1900370:1983:1:2692:4.24
71 56 41 97:1236083:1120:1:2693:7.51
71 56 97:1432089:1974:1:1548:4.26
71 94:1064604:2320:1:1347:3.63
71 94 24:1274144:1302:1:1734:6.46
71 94 24 97:1340714:1131:1:1734:7.43
71 94 41:1003129:1228:1:1826:6.85
71 94 97:1152586:1756:1:1347:4.79
71 24:1790202:2036:1:1733:4.13
71 24 97:1918793:1752:1:1733:4.8
71 38:1114347:2411:1:1361:3.49
71 38 97:1187181:1789:1:1361:4.7
71 41:2343903:2958:1:1826:2.84
71 41 97:1458508:1548:1:2502:5.43
71 97:1653253:2921:1:1345:2.88
1:2183661:4488:1:1825:1.87
1 79:2310765:3032:1:1827:2.77
1 79 94 41:1364688:1230:1:1993:6.84
1 79 94 97:1013838:1097:1:2544:7.66
1 79 41:3250255:2720:1:1993:3.09
1 79 97:1909500:1982:1:2544:4.24
1 94 41:1518255:1698:1:1975:4.95
1 38:1034144:1690:1:2113:4.98
1 38 41:1536346:1546:1:2113:5.44
1 41:3861134:4176:1:1969:2.01
1 97:1741039:2582:1:2353:3.26
79:1305650:4744:1:1297:1.77
79 56:1255535:2848:1:1561:2.95
79 56 94 97:1144410:1560:1:1566:5.39
79 56 41:1642473:1888:1:2688:4.46
79 56 41 97:1558676:1456:1:2688:5.78
79 56 97:1499460:2299:1:1566:3.66
79 94 24:1546101:1792:1:1729:4.69
79 94 24 97:1639857:1529:1:1729:5.5
79 94 41:1079182:1462:1:1832:5.75
79 94 41 97:1030123:1089:1:2688:7.72
79 94 97:1204512:2143:1:1299:3.93
79 24:2025949:2616:1:1729:3.22
79 24 97:2146166:2165:1:1729:3.89
79 38 97:1119532:1893:1:1313:4.44
79 41:2170615:3080:1:1827:2.73
79 41 97:1720251:1921:1:2688:4.38
79 97:1641598:3386:1:1297:2.48
56 94 97:1146204:2403:1:1548:3.5
56 38 97:1028136:2121:1:2178:3.97
56 41:1835602:3040:1:2688:2.77
56 41 97:1462838:1865:1:2688:4.51
56 97:1299176:3463:1:1542:2.43
94 24:2302999:3797:1:1729:2.22
94 24 41:2151405:2098:1:2441:4.01
94 24 97:2653273:3249:1:1729:2.59
94 38 41:1346548:2202:1:1769:3.82
94 38 41 97:1357636:1656:1:2688:5.08
94 38 97:1355442:3191:1:1030:2.64
94 41:1629706:3209:1:1769:2.62
94 41 97:1723724:2398:1:2688:3.51
94 97:1281240:4079:1:584:2.06
24:2502279:5040:1:1729:1.67
24 41:2661712:2864:1:2441:2.94
24 41 97:2718387:2368:1:2833:3.55
24 97:3047738:4272:1:1729:1.97
38 41:1617000:3139:1:1769:2.68
38 41 97:1576222:2187:1:2497:3.85
38 97:1330930:4147:1:1026:2.03
41:2569768:5880:1:1769:1.43
41 97:2321484:3674:1:2497:2.29
97:1247528:5902:1:337:1.43
