122 24 90 41 36:2135254:1108:1:2502:7.59
122 24 41:2090575:1744:1:2499:4.82
122 24 41 36:2395412:1451:1:2499:5.8
122 24 41 36 94:2227524:1271:1:2500:6.62
122 41 36:2126163:1839:1:2089:4.57
122 41 36 94:2030589:1615:1:2090:5.21
122 41 36 94 97:2066104:1395:1:2688:6.03
122 41 36 97:2144345:1559:1:2688:5.39
42 2 120:2273603:1984:1:2754:4.24
42 2 120 38:2426833:1931:1:2754:4.36
42 2 120 38 36:2831181:1680:1:2755:5.01
42 2 120 38 36 94:3002992:1673:1:2755:5.03
42 2 120 38 36 94 97:2615057:1369:1:2755:6.14
42 2 120 38 36 97:2471357:1373:1:2755:6.13
42 2 120 38 94:2626055:1920:1:2754:4.38
42 2 120 38 94 97:2157237:1484:1:2754:5.67
42 2 120 36:2718039:1725:1:2755:4.88
42 2 120 36 94:2884893:1712:1:2755:4.91
42 2 120 36 94 97:2537369:1406:1:2755:5.98
42 2 120 36 97:2398760:1415:1:2755:5.94
42 2 120 94:2468893:1965:1:2754:4.28
42 2 120 94 97:2058130:1527:1:2754:5.51
42 2 38 36:2321341:1828:1:2754:4.6
42 2 38 36 94:2506124:1817:1:2754:4.63
42 2 38 36 94 97:2329235:1510:1:2754:5.57
42 2 38 36 97:2172524:1517:1:2754:5.54
42 2 36:2227549:1923:1:2754:4.37
42 2 36 94:2405544:1897:1:2754:4.43
42 2 36 94 97:2273259:1584:1:2754:5.31
42 2 36 97:2126990:1605:1:2754:5.24
42 120 38 36:2332816:1723:1:2755:4.88
42 120 38 36 94:2510385:1715:1:2755:4.9
42 120 38 36 94 97:2262104:1411:1:2755:5.96
42 120 38 36 97:2113938:1416:1:2755:5.94
42 120 38 94:2054294:1985:1:2754:4.24
42 120 36:2359080:1894:1:2755:4.44
42 120 36 94:2534352:1871:1:2755:4.5
42 120 36 94 97:2352138:1565:1:2755:5.37
42 120 36 97:2208517:1584:1:2755:5.31
42 120 94:2023751:2187:1:2754:3.85
42 38 36 94:2004076:1910:1:2754:4.4
42 36 94 97:2022581:1794:1:2754:4.69
128 57 41:2394104:2168:1:2786:3.88
128 31 1:2547729:1784:1:2738:4.71
128 31 1 67:2376014:1442:1:2976:5.83
128 56 71:2046250:1965:1:2203:4.28
128 41:2076238:2216:1:2441:3.8
6 31 1 71 41:2132114:1180:1:2209:7.13
6 31 1 41:2149665:1508:1:2185:5.58
11 23 31 1 71 41:2047573:910:1:2609:9.24
11 23 1 71 67 41:2103407:1024:1:2137:8.21
11 23 1 71 41:2117410:1166:1:2137:7.21
11 23 1 67 41:2099283:1257:1:2137:6.69
11 23 1 41:2039248:1424:1:2137:5.91
11 90 38 36 94:2009357:1526:1:1465:5.51
11 90 38 36 94 97:2121531:1381:1:1465:6.09
11 90 38 36 97:2027236:1426:1:1465:5.9
11 90 36 94 97:2018210:1412:1:1465:5.96
11 38 36:2176075:2280:1:1458:3.69
11 38 36 94:2307510:2164:1:1458:3.89
11 38 36 94 97:2439034:1897:1:1461:4.43
11 38 36 97:2321284:1979:1:1461:4.25
11 36:2058739:2450:1:1458:3.43
11 36 94:2120720:2221:1:1458:3.79
11 36 94 97:2275607:1936:1:1461:4.34
11 36 97:2204468:2081:1:1461:4.04
23 57 31 104:2116997:1840:1:2177:4.57
23 57 31 104 120 71 41:2093843:884:1:2394:9.51
23 57 31 104 71:2522316:1690:1:2178:4.98
23 57 31 104 71 67:2368585:1393:1:2178:6.04
23 57 31 104 71 67 41:2901907:1385:1:2395:6.07
23 57 31 104 71 67 41 38:2346772:1098:1:2395:7.66
23 57 31 104 71 41:3250214:1682:1:2393:5.0
23 57 31 104 71 41 38:2283729:1195:1:2393:7.04
23 57 31 104 67:2007994:1489:1:2177:5.65
23 57 31 104 67 41:2579463:1481:1:2395:5.68
23 57 31 104 67 41 38:2087832:1168:1:2395:7.2
23 57 31 104 41:2915986:1832:1:2393:4.59
23 57 31 104 41 38:2002909:1279:1:2393:6.58
23 57 31 71 67 41:2338859:1385:1:2395:6.07
23 57 31 71 41:2556622:1682:1:2393:5.0
23 57 31 41:2117042:1832:1:2393:4.59
23 57 104 56 71:2188269:1804:1:2692:4.66
23 57 104 56 71 67:2127940:1460:1:2700:5.76
23 57 104 56 71 67 41:2537940:1369:1:2700:6.14
23 57 104 56 71 67 41 38:2095780:1086:1:2700:7.74
23 57 104 56 71 67 41 97:2198971:1096:1:2700:7.67
23 57 104 56 71 41:2832326:1713:1:2692:4.91
23 57 104 56 71 41 38:2094818:1238:1:2692:6.79
23 57 104 56 71 41 97:2255708:1267:1:2692:6.64
23 57 104 56 67 41:2311069:1532:1:2696:5.49
23 57 104 56 41:2657005:2016:1:2688:4.17
23 57 104 56 41 97:2101166:1440:1:2688:5.84
23 57 104 71 67 41:2442035:1448:1:2395:5.81
23 57 104 71 67 41 38:2037785:1157:1:2395:7.27
23 57 104 71 67 41 97:2019964:1096:1:2700:7.67
23 57 104 71 41:2690623:1809:1:2393:4.65
23 57 104 71 41 38:2003630:1314:1:2393:6.4
23 57 104 71 41 97:2049557:1267:1:2692:6.64
23 57 104 67 41:2171373:1619:1:2395:5.2
23 57 104 41:2439026:2120:1:2393:3.97
23 57 56 71 41:2122886:1713:1:2692:4.91
23 31 104 71:2252265:1690:1:2178:4.98
23 31 104 71 67:2155123:1393:1:2178:6.04
23 31 104 71 67 41:2689726:1385:1:2395:6.07
23 31 104 71 67 41 38:2176453:1098:1:2395:7.66
23 31 104 71 41:2981444:1682:1:2393:5.0
23 31 104 71 41 38:2093637:1195:1:2393:7.04
23 31 104 67 41:2346816:1481:1:2395:5.68
23 31 104 41:2613934:1832:1:2393:4.59
23 31 1:2028954:1952:1:2177:4.31
23 31 1 71:2556833:1806:1:2178:4.66
23 31 1 71 67:2493160:1518:1:2178:5.54
23 31 1 71 67 41:3104712:1518:1:2178:5.54
23 31 1 71 67 41 38:2428243:1191:1:2178:7.06
23 31 1 71 67 41 36:2119028:908:1:2178:9.26
23 31 1 71 41:3354161:1806:1:2178:4.66
23 31 1 71 41 38:2301242:1284:1:2178:6.55
23 31 1 71 41 36:2023079:959:1:2178:8.77
23 31 1 67:2028484:1610:1:2177:5.22
23 31 1 67 41:2673652:1610:1:2177:5.22
23 31 1 67 41 38:2092176:1259:1:2177:6.68
23 31 1 41:2892842:1952:1:2177:4.31
23 31 71 67 41:2443956:1577:1:2178:5.33
23 31 71 41:2555455:1874:1:2178:4.49
23 31 41:2002198:2024:1:2177:4.16
23 104 88 79 71 67:2107260:1151:1:2123:7.31
23 104 88 79 67:2105776:1443:1:2123:5.83
23 104 88 79 67 41:2030718:1083:1:2395:7.76
23 104 88 79 41:2094140:1288:1:2393:6.53
23 104 88 71:2082148:1623:1:2121:5.18
23 104 88 71 67:2226517:1438:1:2123:5.85
23 104 88 71 67 41:2117299:1083:1:2395:7.76
23 104 88 71 41:2173952:1268:1:2393:6.63
23 104 88 67:2063954:1746:1:2123:4.82
23 104 88 67 41:2212904:1386:1:2395:6.07
23 104 88 41:2269770:1672:1:2393:5.03
23 104 56 71 67 41:2327511:1369:1:2700:6.14
23 104 56 71 67 41 97:2035981:1096:1:2700:7.67
23 104 56 71 41:2558111:1713:1:2692:4.91
23 104 56 71 41 97:2062583:1267:1:2692:6.64
23 104 56 67 41:2069056:1532:1:2696:5.49
23 104 56 41:2323777:2016:1:2688:4.17
23 104 79 71 67:2082949:1448:1:2123:5.81
23 104 79 71 67 41:2014219:1093:1:2395:7.69
23 104 79 71 41:2026826:1264:1:2393:6.65
23 104 79 67 41:2081479:1402:1:2395:6.0
23 104 79 41:2082807:1672:1:2393:5.03
23 104 71:2403963:2676:1:2121:3.14
23 104 71 67:2679898:2315:1:2123:3.63
23 104 71 67 41:3059959:1960:1:2395:4.29
23 104 71 67 41 38:2634025:1614:1:2395:5.21
23 104 71 67 41 38 97:2429961:1335:1:2700:6.3
23 104 71 67 41 36:2045797:1116:1:2402:7.53
23 104 71 67 41 36 97:2034611:998:1:2700:8.42
23 104 71 67 41 97:2692701:1555:1:2700:5.41
23 104 71 67 38:2327032:1858:1:2395:4.53
23 104 71 67 38 97:2208376:1547:1:2700:5.44
23 104 71 67 36:2087770:1408:1:2130:5.97
23 104 71 67 36 97:2120420:1263:1:2346:6.66
23 104 71 67 97:2452661:1862:1:2346:4.52
23 104 71 41:3099990:2321:1:2393:3.62
23 104 71 41 38:2445906:1771:1:2393:4.75
23 104 71 41 38 97:2252708:1435:1:2692:5.86
23 104 71 41 97:2569454:1726:1:2692:4.87
23 104 71 97:2148697:2033:1:2346:4.14
23 104 67:2135594:2683:1:2123:3.14
23 104 67 41:2798050:2323:1:2395:3.62
23 104 67 41 38:2443289:1917:1:2395:4.39
23 104 67 41 38 36:2034791:1241:1:2402:6.78
23 104 67 41 38 36 97:2113681:1136:1:2696:7.4
23 104 67 41 38 97:2332425:1583:1:2696:5.31
23 104 67 41 36:2155470:1393:1:2402:6.04
23 104 67 41 36 97:2179843:1243:1:2696:6.77
23 104 67 41 97:2525012:1821:1:2696:4.62
23 104 67 36 97:2067867:1510:1:2346:5.57
23 104 67 97:2058399:2133:1:2346:3.94
23 104 41:2776062:2824:1:2393:2.98
23 104 41 38:2223586:2166:1:2393:3.88
23 104 41 38 36 97:2068930:1274:1:2688:6.6
23 104 41 38 97:2164056:1763:1:2688:4.77
23 104 41 36:2076376:1579:1:2396:5.33
23 104 41 36 97:2131935:1400:1:2688:6.01
23 104 41 97:2386406:2077:1:2688:4.05
23 1 88 71 67 41:2164061:1057:1:2132:7.95
23 1 88 71 41:2102506:1169:1:2130:7.19
23 1 88 67 41:2133335:1281:1:2132:6.56
23 1 79 71 67 41:2066109:1067:1:2133:7.88
23 1 79 67 41:2015624:1297:1:2133:6.48
23 1 71:2349350:2409:1:2129:3.49
23 1 71 67:2626948:2121:1:2131:3.97
23 1 71 67 41:3350686:2030:1:2131:4.14
23 1 71 67 41 38:2796090:1648:1:2132:5.1
23 1 71 67 41 38 36:2153199:1057:1:2140:7.95
23 1 71 67 41 38 94:2049000:1205:1:2137:6.98
23 1 71 67 41 36:2361427:1202:1:2138:7.0
23 1 71 67 38:2164594:1648:1:2132:5.1
23 1 71 67 36:2013334:1275:1:2138:6.6
23 1 71 41:3285169:2318:1:2129:3.63
23 1 71 41 38:2495863:1741:1:2130:4.83
23 1 71 41 36:2158758:1253:1:2132:6.71
23 1 67:2066109:2410:1:2131:3.49
23 1 67 41:2936224:2314:1:2131:3.64
23 1 67 41 38:2489385:1883:1:2132:4.47
23 1 67 41 38 36:2120967:1235:1:2140:6.81
23 1 67 41 36:2318529:1410:1:2138:5.96
23 1 41:2756857:2656:1:2129:3.17
23 1 41 38:2108928:1990:1:2130:4.23
23 1 41 36:2045532:1462:1:2132:5.75
23 71 67 41:2484341:2152:1:2131:3.91
23 71 67 41 38:2181341:1762:1:2132:4.77
23 71 67 41 97:2093933:1555:1:2700:5.41
23 71 41:2316369:2513:1:2129:3.35
55 2 90 38 36 94:2032647:1212:1:2757:6.94
55 2 90 38 36 94 97:2215998:1169:1:2757:7.19
55 2 90 38 36 97:2088338:1171:1:2757:7.18
55 2 90 36 94:2019979:1290:1:2757:6.52
55 2 90 36 94 97:2216334:1242:1:2757:6.77
55 2 90 36 97:2105007:1258:1:2757:6.68
55 2 38 36:2118124:1622:1:2754:5.19
55 2 38 36 94:2280267:1611:1:2754:5.22
55 2 38 36 94 97:2491066:1523:1:2754:5.52
55 2 38 36 97:2333565:1530:1:2754:5.5
55 2 36:2051047:1725:1:2754:4.88
55 2 36 94:2206240:1698:1:2754:4.95
55 2 36 94 97:2427030:1597:1:2754:5.27
55 2 36 97:2280748:1618:1:2754:5.2
55 104 88 79:2435732:1648:1:2753:5.1
55 104 88 79 71:2427827:1304:1:2753:6.45
55 104 88 79 71 67:2592601:1215:1:2753:6.92
55 104 88 79 71 67 38:2124889:964:1:2753:8.72
55 104 88 79 71 67 36:2014837:818:1:2754:10.28
55 104 88 79 71 67 94:2147244:994:1:2753:8.46
55 104 88 79 71 67 97:2204083:954:1:2753:8.81
55 104 88 79 67:2606077:1487:1:2753:5.66
55 104 88 79 67 38:2056146:1135:1:2753:7.41
55 104 88 79 67 36:2309916:1076:1:2754:7.81
55 104 88 79 67 36 94:2151384:970:1:2754:8.67
55 104 88 79 67 94:2192397:1224:1:2753:6.87
55 104 88 79 67 97:2177267:1132:1:2753:7.43
55 104 88 79 36:2279826:1212:1:2754:6.94
55 104 88 79 36 94:2102927:1075:1:2754:7.82
55 104 88 79 94:2037067:1337:1:2753:6.29
55 104 88 71:2068432:1304:1:2753:6.45
55 104 88 71 67:2257561:1215:1:2753:6.92
55 104 88 67:2196007:1487:1:2753:5.66
55 104 88 67 36:2014231:1076:1:2754:7.81
55 104 79 71 67:2116916:1215:1:2753:6.92
55 104 79 67:2025098:1487:1:2753:5.66
55 104 71 67:2070079:1407:1:2753:5.98
55 88 79 71 67:2159536:1263:1:2753:6.66
55 88 79 67:2095712:1583:1:2753:5.31
55 88 79 67 36:2004120:1151:1:2754:7.31
55 90 38 36:2116988:1704:1:2757:4.94
55 90 38 36 94:2212470:1639:1:2757:5.13
55 90 38 36 94 97:2311070:1479:1:2757:5.69
55 90 38 36 97:2177690:1499:1:2757:5.61
55 90 36:2427370:2135:1:2757:3.94
55 90 36 94:2449515:1967:1:2757:4.28
55 90 36 94 97:2333380:1605:1:2757:5.24
55 90 36 97:2206787:1642:1:2757:5.12
55 38 36:2254727:2328:1:2754:3.61
55 38 36 94:2405347:2231:1:2754:3.77
55 38 36 94 97:2633365:2026:1:2754:4.15
55 38 36 97:2459329:2066:1:2754:4.07
55 36:2391194:2800:1:2754:3.0
55 36 94:2487926:2579:1:2754:3.26
55 36 94 97:2562226:2161:1:2754:3.89
55 36 97:2392758:2224:1:2754:3.78
57 31 104 71:2340810:1690:1:2178:4.98
57 31 104 71 67:2222767:1393:1:2178:6.04
57 31 104 71 67 41:2756835:1385:1:2395:6.07
57 31 104 71 67 41 38:2231536:1098:1:2395:7.66
57 31 104 71 41:3069454:1682:1:2393:5.0
57 31 104 71 41 38:2156785:1195:1:2393:7.04
57 31 104 67 41:2422537:1481:1:2395:5.68
57 31 104 41:2740939:1848:1:2377:4.55
57 31 1:2024618:1848:1:2305:4.55
57 31 1 71:2414734:1650:1:2322:5.1
57 31 1 71 67:2260061:1344:1:2326:6.26
57 31 71 67 41:2193787:1385:1:2395:6.07
57 31 71 41:2375862:1682:1:2393:5.0
57 104 56 71 67 41:2394362:1369:1:2700:6.14
57 104 56 71 67 41 97:2082099:1096:1:2700:7.67
57 104 56 71 41:2648478:1713:1:2692:4.91
57 104 56 71 41 97:2119278:1267:1:2692:6.64
57 104 56 67 41:2148871:1532:1:2696:5.49
57 104 56 41:2437249:2016:1:2688:4.17
57 104 71 67:2081480:1739:1:2123:4.84
57 104 71 67 41:2290215:1448:1:2395:5.81
57 104 71 41:2496465:1809:1:2393:4.65
57 104 41:2225549:2136:1:2377:3.94
57 90 41 38 36:2320043:1632:1:2377:5.15
57 90 41 38 36 94:2394987:1559:1:2377:5.39
57 90 41 38 36 94 97:2657709:1512:1:2688:5.56
57 90 41 38 36 97:2597935:1581:1:2688:5.32
57 90 41 38 94 97:2137956:1630:1:2688:5.16
57 90 41 38 97:2071806:1719:1:2688:4.89
57 90 41 36:2211276:1683:1:2377:5.0
57 90 41 36 94:2248557:1573:1:2377:5.35
57 90 41 36 94 97:2511347:1522:1:2688:5.53
57 90 41 36 97:2496218:1628:1:2688:5.17
57 90 38 36 94 97:2110378:1561:1:2688:5.39
57 90 38 36 97:2009126:1631:1:2688:5.16
57 90 36 94 97:2161863:1744:1:2346:4.82
57 90 36 97:2078633:1862:1:2346:4.52
57 41:2081524:3432:1:2377:2.45
57 41 38 36:2506701:2196:1:2377:3.83
57 41 38 36 94:2577152:2050:1:2377:4.1
57 41 38 36 94 97:2905145:1960:1:2688:4.29
57 41 38 36 97:2853916:2085:1:2688:4.03
57 41 38 94 97:2203557:2187:1:2688:3.85
57 41 38 97:2245772:2462:1:2688:3.42
57 41 36:2439217:2362:1:2377:3.56
57 41 36 94:2389781:2081:1:2377:4.04
57 41 36 94 97:2710884:1975:1:2688:4.26
57 41 36 97:2755383:2192:1:2688:3.84
57 41 97:2230031:2736:1:2688:3.07
57 38 36 94 97:2174368:2026:1:2688:4.15
57 38 36 97:2055852:2155:1:2688:3.9
57 36 94 97:2136212:2232:1:2346:3.77
57 36 97:2055088:2468:1:2346:3.41
31 5 1:2119059:1684:1:2353:4.99
31 5 1 71:2061283:1262:1:2761:6.66
31 5 1 71 67 41:2124313:928:1:2833:9.06
31 5 1 71 41:2531447:1218:1:2833:6.9
31 5 1 67 41:2162744:1132:1:2833:7.43
31 5 1 41:2719453:1604:1:2833:5.24
31 104:2124824:2432:1:1825:3.46
31 104 120 71 41:2062415:980:1:2394:8.58
31 104 71:2611881:2122:1:1825:3.96
31 104 71 67:2560671:1753:1:1825:4.8
31 104 71 67 41:3066846:1649:1:2178:5.1
31 104 71 67 41 38:2357442:1246:1:2395:6.75
31 104 71 67 38:2052300:1342:1:2395:6.27
31 104 71 67 97:2098771:1328:1:2162:6.33
31 104 71 41:3370263:2018:1:2178:4.17
31 104 71 41 38:2218693:1343:1:2393:6.26
31 104 67:2115055:1921:1:1825:4.38
31 104 67 41:2729704:1817:1:2177:4.63
31 104 67 41 38:2020446:1316:1:2395:6.39
31 104 41:3060776:2328:1:2177:3.61
31 1:3420714:3688:1:1825:2.28
31 1 88:2852444:2160:1:1826:3.89
31 1 88 79:2756028:1728:1:1828:4.87
31 1 88 79 71 41:2204937:910:1:2002:9.24
31 1 88 79 67 41:2015546:882:1:2001:9.53
31 1 88 79 90 41:2077567:953:1:2004:8.82
31 1 88 79 90 41 36:2230069:865:1:2004:9.72
31 1 88 79 41:3208870:1584:1:2001:5.31
31 1 88 79 41 36:2721244:1154:1:2004:7.29
31 1 88 79 41 36 94:2223493:927:1:2004:9.07
31 1 88 79 41 94:2260552:1123:1:2002:7.49
31 1 88 79 36:2411848:1248:1:1828:6.74
31 1 88 79 36 94:2048599:1020:1:1829:8.24
31 1 88 79 94:2047611:1259:1:1829:6.68
31 1 88 79 97:2313170:1283:1:2976:6.55
31 1 88 71:2404580:1409:1:1977:5.97
31 1 88 71 67 41:2074690:873:1:1978:9.63
31 1 88 71 41:2822408:1313:1:1977:6.4
31 1 88 67:2168680:1377:1:1826:6.11
31 1 88 67 41:2460905:1233:1:1978:6.82
31 1 88 90 41:2186689:1137:1:1980:7.4
31 1 88 90 41 36:2326223:1006:1:1980:8.36
31 1 88 90 36:2005430:1059:1:1828:7.94
31 1 88 41:3540271:2016:1:1977:4.17
31 1 88 41 36:2803424:1353:1:1980:6.22
31 1 88 41 36 94:2252644:1067:1:1980:7.88
31 1 88 41 94:2278394:1323:1:1980:6.36
31 1 88 36:2393184:1447:1:1828:5.81
31 1 88 36 94:2006085:1160:1:1829:7.25
31 1 88 97:2343726:1545:1:2976:5.44
31 1 79:2690807:2232:1:1827:3.77
31 1 79 71:2288960:1441:1:1921:5.84
31 1 79 71 41:2656942:1309:1:1993:6.42
31 1 79 67:2091983:1429:1:1827:5.89
31 1 79 67 41:2353050:1249:1:1993:6.73
31 1 79 90 41:2107438:1159:1:1993:7.26
31 1 79 90 41 36:2302150:1033:1:1993:8.14
31 1 79 90 36:2054032:1135:1:1827:7.41
31 1 79 41:3303931:2016:1:1993:4.17
31 1 79 41 36:2716527:1374:1:1993:6.12
31 1 79 41 36 94:2156521:1073:1:1993:7.84
31 1 79 41 94:2134781:1326:1:1993:6.34
31 1 79 36:2364411:1519:1:1827:5.54
31 1 79 97:2276629:1620:1:2544:5.19
31 1 71:3641118:2786:1:1897:3.02
31 1 71 67:3336278:2152:1:1897:3.91
31 1 71 67 90:2090588:1215:1:1903:6.92
31 1 71 67 90 41:2489405:1170:1:1971:7.19
31 1 71 67 90 41 36:2073063:834:1:1980:10.08
31 1 71 67 41:4002808:2038:1:1969:4.13
31 1 71 67 41 38:2593032:1339:1:2178:6.28
31 1 71 67 41 36:2530592:1126:1:1969:7.47
31 1 71 67 38:2253966:1435:1:2132:5.86
31 1 71 67 36:2221558:1197:1:1897:7.03
31 1 71 67 97:2728242:1598:1:2356:5.26
31 1 71 90:2188297:1477:1:1901:5.69
31 1 71 90 41:2679752:1414:1:1971:5.95
31 1 71 90 41 36:2381367:1048:1:1980:8.02
31 1 71 90 36:2054419:1100:1:1910:7.64
31 1 71 41:4644106:2654:1:1969:3.17
31 1 71 41 38:2410674:1432:1:2178:5.87
31 1 71 41 36:2941494:1445:1:1969:5.82
31 1 71 36:2485431:1528:1:1897:5.5
31 1 71 36 97:2070475:1153:1:2553:7.29
31 1 71 97:2897379:1980:1:2354:4.25
31 1 67:3094142:2638:1:1825:3.19
31 1 67 90:2070573:1484:1:1825:5.67
31 1 67 90 41:2513892:1395:1:1971:6.03
31 1 67 90 41 36:2262790:1036:1:1980:8.12
31 1 67 41:3901221:2458:1:1969:3.42
31 1 67 41 38:2194659:1407:1:2177:5.98
31 1 67 41 36:2686997:1402:1:1969:6.0
31 1 67 41 94:2093079:1366:1:1970:6.16
31 1 67 36:2311942:1522:1:1825:5.53
31 1 67 97:2634386:1941:1:2355:4.33
31 1 90:2286482:1999:1:1825:4.21
31 1 90 41:2914520:1874:1:1971:4.49
31 1 90 41 36:2876977:1474:1:1980:5.71
31 1 90 41 36 94:2328944:1173:1:1980:7.17
31 1 90 41 94:2021654:1297:1:1971:6.48
31 1 90 36:2432752:1576:1:1825:5.34
31 1 90 36 94:2056735:1275:1:1829:6.6
31 1 41:4744921:3472:1:1969:2.42
31 1 41 36:3405351:2012:1:1969:4.18
31 1 41 36 94:2569094:1501:1:1976:5.6
31 1 41 94:2518274:1935:1:1970:4.35
31 1 36:2764287:2157:1:1825:3.9
31 1 36 94:2206373:1645:1:1829:5.11
31 1 36 94 97:2001582:1295:1:2544:6.49
31 1 36 97:2376774:1620:1:2544:5.19
31 1 94:2005928:2143:1:1829:3.93
31 1 97:2893957:2599:1:2353:3.24
31 88 79:2000005:1808:1:1817:4.65
31 88 79 41:2542533:1656:1:1857:5.08
31 88 79 41 36:2286546:1199:1:1861:7.01
31 88 71 41:2282981:1381:1:1833:6.09
31 88 41:2637651:2088:1:1833:4.03
31 88 41 36:2264956:1398:1:1837:6.02
31 79 71 41:2115807:1377:1:1849:6.11
31 79 41:2396772:2088:1:1849:4.03
31 79 41 36:2158760:1419:1:1850:5.93
31 71:2341128:2862:1:1825:2.94
31 71 67:2349229:2219:1:1825:3.79
31 71 67 90 41:2009364:1198:1:1827:7.02
31 71 67 41:3083377:2097:1:1825:4.01
31 71 67 41 38:2086004:1394:1:2178:6.03
31 71 67 41 36:2074032:1164:1:1828:7.22
31 71 90 41:2093506:1442:1:1827:5.83
31 71 41:3429750:2722:1:1825:3.09
31 71 41 36:2342523:1487:1:1828:5.66
31 67 41:2759629:2521:1:1825:3.34
31 67 41 36:2089082:1443:1:1826:5.83
31 90 41:2121468:1903:1:1827:4.42
31 90 41 36:2264191:1490:1:1843:5.64
31 41:3111456:3544:1:1825:2.37
31 41 36:2534069:2057:1:1826:4.09
5 2 38 36 94 97:2058940:1311:1:2881:6.41
5 2 36 94 97:2016968:1383:1:2881:6.08
5 1 88 79 41:2063183:1088:1:2865:7.73
5 1 88 41:2115528:1296:1:2841:6.49
5 1 71 67 41:2221506:1184:1:2833:7.1
5 1 71 41:2409554:1474:1:2833:5.71
5 1 67 41:2219549:1484:1:2833:5.67
5 1 41:2445914:1956:1:2833:4.3
5 24 90 36:2033709:1325:1:2241:6.35
5 24 90 36 94:2072290:1258:1:2241:6.68
5 24 90 36 94 97:2154144:1153:1:2241:7.29
5 24 90 36 97:2111822:1204:1:2241:6.98
5 24 36:2351892:1837:1:2241:4.58
5 24 36 94:2428315:1744:1:2241:4.82
5 24 36 94 97:2525630:1564:1:2241:5.38
5 24 36 97:2464776:1641:1:2241:5.13
5 24 94 97:2016836:1747:1:2241:4.81
5 24 97:2010906:1925:1:2241:4.37
5 90 41 36:2052456:1398:1:1897:6.02
5 90 41 36 94 97:2001998:1123:1:2832:7.49
5 90 41 36 97:2065994:1233:1:2832:6.82
5 90 36:2064561:1980:1:1153:4.25
5 90 36 94:2097984:1812:1:1153:4.64
5 90 36 94 97:2281857:1661:1:1736:5.06
5 90 36 97:2237344:1783:1:1736:4.72
5 41:2122840:2764:1:1897:3.04
5 41 36:2316036:1941:1:1897:4.33
5 41 36 94:2146477:1657:1:1897:5.08
5 41 36 94 97:2310602:1520:1:2832:5.53
5 41 36 97:2428254:1718:1:2832:4.9
5 41 97:2220248:2255:1:2689:3.73
5 38 36 94:2000832:1971:1:1154:4.27
5 38 36 94 97:2220768:1800:1:1736:4.67
5 38 36 97:2117259:1892:1:1736:4.45
5 36:2195970:2813:1:1153:2.99
5 36 94:2253205:2508:1:1153:3.35
5 36 94 97:2528619:2261:1:1736:3.72
5 36 97:2476718:2478:1:1736:3.39
2 120:2193944:2848:1:2754:2.95
2 120 90 38 36 94:2140293:1412:1:2758:5.96
2 120 90 38 36 94 97:2245330:1305:1:2758:6.44
2 120 90 38 36 97:2112527:1313:1:2758:6.4
2 120 90 38 94:2038058:1692:1:2758:4.97
2 120 90 36 94:2055588:1453:1:2758:5.79
2 120 90 36 94 97:2176392:1343:1:2758:6.26
2 120 90 36 97:2049202:1357:1:2758:6.2
2 120 38:2438858:2771:1:2754:3.04
2 120 38 36:3234470:2439:1:2755:3.45
2 120 38 36 94:3479745:2423:1:2755:3.47
2 120 38 36 94 97:3352799:2082:1:2755:4.04
2 120 38 36 97:3141258:2094:1:2755:4.02
2 120 38 94:2713204:2739:1:2754:3.07
2 120 38 94 97:2587326:2249:1:2754:3.74
2 120 38 97:2358162:2266:1:2754:3.71
2 120 36:3036589:2498:1:2755:3.37
2 120 36 94:3275720:2471:1:2755:3.4
2 120 36 94 97:3184515:2121:1:2755:3.97
2 120 36 97:2979378:2141:1:2755:3.93
2 120 94:2459148:2795:1:2754:3.01
2 120 94 97:2388398:2294:1:2754:3.67
2 120 97:2165136:2322:1:2754:3.62
2 90 38 36:2591598:2303:1:2757:3.65
2 90 38 36 94:2831926:2289:1:2757:3.68
2 90 38 36 94 97:3143994:2158:1:2757:3.9
2 90 38 36 97:2920478:2172:1:2757:3.87
2 90 38 94:2170024:2604:1:2757:3.23
2 90 38 94 97:2401060:2309:1:2757:3.64
2 90 38 97:2157768:2326:1:2757:3.62
2 90 36:2445807:2401:1:2757:3.5
2 90 36 94:2678515:2370:1:2757:3.55
2 90 36 94 97:3016441:2234:1:2757:3.77
2 90 36 97:2804275:2264:1:2757:3.72
2 90 94 97:2231976:2394:1:2757:3.51
2 38 36:3076196:3375:1:2754:2.49
2 38 36 94:3419019:3347:1:2754:2.51
2 38 36 94 97:3662358:2978:1:2754:2.83
2 38 36 97:3358879:3001:1:2754:2.8
2 38 94:2044674:3715:1:2753:2.26
2 38 94 97:2384628:3173:1:2753:2.65
2 38 97:2059104:3209:1:2753:2.62
2 36:2789508:3492:1:2754:2.41
2 36 94:3128059:3440:1:2754:2.45
2 36 94 97:3420120:3057:1:2754:2.75
2 36 97:3124993:3099:1:2754:2.71
2 94 97:2099190:3270:1:2753:2.57
104 88:2129291:2608:1:1817:3.23
104 88 79:2431013:2224:1:1817:3.78
104 88 79 71:2493738:1700:1:1817:4.95
104 88 79 71 67:2625041:1511:1:1817:5.57
104 88 79 71 67 38:2056230:1136:1:2395:7.4
104 88 79 71 67 36:2109600:1019:1:1817:8.25
104 88 79 71 67 94:2135052:1207:1:1818:6.97
104 88 79 71 67 94 97:2065647:1045:1:2346:8.05
104 88 79 71 67 97:2309495:1207:1:2346:6.97
104 88 79 71 36:2064548:1140:1:1817:7.38
104 88 79 71 97:2112016:1282:1:2346:6.56
104 88 79 67:2554695:1875:1:1817:4.49
104 88 79 67 41:2179287:1227:1:2089:6.85
104 88 79 67 36:2365630:1347:1:1817:6.24
104 88 79 67 36 94:2178191:1188:1:1818:7.08
104 88 79 67 36 94 97:2056642:1014:1:2346:8.29
104 88 79 67 36 97:2161209:1114:1:2346:7.55
104 88 79 67 94:2100819:1498:1:1818:5.61
104 88 79 67 94 97:2015597:1259:1:2346:6.68
104 88 79 67 97:2236541:1458:1:2346:5.77
104 88 79 41:2397268:1576:1:2089:5.34
104 88 79 41 36:2129964:1115:1:2089:7.54
104 88 79 36:2421117:1618:1:1817:5.2
104 88 79 36 94:2241555:1420:1:1818:5.92
104 88 79 36 94 97:2031969:1141:1:2346:7.37
104 88 79 36 97:2103720:1245:1:2346:6.75
104 88 79 97:2058857:1616:1:2346:5.2
104 88 71:2435169:2055:1:1817:4.09
104 88 71 67:2615889:1798:1:1817:4.68
104 88 71 67 41:2140357:1155:1:2089:7.28
104 88 71 67 38:2081093:1357:1:2395:6.2
104 88 71 67 36:2070216:1164:1:1817:7.22
104 88 71 67 94:2050107:1366:1:1818:6.16
104 88 71 67 94 97:2016409:1183:1:2346:7.11
104 88 71 67 97:2333251:1433:1:2346:5.87
104 88 71 41:2275860:1412:1:2089:5.96
104 88 71 97:2091710:1537:1:2346:5.47
104 88 67:2361638:2178:1:1817:3.86
104 88 67 41:2289628:1530:1:2089:5.5
104 88 67 36:2194616:1495:1:1817:5.63
104 88 67 36 94:2027607:1300:1:1818:6.47
104 88 67 36 97:2060723:1247:1:2346:6.74
104 88 67 97:2125609:1690:1:2346:4.98
104 88 41:2450248:1960:1:2089:4.29
104 88 41 36:2056530:1275:1:2089:6.6
104 88 36:2149157:1778:1:1817:4.73
104 88 36 94:2002612:1537:1:1818:5.47
104 56 71 67 41:2183933:1369:1:2700:6.14
104 56 71 41:2374263:1713:1:2692:4.91
104 56 41:2104021:2016:1:2688:4.17
104 79 71:2202281:2051:1:1817:4.1
104 79 71 67:2427131:1808:1:1817:4.65
104 79 71 67 41:2026034:1165:1:2089:7.22
104 79 71 67 36:2002414:1181:1:1817:7.12
104 79 71 67 97:2197283:1446:1:2346:5.82
104 79 71 41:2109023:1408:1:2089:5.97
104 79 67:2132535:2194:1:1817:3.83
104 79 67 41:2137698:1546:1:2089:5.44
104 79 67 36:2080350:1512:1:1817:5.56
104 79 41:2225591:1960:1:2089:4.29
104 71:2625872:3300:1:1817:2.55
104 71 67:3045543:2867:1:1817:2.93
104 71 67 90 97:2047369:1397:1:2155:6.02
104 71 67 41:3258699:2224:1:2089:3.78
104 71 67 41 38:2702176:1762:1:2395:4.77
104 71 67 41 38 97:2558878:1483:1:2509:5.67
104 71 67 41 36:2022581:1166:1:2089:7.21
104 71 67 41 97:2865545:1747:1:2509:4.81
104 71 67 38:2545395:2198:1:2395:3.83
104 71 67 38 36:2023306:1343:1:2402:6.26
104 71 67 38 36 97:2097937:1224:1:2700:6.87
104 71 67 38 94 97:2013775:1430:1:2700:5.88
104 71 67 38 97:2523666:1878:1:2509:4.48
104 71 67 36:2327264:1667:1:1817:5.05
104 71 67 36 94:2065831:1375:1:1818:6.12
104 71 67 36 94 97:2121634:1242:1:2346:6.77
104 71 67 36 97:2340083:1468:1:2346:5.73
104 71 67 94:2069088:1864:1:1818:4.51
104 71 67 94 97:2117348:1620:1:2346:5.19
104 71 67 97:2881761:2333:1:2155:3.61
104 71 41:3270195:2657:1:2089:3.17
104 71 41 38:2452026:1919:1:2393:4.38
104 71 41 38 97:2326622:1583:1:2501:5.31
104 71 41 36:2001747:1331:1:2089:6.32
104 71 41 97:2666080:1918:1:2501:4.39
104 71 38:2093634:2355:1:2393:3.57
104 71 38 97:2133636:1978:1:2501:4.25
104 71 36:2087112:1832:1:1817:4.59
104 71 36 97:2069285:1547:1:2346:5.44
104 71 97:2421139:2504:1:2155:3.36
104 67:2303851:3307:1:1817:2.54
104 67 41:2944756:2659:1:2089:3.16
104 67 41 38:2424478:2065:1:2395:4.07
104 67 41 38 97:2381072:1731:1:2505:4.86
104 67 41 36:2189315:1506:1:2089:5.58
104 67 41 36 97:2046553:1243:1:2696:6.77
104 67 41 97:2600228:2013:1:2505:4.18
104 67 38 36 97:2020110:1453:1:2696:5.79
104 67 38 97:2083680:2126:1:2505:3.96
104 67 36:2167127:2009:1:1817:4.19
104 67 36 94 97:2020113:1453:1:2346:5.79
104 67 36 97:2185709:1715:1:2346:4.9
104 67 97:2279389:2604:1:2155:3.23
104 41:2900080:3320:1:2089:2.53
104 41 38:2145828:2327:1:2377:3.62
104 41 38 97:2148694:1911:1:2497:4.4
104 41 36:2244127:1838:1:2089:4.58
104 41 97:2375668:2269:1:2497:3.71
120 56 38 36:2249525:1961:1:2178:4.29
120 56 38 36 94:2376814:1885:1:2178:4.46
120 56 38 36 94 97:2287193:1586:1:2178:5.3
120 56 38 36 97:2191873:1650:1:2178:5.1
120 56 36:2205209:2131:1:2082:3.95
120 56 36 94:2260383:1964:1:2082:4.28
120 56 36 94 97:2213697:1660:1:2082:5.07
120 56 36 97:2165947:1781:1:2082:4.72
120 90 38 36 94:2047481:1641:1:1030:5.13
120 90 38 36 94 97:2223824:1521:1:1030:5.53
120 90 38 36 97:2104143:1559:1:1030:5.39
120 90 36 94:2053459:1785:1:1030:4.71
120 90 36 94 97:2268617:1662:1:1030:5.06
120 90 36 97:2164812:1729:1:1030:4.86
120 38 36:2779662:2815:1:1027:2.99
120 38 36 94:3003640:2730:1:1027:3.08
120 38 36 94 97:3059953:2365:1:1027:3.56
120 38 36 97:2874579:2434:1:1027:3.46
120 38 94:2086924:3180:1:1026:2.65
120 38 94 97:2212268:2632:1:1026:3.2
120 38 97:2082718:2842:1:1026:2.96
120 36:2703560:3091:1:1027:2.72
120 36 94:2873570:2906:1:1027:2.9
120 36 94 97:2991977:2527:1:1027:3.33
120 36 97:2841232:2658:1:1027:3.17
120 94 97:2089102:2848:1:1026:2.95
120 97:2019392:3227:1:1026:2.61
1:2183661:4488:1:1825:1.87
1 88:2589013:2960:1:1826:2.84
1 88 79:2907800:2528:1:1828:3.33
1 88 79 71:2474787:1609:1:2002:5.23
1 88 79 71 67:2242279:1237:1:2002:6.8
1 88 79 71 67 41:2354259:1050:1:2002:8.01
1 88 79 71 41:2809271:1422:1:2002:5.91
1 88 79 71 41 36:2087005:912:1:2004:9.22
1 88 79 67:2601916:1826:1:1828:4.61
1 88 79 67 41:2940453:1586:1:2001:5.3
1 88 79 67 41 36:2417462:1091:1:2004:7.71
1 88 79 67 41 36 94:2076550:907:1:2004:9.27
1 88 79 67 41 94:2171033:1156:1:2002:7.27
1 88 79 67 36:2258989:1260:1:1828:6.67
1 88 79 67 36 94:2015379:1066:1:1829:7.89
1 88 79 67 36 97:2121776:1065:1:2976:7.89
1 88 79 67 94:2046972:1377:1:1829:6.11
1 88 79 67 94 97:2064562:1212:1:2976:6.94
1 88 79 67 97:2428465:1492:1:2976:5.64
1 88 79 90 41:2216430:1278:1:2004:6.58
1 88 79 90 41 36:2469585:1156:1:2004:7.27
1 88 79 90 41 36 94:2155157:978:1:2004:8.6
1 88 79 90 36:2169644:1265:1:1828:6.65
1 88 79 41:3617940:2288:1:2001:3.68
1 88 79 41 36:3207666:1640:1:2004:5.13
1 88 79 41 36 94:2739084:1352:1:2004:6.22
1 88 79 41 94:2689824:1671:1:2002:5.03
1 88 79 36:2773549:1809:1:1828:4.65
1 88 79 36 94:2464390:1511:1:1829:5.57
1 88 79 36 94 97:2351685:1280:1:2976:6.57
1 88 79 36 97:2560702:1478:1:2976:5.69
1 88 79 94:2304491:1892:1:1829:4.45
1 88 79 94 97:2332760:1622:1:2976:5.19
1 88 79 97:2738758:2016:1:2976:4.17
1 88 71:2536882:2012:1:1977:4.18
1 88 71 67:2410546:1572:1:1978:5.35
1 88 71 67 41:2711952:1385:1:1978:6.07
1 88 71 41:3104176:1825:1:1977:4.61
1 88 71 41 36:2210156:1107:1:1980:7.6
1 88 67:2496935:2177:1:1826:3.86
1 88 67 41:3046053:1937:1:1978:4.34
1 88 67 41 36:2458291:1278:1:1980:6.58
1 88 67 41 36 94:2089379:1042:1:1980:8.07
1 88 67 41 94:2150287:1345:1:1980:6.25
1 88 67 36:2184790:1447:1:1828:5.81
1 88 67 36 97:2051364:1198:1:2976:7.02
1 88 67 97:2328131:1724:1:2976:4.88
1 88 90 41:2177094:1462:1:1980:5.75
1 88 90 41 36:2440797:1297:1:1980:6.48
1 88 90 41 36 94:2125180:1089:1:1980:7.72
1 88 90 36:2059452:1406:1:1828:5.98
1 88 41:3561038:2720:1:1977:3.09
1 88 41 36:3075878:1839:1:1980:4.57
1 88 41 36 94:2606447:1492:1:1980:5.64
1 88 41 94:2491998:1871:1:1980:4.5
1 88 36:2519317:2008:1:1828:4.19
1 88 36 94:2241243:1651:1:1829:5.09
1 88 36 94 97:2174890:1388:1:2976:6.06
1 88 36 97:2360263:1618:1:2976:5.2
1 88 94 97:2064516:1770:1:2976:4.75
1 88 97:2469832:2278:1:2976:3.69
1 79:2310765:3032:1:1827:2.77
1 79 71:2343142:2044:1:1921:4.12
1 79 71 67:2269376:1600:1:1921:5.26
1 79 71 67 41:2569671:1395:1:1993:6.03
1 79 71 67 97:2034149:1261:1:2547:6.67
1 79 71 41:2885036:1821:1:1993:4.62
1 79 71 41 36:2170692:1129:1:1993:7.45
1 79 71 97:2109571:1566:1:2545:5.37
1 79 67:2309139:2229:1:1827:3.77
1 79 67 41:2854307:1953:1:1993:4.31
1 79 67 41 36:2406224:1304:1:1993:6.45
1 79 67 41 36 94:2014029:1051:1:1993:8.0
1 79 67 41 94:2004799:1352:1:1993:6.22
1 79 67 36:2138666:1499:1:1827:5.61
1 79 67 36 97:2024770:1242:1:2546:6.77
1 79 67 97:2206512:1774:1:2546:4.74
1 79 90 41:2064519:1484:1:1993:5.67
1 79 90 41 36:2389254:1324:1:1993:6.35
1 79 90 41 36 94:2048631:1097:1:1993:7.66
1 79 90 36:2056357:1482:1:1827:5.67
1 79 41:3250255:2720:1:1993:3.09
1 79 41 36:2943200:1860:1:1993:4.52
1 79 41 36 94:2470582:1498:1:1993:5.61
1 79 41 94:2279277:1874:1:1993:4.49
1 79 36:2417026:2080:1:1827:4.04
1 79 36 94:2150110:1708:1:1829:4.92
1 79 36 94 97:2120818:1443:1:2544:5.83
1 79 36 97:2297357:1683:1:2544:5.0
1 79 97:2295125:2353:1:2544:3.58
1 71:2941667:3389:1:1897:2.48
1 71 67:3129818:2755:1:1897:3.05
1 71 67 90:2001316:1502:1:1903:5.6
1 71 67 90 41:2432566:1397:1:1971:6.02
1 71 67 90 41 36:2162700:1027:1:1980:8.19
1 71 67 41:3963126:2550:1:1969:3.3
1 71 67 41 38:2854439:1796:1:2132:4.68
1 71 67 41 38 36:2040593:1057:1:2140:7.95
1 71 67 41 36:2648381:1420:1:1969:5.92
1 71 67 41 94:2089395:1405:1:1970:5.99
1 71 67 38:2286125:1892:1:2132:4.45
1 71 67 36:2301938:1564:1:1897:5.38
1 71 67 36 97:2101539:1260:1:2555:6.67
1 71 67 97:2851738:2148:1:2356:3.92
1 71 90 41:2449330:1641:1:1971:5.13
1 71 90 41 36:2325080:1241:1:1980:6.78
1 71 41:4144442:3166:1:1969:2.66
1 71 41 38:2498855:1889:1:2130:4.45
1 71 41 36:2841699:1739:1:1969:4.84
1 71 36:2323814:1895:1:1897:4.44
1 71 36 97:2149281:1509:1:2553:5.57
1 71 97:2691921:2530:1:2354:3.33
1 67:2596807:3438:1:1825:2.45
1 67 90 41:2420659:1720:1:1971:4.89
1 67 90 41 36:2383565:1327:1:1980:6.34
1 67 90 41 36 94:2010756:1079:1:1980:7.79
1 67 90 36:2031131:1460:1:1825:5.76
1 67 41:3714887:3162:1:1969:2.66
1 67 41 38:2467974:2031:1:2132:4.14
1 67 41 36:2921805:1888:1:1969:4.46
1 67 41 36 94:2343433:1450:1:1976:5.8
1 67 41 94:2264943:1914:1:1970:4.39
1 67 36:2381337:2083:1:1825:4.04
1 67 36 94:2030216:1635:1:1829:5.14
1 67 36 94 97:2040811:1401:1:2546:6.0
1 67 36 97:2288255:1692:1:2546:4.97
1 67 97:2580438:2674:1:2355:3.15
1 90 41:2518047:2199:1:1971:3.83
1 90 41 36:2730091:1765:1:1980:4.77
1 90 41 36 94:2315107:1438:1:1980:5.85
1 90 36:2185647:1923:1:1825:4.37
1 41:3861134:4176:1:1969:2.01
1 41 38:2042133:2151:1:2114:3.91
1 41 36:3247264:2498:1:1969:3.37
1 41 36 94:2623207:1926:1:1976:4.37
1 41 94:2297102:2483:1:1970:3.39
1 36:2410542:2718:1:1825:3.1
1 36 94:2097929:2136:1:1829:3.94
1 36 94 97:2131969:1781:1:2544:4.72
1 36 97:2361194:2156:1:2544:3.9
1 97:2335643:3332:1:2353:2.53
88 56 79 41 36 97:2038510:1089:1:2688:7.72
88 56 79 41 97:2072398:1412:1:2688:5.96
88 56 79 36 94 97:2022431:1288:1:1572:6.53
88 56 79 36 97:2127932:1465:1:1572:5.74
88 56 36:2028926:2089:1:1548:4.03
88 56 36 94:2022049:1857:1:1548:4.53
88 56 36 94 97:2217288:1703:1:1548:4.94
88 56 36 97:2262846:1912:1:1548:4.4
88 79:2498037:3776:1:1297:2.23
88 79 71:2594872:2476:1:1345:3.4
88 79 71 67:2541962:1923:1:1345:4.37
88 79 71 67 41:2035746:1172:1:1828:7.17
88 79 71 67 36:2217172:1317:1:1345:6.39
88 79 71 67 36 94:2029166:1136:1:1345:7.4
88 79 71 67 36 97:2100922:1114:1:1345:7.55
88 79 71 67 94:2036845:1470:1:1345:5.72
88 79 71 67 94 97:2007115:1258:1:1345:6.68
88 79 71 67 97:2348921:1546:1:1345:5.44
88 79 71 90 36:2010117:1211:1:1345:6.94
88 79 71 41:2391562:1617:1:1828:5.2
88 79 71 41 97:2034001:1208:1:2692:6.96
88 79 71 36:2481336:1732:1:1345:4.86
88 79 71 36 94:2219257:1449:1:1345:5.8
88 79 71 36 94 97:2184243:1252:1:1345:6.72
88 79 71 36 97:2379487:1449:1:1345:5.8
88 79 71 94:2053786:1837:1:1345:4.58
88 79 71 94 97:2070850:1554:1:1345:5.41
88 79 71 97:2455055:1960:1:1345:4.29
88 79 67:2520379:2699:1:1297:3.12
88 79 67 90 36:2092393:1343:1:1297:6.26
88 79 67 90 36 94:2021218:1214:1:1297:6.93
88 79 67 41:2421400:1787:1:1828:4.71
88 79 67 41 36:2184815:1249:1:1828:6.73
88 79 67 41 97:2148323:1379:1:2696:6.1
88 79 67 36:2652711:1974:1:1297:4.26
88 79 67 36 94:2520477:1740:1:1297:4.83
88 79 67 36 94 97:2476046:1502:1:1297:5.6
88 79 67 36 97:2558459:1661:1:1297:5.06
88 79 67 94:2211736:2173:1:1297:3.87
88 79 67 94 97:2272006:1856:1:1297:4.53
88 79 67 97:2469002:2181:1:1297:3.86
88 79 24:2411542:2080:1:1729:4.04
88 79 24 90 36:2155474:1190:1:1729:7.07
88 79 24 90 36 94:2018518:1051:1:1729:8.0
88 79 24 36:2580043:1638:1:1729:5.13
88 79 24 36 94:2440373:1447:1:1729:5.81
88 79 24 36 94 97:2229599:1179:1:1729:7.13
88 79 24 36 97:2346051:1318:1:1729:6.38
88 79 24 94:2200075:1746:1:1729:4.82
88 79 24 94 97:2106310:1428:1:1729:5.89
88 79 24 97:2313762:1682:1:1729:5.0
88 79 90:2000795:2211:1:1297:3.8
88 79 90 41 36:2295008:1341:1:1828:6.27
88 79 90 41 36 94:2062349:1149:1:1829:7.32
88 79 90 36:2559322:1963:1:1297:4.29
88 79 90 36 94:2480135:1757:1:1297:4.79
88 79 90 36 94 97:2377730:1488:1:1297:5.65
88 79 90 36 97:2409467:1621:1:1297:5.19
88 79 41:2889190:2648:1:1828:3.18
88 79 41 36:2902359:1932:1:1828:4.35
88 79 41 36 94:2567940:1618:1:1829:5.2
88 79 41 36 94 97:2411729:1341:1:2688:6.27
88 79 41 36 97:2644795:1550:1:2688:5.43
88 79 41 94:2268328:1976:1:1829:4.26
88 79 41 94 97:2242765:1641:1:2688:5.13
88 79 41 97:2660087:2049:1:2688:4.11
88 79 38 36 94 97:2000804:1322:1:1313:6.36
88 79 36:3086596:2844:1:1297:2.96
88 79 36 94:2985285:2502:1:1297:3.36
88 79 36 94 97:2979665:2126:1:1297:3.96
88 79 36 97:3042718:2358:1:1297:3.57
88 79 94:2300380:3051:1:1297:2.76
88 79 94 97:2488435:2572:1:1297:3.27
88 79 97:2622909:3019:1:1297:2.79
88 71:2377837:3095:1:1345:2.72
88 71 67:2464509:2366:1:1345:3.56
88 71 67 41:2190076:1507:1:1826:5.58
88 71 67 36:2221673:1586:1:1345:5.3
88 71 67 36 94:2044758:1353:1:1345:6.22
88 71 67 36 94 97:2002968:1165:1:1345:7.22
88 71 67 36 97:2120547:1321:1:1345:6.37
88 71 67 97:2301305:1858:1:1345:4.53
88 71 90 36:2033713:1459:1:1345:5.76
88 71 41:2430250:2020:1:1826:4.16
88 71 41 97:2054027:1463:1:2692:5.75
88 71 36:2410629:2098:1:1345:4.01
88 71 36 94:2201554:1757:1:1345:4.79
88 71 36 94 97:2203931:1501:1:1345:5.6
88 71 36 97:2353585:1730:1:1345:4.86
88 71 97:2312045:2379:1:1345:3.54
88 67:2139522:3266:1:1297:2.58
88 67 90 36:2077443:1596:1:1297:5.27
88 67 90 36 94:2031696:1437:1:1297:5.85
88 67 41:2297291:2138:1:1826:3.93
88 67 41 36:2097906:1436:1:1828:5.86
88 67 41 97:2063822:1611:1:2696:5.22
88 67 36:2495650:2342:1:1297:3.59
88 67 36 94:2425187:2056:1:1297:4.09
88 67 36 94 97:2437314:1763:1:1297:4.77
88 67 36 97:2473157:1952:1:1297:4.31
88 67 94 97:2078245:2170:1:1297:3.88
88 67 97:2214012:2587:1:1297:3.25
88 24:2214567:2512:1:1729:3.35
88 24 90 36:2201971:1423:1:1729:5.91
88 24 90 36 94:2128700:1284:1:1729:6.55
88 24 36:2626549:2010:1:1729:4.18
88 24 36 94:2580634:1819:1:1729:4.62
88 24 36 94 97:2422970:1486:1:1729:5.66
88 24 36 97:2468111:1625:1:1729:5.18
88 24 94:2147946:2178:1:1729:3.86
88 24 94 97:2119428:1764:1:1729:4.77
88 24 97:2215640:2018:1:1729:4.17
88 90 41 36:2153843:1482:1:1828:5.67
88 90 36:2443697:2337:1:1297:3.6
88 90 36 94:2429546:2101:1:1297:4.0
88 90 36 94 97:2405677:1781:1:1297:4.72
88 90 36 97:2384858:1928:1:1297:4.36
88 41:2519145:3080:1:1826:2.73
88 41 36:2600636:2131:1:1828:3.95
88 41 36 94:2306594:1758:1:1829:4.78
88 41 36 94 97:2209413:1449:1:2688:5.8
88 41 36 97:2412981:1690:1:2688:4.98
88 41 97:2372788:2311:1:2688:3.64
88 38 36 94:2059246:1998:1:1313:4.21
88 38 36 94 97:2156381:1733:1:1313:4.85
88 38 36 97:2054715:1817:1:1313:4.63
88 36:2765626:3415:1:1297:2.46
88 36 94:2783461:3014:1:1297:2.79
88 36 94 97:2884401:2541:1:1297:3.31
88 36 97:2861314:2805:1:1297:3.0
88 94 97:2138026:3056:1:1297:2.75
88 97:2149916:3617:1:1297:2.33
56 79 36 94 97:2077038:1720:1:1561:4.89
56 79 36 97:2106842:1939:1:1561:4.34
56 71 41:2179952:2225:1:2692:3.78
56 71 41 97:2080066:1779:1:2692:4.73
56 71 36 97:2128524:1849:1:1537:4.55
56 90 36 94 97:2226431:1893:1:1548:4.44
56 90 36 97:2197881:2084:1:1548:4.04
56 41 36 97:2075616:1716:1:2688:4.9
56 41 97:2002179:2464:1:2688:3.41
56 38 36 94 97:2053104:1947:1:2178:4.32
56 36:2061591:3410:1:1537:2.47
56 36 94:2177363:2997:1:1544:2.81
56 36 94 97:2516755:2677:1:1544:3.14
56 36 97:2476648:3031:1:1537:2.78
79 71:2057515:3127:1:1345:2.69
79 71 67:2227241:2394:1:1345:3.51
79 71 67 41:2034737:1517:1:1827:5.54
79 71 67 36:2152956:1631:1:1345:5.16
79 71 67 36 97:2064764:1355:1:1345:6.21
79 71 67 97:2132092:1891:1:1345:4.45
79 71 41:2195304:2016:1:1827:4.17
79 71 36:2300698:2159:1:1345:3.9
79 71 36 94:2104864:1804:1:1345:4.66
79 71 36 94 97:2140162:1548:1:1345:5.43
79 71 36 97:2275995:1785:1:1345:4.71
79 71 97:2092804:2427:1:1345:3.47
79 67 90 36:2014291:1651:1:1297:5.09
79 67 41:2078507:2154:1:1827:3.91
79 67 41 36:2012341:1462:1:1827:5.75
79 67 36:2353636:2407:1:1297:3.5
79 67 36 94:2293853:2104:1:1297:4.0
79 67 36 94 97:2343698:1807:1:1297:4.65
79 67 36 97:2372905:2006:1:1297:4.19
79 24:2025949:2616:1:1729:3.22
79 24 90 36:2166376:1486:1:1729:5.66
79 24 90 36 94:2114750:1347:1:1729:6.24
79 24 36:2547244:2104:1:1729:4.0
79 24 36 94:2534156:1913:1:1729:4.4
79 24 36 94 97:2408400:1569:1:1729:5.36
79 24 36 97:2427056:1708:1:1729:4.92
79 24 94:2015248:2282:1:1729:3.69
79 24 94 97:2040602:1859:1:1729:4.52
79 24 97:2093918:2113:1:1729:3.98
79 90 41 36:2069434:1509:1:1827:5.57
79 90 36:2321701:2427:1:1297:3.47
79 90 36 94:2316979:2172:1:1297:3.87
79 90 36 94 97:2342822:1849:1:1297:4.55
79 90 36 97:2314163:2008:1:1297:4.19
79 41:2170615:3080:1:1827:2.73
79 41 36:2423481:2152:1:1827:3.91
79 41 36 94:2141941:1764:1:1829:4.77
79 41 36 94 97:2076712:1453:1:2688:5.79
79 41 36 97:2275056:1704:1:2688:4.94
79 41 97:2124111:2314:1:2688:3.64
79 38 36 94 97:2056049:1772:1:1313:4.75
79 36:2526820:3530:1:1297:2.38
79 36 94:2580110:3114:1:1297:2.7
79 36 94 97:2739614:2628:1:1297:3.2
79 36 97:2691283:2902:1:1297:2.9
71 67:2447253:3765:1:1345:2.23
71 67 90 36:2160348:1672:1:1345:5.03
71 67 90 36 97:2046471:1384:1:1345:6.08
71 67 41:2831358:2672:1:1825:3.15
71 67 41 38:2166826:1910:1:2132:4.4
71 67 41 36:2112208:1509:1:1825:5.57
71 67 41 97:2525882:2003:1:2509:4.2
71 67 38:2107337:2778:1:1361:3.03
71 67 38 36:2125236:1839:1:1361:4.57
71 67 38 36 94:2062257:1638:1:1361:5.13
71 67 38 36 94 97:2057309:1397:1:1361:6.02
71 67 38 36 97:2081139:1527:1:1361:5.51
71 67 38 97:2116178:2217:1:1361:3.79
71 67 36:2466103:2379:1:1345:3.54
71 67 36 94:2240659:1952:1:1345:4.31
71 67 36 94 97:2266863:1666:1:1345:5.05
71 67 36 97:2421915:1951:1:1345:4.31
71 67 97:2490581:2946:1:1345:2.86
71 90 36:2250546:2159:1:1345:3.9
71 90 36 94:2098110:1834:1:1345:4.59
71 90 36 94 97:2145377:1589:1:1345:5.29
71 90 36 97:2211507:1790:1:1345:4.7
71 41:2746594:3361:1:1825:2.5
71 41 36:2209905:1884:1:1825:4.46
71 41 97:2460796:2430:1:2501:3.46
71 38 36:2031474:2266:1:1361:3.71
71 38 36 94:2063362:2059:1:1361:4.09
71 38 36 94 97:2140831:1756:1:1361:4.79
71 38 36 97:2096406:1892:1:1361:4.45
71 36:2451113:3126:1:1345:2.69
71 36 94:2286184:2568:1:1345:3.28
71 36 94 97:2417880:2182:1:1345:3.86
71 36 97:2536531:2553:1:1345:3.3
71 97:2161396:3723:1:1345:2.26
67 90 36:2180323:2284:1:1297:3.68
67 90 36 94:2153112:2010:1:1297:4.18
67 90 36 94 97:2213438:1740:1:1297:4.83
67 90 36 97:2196940:1908:1:1297:4.41
67 41:2300049:3363:1:1825:2.5
67 41 36:2211436:2046:1:1825:4.11
67 41 36 97:2073439:1608:1:2696:5.23
67 41 97:2277306:2525:1:2505:3.33
67 38 36:2048835:2507:1:1313:3.36
67 38 36 94:2119460:2273:1:1313:3.7
67 38 36 94 97:2232062:1951:1:1313:4.31
67 38 36 97:2170774:2109:1:1313:3.99
67 36:2348685:3361:1:1297:2.5
67 36 94:2357555:2873:1:1297:2.93
67 36 94 97:2513886:2441:1:1297:3.45
67 36 97:2506463:2762:1:1297:3.05
24:2502279:5040:1:1729:1.67
24 90:2840400:3538:1:1729:2.38
24 90 41:2604663:2108:1:2444:3.99
24 90 41 36:2980048:1782:1:2444:4.72
24 90 41 36 94:2933321:1650:1:2444:5.1
24 90 41 94:2340431:1756:1:2444:4.79
24 90 41 97:2561970:1767:1:2836:4.76
24 90 36:3594966:2958:1:1729:2.84
24 90 36 94:3735302:2811:1:1729:2.99
24 90 36 94 97:3847235:2492:1:1729:3.38
24 90 36 97:3699725:2587:1:1729:3.25
24 90 94:2900473:3170:1:1729:2.65
24 90 94 97:3036485:2691:1:1729:3.13
24 90 97:3037669:2985:1:1729:2.82
24 41:2661712:2864:1:2441:2.94
24 41 36:3221621:2313:1:2441:3.64
24 41 36 94:3195306:2133:1:2441:3.94
24 41 94:2422211:2362:1:2441:3.56
24 41 97:2892081:2512:1:2833:3.35
24 36:3986091:4162:1:1729:2.02
24 36 94:4245093:3963:1:1729:2.12
24 36 94 97:4434778:3441:1:1729:2.45
24 36 97:4218704:3588:1:1729:2.34
24 94:2737473:4506:1:1729:1.87
24 94 97:3147151:3820:1:1729:2.2
24 97:3052100:4274:1:1729:1.97
90 41:2492144:3466:1:1769:2.43
90 41 38:2000976:2451:1:1770:3.43
90 41 38 36:2597300:2074:1:1771:4.06
90 41 38 36 94:2637802:1938:1:1772:4.34
90 41 38 36 94 97:2790949:1769:1:2688:4.75
90 41 38 36 97:2723050:1856:1:2688:4.53
90 41 38 94 97:2171848:1911:1:2688:4.4
90 41 38 97:2246986:2171:1:2497:3.87
90 41 36:3371922:2943:1:1769:2.86
90 41 36 94:3246639:2602:1:1772:3.23
90 41 36 94 97:3256145:2235:1:2688:3.76
90 41 36 97:3292462:2442:1:2688:3.44
90 41 94:2290704:2833:1:1772:2.97
90 41 94 97:2459582:2405:1:2688:3.5
90 41 97:2651160:2851:1:2497:2.95
90 38 36:2675594:3258:1:1030:2.58
90 38 36 94:2912778:3120:1:1030:2.7
90 38 36 94 97:3291084:2859:1:1030:2.94
90 38 36 97:3056771:2948:1:1030:2.85
90 38 94 97:2277310:3113:1:1030:2.7
90 38 97:2097898:3376:1:1030:2.49
90 36:3082773:4324:1:192:1.95
90 36 94:3275625:3961:1:192:2.12
90 36 94 97:3632931:3498:1:584:2.41
90 36 97:3433283:3726:1:528:2.26
90 94 97:2367536:3810:1:584:2.21
90 97:2183770:4280:1:337:1.97
41:2569768:5880:1:1769:1.43
41 38 36:2740514:2811:1:1771:2.99
41 38 36 94:2808075:2582:1:1772:3.26
41 38 36 94 97:3111794:2370:1:2688:3.55
41 38 36 97:3038639:2527:1:2688:3.33
41 38 94 97:2280880:2711:1:2688:3.1
41 38 97:2396136:3207:1:2497:2.62
41 36:3533615:4067:1:1769:2.07
41 36 94:3376082:3469:1:1772:2.43
41 36 94 97:3640288:3044:1:2688:2.76
41 36 97:3731874:3430:1:2688:2.45
41 94:2097574:4132:1:1772:2.04
41 94 97:2594612:3543:1:2688:2.37
41 97:2996292:4589:1:2497:1.83
38 36:2697948:4733:1:1027:1.78
38 36 94:3073014:4492:1:1027:1.87
38 36 94 97:3585886:3973:1:1027:2.12
38 36 97:3262886:4138:1:1027:2.03
36:2806074:6210:1:192:1.36
36 94:3174585:5576:1:192:1.51
36 94 97:3807598:4838:1:584:1.74
36 97:3515208:5255:1:528:1.6
