11 120 36 38 97 94:2077344:1230:1:1461:6.84
11 120 36 97 94:2001818:1266:1:1461:6.64
11 120 38 97 94:2063517:1631:1:1458:5.16
11 36 38 97:2078446:1867:1:1458:4.51
11 36 38 97 94:2277916:1867:1:1458:4.51
11 36 38 94:2049647:2058:1:1458:4.09
11 36 97 94:2120790:1906:1:1458:4.41
11 41 38:2024910:2157:1:1809:3.9
11 41 38 94:2258466:2157:1:1809:3.9
11 41 94:2029701:2164:1:1809:3.89
11 38 97:2008387:2812:1:1457:2.99
11 38 97 94:2315347:2812:1:1457:2.99
11 97 94:2030755:2852:1:1457:2.95
5 36 41 94:2088761:1657:1:1897:5.08
5 36 38 97 94:2166798:1802:1:1736:4.67
5 36 97:2126062:2174:1:1736:3.87
5 36 97 94:2358374:2174:1:1736:3.87
5 36 94:2072417:2406:1:1153:3.5
5 41:2122840:2764:1:1897:3.04
5 41 38 94:2092214:2105:1:1897:4.0
5 41 94:2381862:2716:1:1897:3.1
5 38 97 94:2072366:2674:1:1736:3.15
5 97 94:2156464:3264:1:1736:2.58
31 104:2124824:2432:1:1825:3.46
31 104 67:2163228:1906:1:1825:4.41
31 104 67 71:2809132:1848:1:1825:4.55
31 104 67 71 94:2758951:1694:1:1825:4.97
31 104 67 94:2176470:1752:1:1825:4.8
31 104 71:2871874:2272:1:1825:3.7
31 104 71 94:2860792:2080:1:1825:4.04
31 104 94:2201006:2240:1:1825:3.76
31 90 1:2102051:1817:1:1829:4.63
31 90 1 88 41:2041237:1023:1:1978:8.22
31 90 1 88 41 94:2147113:1023:1:1978:8.22
31 90 1 67 71 41:2094798:989:1:1974:8.5
31 90 1 67 41:2107771:1170:1:1974:7.19
31 90 1 71 41:2468256:1292:1:1974:6.51
31 90 1 71 41 94:2193252:1100:1:1974:7.64
31 90 1 36 41:2092820:1093:1:1974:7.69
31 90 1 36 41 94:2203892:1093:1:1974:7.69
31 90 1 41:2798757:1754:1:1974:4.8
31 90 1 41 94:2641727:1562:1:1974:5.38
31 90 1 94:2037125:1625:1:1829:5.18
31 90 71 41:2044599:1364:1:1830:6.17
31 90 41:2128376:1826:1:1830:4.61
31 90 41 94:2067636:1634:1:1830:5.15
31 1:3420714:3688:1:1825:2.28
31 1 88:2852444:2160:1:1826:3.89
31 1 88 79:2756028:1728:1:1828:4.87
31 1 88 79 94:2942708:1728:1:1828:4.87
31 1 88 67:2032864:1293:1:1826:6.5
31 1 88 67 71 41:2064749:874:1:1978:9.62
31 1 88 67 71 41 94:2159047:874:1:1978:9.62
31 1 88 67 71 94:2009882:970:1:1978:8.67
31 1 88 67 41:2257585:1149:1:1978:7.32
31 1 88 67 41 94:2382587:1149:1:1978:7.32
31 1 88 67 94:2172826:1293:1:1826:6.5
31 1 88 71:2495293:1456:1:1977:5.78
31 1 88 71 41:2933937:1360:1:1977:6.18
31 1 88 71 41 94:3079745:1360:1:1977:6.18
31 1 88 71 94:2650549:1456:1:1977:5.78
31 1 88 36 41:2383769:1155:1:1977:7.28
31 1 88 36 41 94:2504435:1155:1:1977:7.28
31 1 88 36 94:2126971:1217:1:1826:6.91
31 1 88 41:3540271:2016:1:1977:4.17
31 1 88 41 94:3757091:2016:1:1977:4.17
31 1 88 94:3084224:2160:1:1826:3.89
31 1 79:2690807:2232:1:1827:3.77
31 1 79 67 71 41 94:2030758:864:1:1993:9.73
31 1 79 67 41:2107730:1139:1:1993:7.38
31 1 79 67 41 94:2232500:1139:1:1993:7.38
31 1 79 67 94:2072917:1319:1:1827:6.38
31 1 79 71:2381040:1492:1:1921:5.64
31 1 79 71 41:2770022:1360:1:1993:6.18
31 1 79 71 41 94:2917288:1360:1:1993:6.18
31 1 79 71 94:2541442:1492:1:1921:5.64
31 1 79 36 41:2255394:1146:1:1993:7.34
31 1 79 36 41 94:2374420:1146:1:1993:7.34
31 1 79 36 94:2129256:1280:1:1827:6.57
31 1 79 41:3303931:2016:1:1993:4.17
31 1 79 41 94:3522209:2016:1:1993:4.17
31 1 79 94:2931775:2232:1:1827:3.77
31 1 67:2979249:2523:1:1825:3.33
31 1 67 71:3424915:2182:1:1897:3.86
31 1 67 71 36 41:2241630:994:1:1969:8.46
31 1 67 71 36 41 94:2346540:994:1:1969:8.46
31 1 67 71 36 94:2049897:1042:1:1897:8.07
31 1 67 71 41:4061749:2068:1:1969:4.07
31 1 67 71 41 94:3977302:1914:1:1969:4.39
31 1 67 71 94:3410904:2028:1:1897:4.15
31 1 67 36 41:2223254:1166:1:1969:7.21
31 1 67 36 41 94:2347248:1166:1:1969:7.21
31 1 67 36 94:2056211:1264:1:1825:6.65
31 1 67 41:3686864:2343:1:1969:3.59
31 1 67 41 94:3689912:2189:1:1969:3.84
31 1 67 94:3060317:2369:1:1825:3.55
31 1 71:3863381:2932:1:1897:2.87
31 1 71 36:2276176:1388:1:1897:6.06
31 1 71 36 41:2727924:1322:1:1969:6.36
31 1 71 36 41 94:2865874:1322:1:1969:6.36
31 1 71 36 94:2420652:1388:1:1897:6.06
31 1 71 41:4932929:2800:1:1969:3.0
31 1 71 41 94:4892367:2608:1:1969:3.23
31 1 71 94:3922027:2740:1:1897:3.07
31 1 36:2450608:1892:1:1825:4.45
31 1 36 41:3009703:1758:1:1969:4.78
31 1 36 41 94:3193427:1758:1:1969:4.78
31 1 36 94:2648370:1892:1:1825:4.45
31 1 41:4744921:3472:1:1969:2.42
31 1 41 94:4846371:3280:1:1969:2.57
31 1 94:3630926:3496:1:1825:2.41
31 88 79:2000005:1808:1:1817:4.65
31 88 79 71 41 94:2038379:1000:1:1857:8.41
31 88 79 41:2542533:1656:1:1857:5.08
31 88 79 41 94:2722127:1656:1:1857:5.08
31 88 79 94:2195531:1808:1:1817:4.65
31 88 71 41:2376438:1432:1:1833:5.87
31 88 71 41 94:2530120:1432:1:1833:5.87
31 88 71 94:2036616:1536:1:1833:5.48
31 88 36 41 94:2012797:1190:1:1836:7.07
31 88 41:2637651:2088:1:1833:4.03
31 88 41 94:2862345:2088:1:1833:4.03
31 88 94:2098469:2240:1:1817:3.76
31 79 71 41:2207984:1432:1:1849:5.87
31 79 71 41 94:2363124:1432:1:1849:5.87
31 79 41:2396772:2088:1:1849:4.03
31 79 41 94:2622924:2088:1:1849:4.03
31 67 71:2433530:2253:1:1825:3.73
31 67 71 41:3139206:2131:1:1825:3.95
31 67 71 41 94:3132825:1977:1:1825:4.25
31 67 71 94:2498557:2099:1:1825:4.01
31 67 41:2607979:2406:1:1825:3.5
31 67 41 94:2689093:2252:1:1825:3.74
31 71:2495769:3012:1:1825:2.79
31 71 36 41:2147959:1357:1:1828:6.2
31 71 36 41 94:2289467:1357:1:1828:6.2
31 71 41:3652199:2872:1:1825:2.93
31 71 41 94:3707927:2680:1:1825:3.14
31 71 94:2651677:2820:1:1825:2.98
31 36 41:2211229:1793:1:1828:4.69
31 36 41 94:2398511:1793:1:1828:4.69
31 41:3111456:3544:1:1825:2.37
31 41 94:3309196:3352:1:1825:2.51
104 88:2129291:2608:1:1817:3.23
104 88 79:2431013:2224:1:1817:3.78
104 88 79 67:2345109:1729:1:1817:4.86
104 88 79 67 71:2528532:1453:1:1817:5.79
104 88 79 67 71 94:2684538:1453:1:1817:5.79
104 88 79 67 94:2531237:1729:1:1817:4.86
104 88 79 71:2578825:1744:1:1817:4.82
104 88 79 71 94:2766397:1744:1:1817:4.82
104 88 79 94:2671085:2224:1:1817:3.78
104 88 67:2217036:2055:1:1817:4.09
104 88 67 71:2602383:1779:1:1817:4.73
104 88 67 71 94:2792969:1779:1:1817:4.73
104 88 67 94:2437744:2055:1:1817:4.09
104 88 71:2557705:2128:1:1817:3.95
104 88 71 94:2785301:2128:1:1817:3.95
104 88 94:2409387:2608:1:1817:3.23
104 79 67 71:2388974:1771:1:1817:4.75
104 79 67 71 94:2578568:1771:1:1817:4.75
104 79 67 94:2198152:2047:1:1817:4.11
104 79 71:2321626:2128:1:1817:3.95
104 79 71 94:2549764:2128:1:1817:3.95
104 79 94:2117731:2608:1:1817:3.23
104 67:2195454:3163:1:1817:2.66
104 67 71:3112885:2887:1:1817:2.91
104 67 71 94:3239978:2733:1:1817:3.08
104 67 94:2409460:3009:1:1817:2.8
104 71:2848110:3472:1:1817:2.42
104 71 94:3048722:3280:1:1817:2.57
104 94:2044776:3776:1:1817:2.23
120 90 36 38 97:2033648:1436:1:1030:5.86
120 90 36 38 97 94:2181928:1436:1:1030:5.86
120 90 36 38 94:2008417:1521:1:1030:5.53
120 90 36 97 94:2122089:1503:1:1030:5.6
120 71 36 38 97 94:2016598:1226:1:1363:6.86
120 71 36 97 94:2031009:1324:1:1359:6.35
120 71 38:2052605:2201:1:1363:3.82
120 71 38 97:2178221:1924:1:1363:4.37
120 71 38 97 94:2271402:1828:1:1363:4.6
120 71 38 94:2195014:2105:1:1363:4.0
120 71 97:2117609:2080:1:1347:4.04
120 71 97 94:2238190:1984:1:1347:4.24
120 71 94:2134281:2292:1:1347:3.67
120 36:2615121:2949:1:1027:2.85
120 36 38:2798405:2805:1:1027:3.0
120 36 38 97:3255504:2675:1:1027:3.14
120 36 38 97 94:3543582:2675:1:1027:3.14
120 36 38 94:3099743:2805:1:1027:3.0
120 36 97:3108176:2809:1:1027:3.0
120 36 97 94:3410858:2809:1:1027:3.0
120 36 94:2931919:2949:1:1027:2.85
120 38:2108114:3841:1:1026:2.19
120 38 97:2736896:3564:1:1026:2.36
120 38 97 94:3044318:3468:1:1026:2.43
120 38 94:2464764:3745:1:1026:2.25
120 97:2464640:3756:1:1026:2.24
120 97 94:2803504:3660:1:1026:2.3
120 94:2170728:3968:1:1026:2.12
90 1 88 41:2041138:1321:1:1978:6.37
90 1 88 41 94:2177694:1321:1:1978:6.37
90 1 71 41:2158360:1476:1:1974:5.7
90 1 36 41 94:2088025:1318:1:1974:6.38
90 1 41:2368167:2052:1:1974:4.1
90 1 41 94:2323977:1860:1:1974:4.52
90 88 79 41 94:2116674:1432:1:1829:5.87
90 88 79 94:2018785:1947:1:1299:4.32
90 56 36 97 94:2024689:1776:1:1542:4.74
90 24 36:2158146:2008:1:1733:4.19
90 24 36 97:2280951:1795:1:1733:4.69
90 24 36 97 94:2453038:1787:1:1733:4.71
90 24 36 94:2354645:2000:1:1733:4.21
90 36:2138988:3169:1:192:2.65
90 36 41:2348128:2156:1:1772:3.9
90 36 41 38 94:2165553:1662:1:1772:5.06
90 36 41 94:2569616:2156:1:1772:3.9
90 36 38:2029919:2579:1:1030:3.26
90 36 38 97:2332760:2353:1:1030:3.58
90 36 38 97 94:2576340:2353:1:1030:3.58
90 36 38 94:2296757:2579:1:1030:3.26
90 36 97:2453948:2783:1:528:3.02
90 36 97 94:2730837:2775:1:585:3.03
90 36 94:2457827:3161:1:192:2.66
90 41:2242766:3105:1:1772:2.71
90 41 38 94:2058084:2196:1:1772:3.83
90 41 94:2399034:2913:1:1772:2.89
1:2183661:4488:1:1825:1.87
1 88:2589013:2960:1:1826:2.84
1 88 79:2907800:2528:1:1828:3.33
1 88 79 67:2258181:1605:1:1828:5.24
1 88 79 67 94:2431643:1605:1:1828:5.24
1 88 79 36:2057978:1394:1:1828:6.03
1 88 79 36 94:2202626:1394:1:1828:6.03
1 88 79 94:3180178:2528:1:1828:3.33
1 88 67:2229982:1976:1:1826:4.26
1 88 67 71:2276041:1497:1:1978:5.62
1 88 67 71 41:2492537:1305:1:1978:6.44
1 88 67 71 41 94:2632197:1305:1:1978:6.44
1 88 67 71 94:2435683:1497:1:1978:5.62
1 88 67 41:2630148:1736:1:1978:4.85
1 88 67 41 94:2817504:1736:1:1978:4.85
1 88 67 94:2442832:1976:1:1826:4.26
1 88 71:2614449:2064:1:1977:4.08
1 88 71 41:3194689:1872:1:1977:4.49
1 88 71 41 94:3394551:1872:1:1977:4.49
1 88 71 94:2834293:2064:1:1977:4.08
1 88 36 41:2453988:1500:1:1977:5.61
1 88 36 41 94:2609414:1500:1:1977:5.61
1 88 36 94:2137434:1615:1:1826:5.21
1 88 41:3561038:2720:1:1977:3.09
1 88 41 94:3853022:2720:1:1977:3.09
1 88 94:2906491:2960:1:1826:2.84
1 79:2310765:3032:1:1827:2.77
1 79 67:2042737:2002:1:1827:4.2
1 79 67 71:2118391:1505:1:1921:5.59
1 79 67 71 41:2321322:1295:1:1993:6.49
1 79 67 71 41 94:2460750:1295:1:1993:6.49
1 79 67 71 94:2279557:1505:1:1921:5.59
1 79 67 41:2423761:1726:1:1993:4.87
1 79 67 41 94:2610885:1726:1:1993:4.87
1 79 67 94:2259183:2002:1:1827:4.2
1 79 71:2419450:2100:1:1921:4.01
1 79 71 41:2975780:1872:1:1993:4.49
1 79 71 41 94:3177100:1872:1:1993:4.49
1 79 71 94:2644440:2100:1:1921:4.01
1 79 36 41:2289928:1491:1:1993:5.64
1 79 36 41 94:2443714:1491:1:1993:5.64
1 79 36 94:2070935:1678:1:1827:5.01
1 79 41:3250255:2720:1:1993:3.09
1 79 41 94:3543697:2720:1:1993:3.09
1 79 94:2637431:3032:1:1827:2.77
1 67:2375049:3206:1:1825:2.62
1 67 71:3058306:2709:1:1897:3.11
1 67 71 36 41:2155919:1190:1:1969:7.07
1 67 71 36 41 94:2280529:1190:1:1969:7.07
1 67 71 41:3798971:2499:1:1969:3.37
1 67 71 41 94:3825478:2345:1:1969:3.59
1 67 71 94:3165783:2555:1:1897:3.29
1 67 36 41:2169740:1472:1:1969:5.71
1 67 36 41 94:2324888:1472:1:1969:5.71
1 67 41:3312217:2930:1:1969:2.87
1 67 41 94:3443211:2776:1:1969:3.03
1 67 94:2594597:3052:1:1825:2.76
1 71:3104853:3540:1:1897:2.38
1 71 36 41:2492735:1538:1:1969:5.47
1 71 36 41 94:2652067:1538:1:1969:5.47
1 71 36 94:2161548:1657:1:1897:5.08
1 71 41:4368649:3312:1:1969:2.54
1 71 41 94:4464301:3120:1:1969:2.7
1 71 94:3310247:3348:1:1897:2.51
1 36 41:2683553:2103:1:1969:4.0
1 36 41 94:2902037:2103:1:1969:4.0
1 36 94:2213500:2290:1:1825:3.67
1 41:3861134:4176:1:1969:2.01
1 41 94:4119908:3984:1:1969:2.11
1 94:2561731:4296:1:1825:1.96
88 79:2498037:3776:1:1297:2.23
88 79 67:2273505:2466:1:1297:3.41
88 79 67 71:2383596:1817:1:1345:4.63
88 79 67 71 38 94:2026141:1334:1:1361:6.3
88 79 67 71 94:2579210:1817:1:1345:4.63
88 79 67 41:2008886:1554:1:1828:5.41
88 79 67 41 94:2177592:1554:1:1828:5.41
88 79 67 97:2068479:1880:1:1297:4.47
88 79 67 97 94:2272609:1880:1:1297:4.47
88 79 67 94:2540517:2466:1:1297:3.41
88 79 56 97 94:2002466:1788:1:1570:4.7
88 79 71:2648463:2520:1:1345:3.34
88 79 71 41:2453053:1656:1:1828:5.08
88 79 71 41 94:2632087:1656:1:1828:5.08
88 79 71 38 94:2077099:1649:1:1361:5.1
88 79 71 97:2049263:1751:1:1345:4.8
88 79 71 97 94:2239437:1751:1:1345:4.8
88 79 71 94:2921113:2520:1:1345:3.34
88 79 24:2411542:2080:1:1729:4.04
88 79 24 97:2105478:1563:1:1729:5.38
88 79 24 97 94:2274242:1563:1:1729:5.38
88 79 24 94:2637914:2080:1:1729:4.04
88 79 36:2117875:2122:1:1302:3.96
88 79 36 41:2125240:1508:1:1828:5.58
88 79 36 41 94:2281978:1508:1:1828:5.58
88 79 36 97:2033352:1701:1:1302:4.94
88 79 36 97 94:2210808:1701:1:1302:4.94
88 79 36 94:2338745:2122:1:1302:3.96
88 79 41:2889190:2648:1:1828:3.18
88 79 41 94:3175472:2648:1:1828:3.18
88 79 97:2418231:2863:1:1297:2.94
88 79 97 94:2728425:2863:1:1297:2.94
88 79 94:2906971:3776:1:1297:2.23
88 67 71:2375228:2296:1:1345:3.66
88 67 71 41:2018728:1432:1:1826:5.87
88 67 71 41 94:2172628:1432:1:1826:5.87
88 67 71 38:2057269:1812:1:1361:4.64
88 67 71 38 94:2251001:1812:1:1361:4.64
88 67 71 97 94:2076557:1644:1:1345:5.12
88 67 71 94:2621900:2296:1:1345:3.66
88 67 41 94:2174959:1925:1:1826:4.37
88 67 97 94:2177008:2343:1:1297:3.59
88 67 94:2296754:3053:1:1297:2.76
88 56 36 97 94:2135312:1723:1:1546:4.88
88 56 97 94:2101911:2494:1:1546:3.37
88 71:2448733:3168:1:1345:2.66
88 71 36 94:2084168:1711:1:1350:4.92
88 71 41:2524751:2088:1:1826:4.03
88 71 41 94:2748885:2088:1:1826:4.03
88 71 38 94:2244977:2292:1:1361:3.67
88 71 97 94:2241886:2241:1:1345:3.75
88 71 94:2789773:3168:1:1345:2.66
88 24:2214567:2512:1:1729:3.35
88 24 36:2054220:1672:1:1730:5.03
88 24 36 97 94:2114079:1371:1:1730:6.13
88 24 36 94:2231714:1672:1:1730:5.03
88 24 97:2096393:1956:1:1729:4.3
88 24 97 94:2308511:1956:1:1729:4.3
88 24 94:2488125:2512:1:1729:3.35
88 36:2114288:2775:1:1302:3.03
88 36 41:2000001:1729:1:1826:4.86
88 36 41 94:2179609:1729:1:1826:4.86
88 36 97:2163201:2252:1:1302:3.74
88 36 97 94:2400261:2252:1:1302:3.74
88 36 94:2405214:2775:1:1302:3.03
88 41:2519145:3080:1:1826:2.73
88 41 94:2850527:3080:1:1826:2.73
88 97:2026333:3569:1:1297:2.36
88 97 94:2412139:3569:1:1297:2.36
88 94:2285898:4640:1:1297:1.81
79 67 71:2123391:2304:1:1345:3.65
79 67 71 38 94:2049235:1803:1:1361:4.67
79 67 71 97 94:2092025:1733:1:1345:4.85
79 67 71 94:2371263:2304:1:1345:3.65
79 67 97 94:2100372:2450:1:1297:3.43
79 56 36 97 94:2072605:1781:1:1561:4.72
79 71:2122284:3204:1:1345:2.63
79 71 41:2285168:2088:1:1827:4.03
79 71 41 94:2510760:2088:1:1827:4.03
79 71 38 94:2022604:2297:1:1361:3.66
79 71 97:2006731:2387:1:1345:3.52
79 71 97 94:2264365:2387:1:1345:3.52
79 71 94:2468386:3204:1:1345:2.63
79 24:2025949:2616:1:1729:3.22
79 24 36:2028587:1776:1:1730:4.74
79 24 36 97:2083056:1514:1:1730:5.56
79 24 36 97 94:2244244:1514:1:1730:5.56
79 24 36 94:2217491:1776:1:1730:4.74
79 24 97:2082730:2099:1:1729:4.01
79 24 97 94:2310090:2099:1:1729:4.01
79 24 94:2310917:2616:1:1729:3.22
79 36 97:2154159:2414:1:1302:3.48
79 36 97 94:2407153:2414:1:1302:3.48
79 36 94:2217851:2870:1:1302:2.93
79 41:2170615:3080:1:1827:2.73
79 41 94:2503455:3080:1:1827:2.73
79 97 94:2263887:3783:1:1297:2.22
67 56 71 97:2038194:2040:1:1537:4.12
67 56 71 97 94:2261684:2040:1:1537:4.12
67 56 71 94:2060519:2250:1:1537:3.74
67 56 36 97 94:2081533:1804:1:1537:4.66
67 56 97 94:2048286:2751:1:1537:3.06
67 71:2405083:3724:1:1345:2.26
67 71 36 38 94:2028965:1686:1:1361:4.99
67 71 36 97 94:2027451:1581:1:1350:5.32
67 71 36 94:2132893:1952:1:1350:4.31
67 71 41:2699388:2626:1:1825:3.2
67 71 41 94:2811199:2472:1:1825:3.4
67 71 38:2430372:3222:1:1361:2.61
67 71 38 97:2513231:2652:1:1361:3.17
67 71 38 97 94:2636032:2498:1:1361:3.37
67 71 38 94:2648611:3068:1:1361:2.74
67 71 97:2488509:2986:1:1345:2.82
67 71 97 94:2663728:2832:1:1345:2.97
67 71 94:2694188:3570:1:1345:2.36
67 36 38 97 94:2172714:1977:1:1313:4.25
67 36 38 94:2005190:2277:1:1313:3.69
67 36 97:2047750:2333:1:1302:3.61
67 36 97 94:2294298:2333:1:1302:3.61
67 36 94:2090835:2733:1:1302:3.08
67 41 94:2222793:2965:1:1825:2.84
67 38 97 94:2214994:3196:1:1313:2.63
67 97 94:2186216:3765:1:1297:2.23
56 71 36 97:2100442:1855:1:1537:4.53
56 71 36 97 94:2296642:1855:1:1537:4.53
56 71 36 94:2118741:2029:1:1537:4.15
56 71 97:2230895:2990:1:1537:2.81
56 71 97 94:2558515:2990:1:1537:2.81
56 71 94:2217226:3344:1:1537:2.52
56 36 97:2517523:3103:1:1537:2.71
56 36 97 94:2848975:3103:1:1537:2.71
56 36 94:2297794:3277:1:1537:2.57
56 97 94:2219430:4510:1:1537:1.87
71 36:2108020:2770:1:1350:3.04
71 36 41 94:2066971:1661:1:1825:5.06
71 36 38 97:2020644:1893:1:1361:4.44
71 36 38 97 94:2219856:1893:1:1361:4.44
71 36 38 94:2195875:2252:1:1361:3.74
71 36 97:2154879:2259:1:1350:3.72
71 36 97 94:2392847:2259:1:1350:3.72
71 36 94:2399590:2770:1:1350:3.04
71 41:2919760:3528:1:1825:2.38
71 41 94:3128100:3336:1:1825:2.52
71 38:2071895:4164:1:1361:2.02
71 38 97:2400707:3465:1:1361:2.43
71 38 97 94:2626539:3273:1:1361:2.57
71 38 94:2415121:3972:1:1361:2.12
71 97:2334749:4053:1:1345:2.08
71 97 94:2644855:3861:1:1345:2.18
71 94:2432432:4884:1:1345:1.72
24:2502279:5040:1:1729:1.67
24 36:3504159:3761:1:1730:2.24
24 36 97:3981774:3431:1:1730:2.45
24 36 97 94:4344273:3423:1:1730:2.46
24 36 94:3903378:3753:1:1730:2.24
24 97:3163251:4420:1:1729:1.9
24 97 94:3483402:4220:1:1729:1.99
24 94:2935482:4840:1:1729:1.74
36:2331036:5455:1:192:1.54
36 41:2820903:3433:1:1769:2.45
36 41 38:2452639:2626:1:1769:3.2
36 41 38 94:2729789:2626:1:1769:3.2
36 41 94:3183081:3433:1:1769:2.45
36 38:2428351:4469:1:1027:1.88
36 38 97:3123725:4081:1:1027:2.06
36 38 97 94:3561201:4081:1:1027:2.06
36 38 94:2906517:4469:1:1027:1.88
36 97:3141029:4828:1:528:1.74
36 97 94:3650138:4820:1:584:1.75
36 94:2908137:5447:1:192:1.54
41:2569768:5880:1:1769:1.43
41 38:2501202:4556:1:1769:1.85
41 38 94:2871458:4364:1:1769:1.93
41 94:3104452:5688:1:1769:1.48
38 97 94:2567594:5849:1:1026:1.44
97 94:2278716:6985:1:584:1.2
