648:3018726:6123:1:1638:161.66
88 87 27:3108641:2584:1:2620:382.98
88 87 7:3587979:3002:1:2707:329.67
37 28 32:3101874:3331:1:2390:297.12
37 28 32 27:3953833:2690:1:2712:367.89
37 28 32 27 7:4842840:2419:1:2828:409.09
37 28 32 7:4430255:3022:1:2676:327.49
37 28 27 7:3783108:2420:1:2828:408.92
37 28 7:3102332:3024:1:2676:327.27
37 32:3053144:3487:1:2095:283.83
37 32 27:3989050:2817:1:2712:351.31
37 32 27 7:4938384:2535:1:2828:390.38
37 32 7:4459192:3163:1:2211:312.9
37 27 7:4028138:2668:1:2671:370.93
37 7:3258286:3357:1:2083:294.82
879 27:3236773:3148:1:2483:314.39
879 27 7:4382958:2806:1:2932:352.69
879 7:3484628:3395:1:2932:291.52
400 27 7:3214678:2733:1:2688:362.11
212 27 7:3521956:2732:1:2993:362.24
1960 205 27:3146038:2879:1:2831:343.75
2817 27 7:3167888:2562:1:2960:386.27
1138 27 7:3950576:2644:1:2891:374.29
1138 7:3487566:3596:1:2400:275.23
211 87 27:4103481:3303:1:2631:299.64
211 87 7:4697797:3774:1:2156:262.25
211 27:3361056:3467:1:2631:285.47
211 7:3825594:3938:1:1988:251.33
276 897:3016246:4232:1:2054:233.88
276 897 27:4175396:3326:1:2721:297.57
276 897 7:4783249:3839:1:2199:257.81
276 27:3828810:3522:1:2651:281.01
276 7:4329950:4010:1:2199:246.82
1052 205 27:3273348:3328:1:2237:297.39
1507 205 7:3036510:3060:1:2946:323.42
2 3:3054644:5499:1:1799:180.0
2 11 6:3305672:4978:1:1894:198.84
2 6:3228416:8233:1:1021:120.23
73:7165074:18749:1:591:52.8
73 3:6031731:8441:1:1001:117.27
73 3 6:4393070:5002:1:1744:197.88
73 11:4474755:6857:1:1166:144.36
73 11 6:4853514:5914:1:1494:167.37
73 6:6036767:11034:1:860:89.71
334 333 332 330 331:3161148:2626:1:2490:376.86
334 333 332 330 331 339:3963187:2586:1:2490:382.68
334 333 332 330 331 339 338:4950237:2583:1:2490:383.13
334 333 332 330 331 339 338 324:5436509:2551:1:2577:387.93
334 333 332 330 331 339 324:4459828:2552:1:2577:387.78
334 333 332 330 331 338:4120882:2597:1:2490:381.06
334 333 332 330 331 338 324:4608319:2555:1:2577:387.32
334 333 332 330 331 324:3640117:2563:1:2577:386.12
334 333 332 330 339:3269038:2595:1:2490:381.36
334 333 332 330 339 338:4260227:2592:1:2490:381.8
334 333 332 330 339 338 324:4756237:2560:1:2577:386.57
334 333 332 330 339 324:3776297:2561:1:2577:386.42
334 333 332 330 338:3425287:2606:1:2490:379.75
334 333 332 330 338 324:3924382:2564:1:2577:385.97
334 333 332 331 339:3420716:2715:1:2490:364.51
334 333 332 331 339 338:4460804:2712:1:2490:364.91
334 333 332 331 339 338 324:4982665:2680:1:2490:369.27
334 333 332 331 339 324:3953521:2681:1:2490:369.13
334 333 332 331 338:3587116:2727:1:2490:362.9
334 333 332 331 338 324:4111518:2684:1:2490:368.72
334 333 332 331 324:3091948:2694:1:2490:367.35
334 333 332 339 338:3755922:2741:1:2490:361.05
334 333 332 339 338 324:4290379:2708:1:2490:365.45
334 333 332 339 324:3250654:2709:1:2490:365.31
334 333 332 338 324:3409321:2712:1:2490:364.91
334 333 330 331 339 338:3864765:2609:1:2457:379.31
334 333 330 331 339 338 324:4369441:2577:1:2577:384.02
334 333 330 331 339 324:3383039:2578:1:2577:383.87
334 333 330 331 338:3022906:2623:1:2457:377.29
334 333 330 331 338 324:3532659:2581:1:2577:383.42
334 333 330 339 338:3164981:2620:1:2457:377.72
334 333 330 339 338 324:3679687:2588:1:2577:382.39
334 333 331 339 338:3317841:2745:1:2457:360.53
334 333 331 339 338 324:3859714:2713:1:2457:364.78
334 333 339 338 324:3173526:2767:1:2457:357.66
334 329 339 338:3057039:2531:1:2692:391.0
334 329 339 338 324:3553351:2501:1:2692:395.68
334 332 330 331 339:3582648:2620:1:2490:377.72
334 332 330 331 339 338:4584508:2617:1:2490:378.15
334 332 330 331 339 338 324:5085248:2585:1:2490:382.83
334 332 330 331 339 324:4094231:2586:1:2490:382.68
334 332 330 331 338:3741692:2631:1:2490:376.14
334 332 330 331 338 324:4245139:2589:1:2490:382.24
334 332 330 331 324:3262795:2598:1:2490:380.92
334 332 330 339 338:3887828:2629:1:2490:376.43
334 332 330 339 338 324:4398846:2597:1:2490:381.06
334 332 330 339 324:3403408:2598:1:2490:380.92
334 332 330 338:3038689:2643:1:2490:374.43
334 332 330 338 324:3554334:2601:1:2490:380.48
334 332 331 339:3023073:2761:1:2490:358.44
334 332 331 339 338:4081695:2758:1:2490:358.83
334 332 331 339 338 324:4620888:2726:1:2490:363.04
334 332 331 339 324:3573684:2727:1:2490:362.9
334 332 331 338:3190790:2773:1:2490:356.89
334 332 331 338 324:3734342:2730:1:2490:362.51
334 332 339 338:3361720:2790:1:2490:354.71
334 332 339 338 324:3914136:2757:1:2490:358.96
334 332 338 324:3016941:2761:1:2490:358.44
334 330 331 339 338:3502694:2660:1:2457:372.04
334 330 331 339 338 324:4025566:2628:1:2457:376.57
334 330 331 339 324:3017415:2629:1:2457:376.43
334 330 331 338 324:3172455:2632:1:2457:376.0
334 330 339 338 324:3331853:2649:1:2457:373.59
334 331 339 338 324:3521836:2799:1:2457:353.57
294:8829430:32247:1:310:30.7
294 3:9057313:14973:1:691:66.11
294 3 11:4547692:5180:1:2092:191.08
294 3 11 6:4605634:4436:1:2784:223.12
294 3 6:6659646:8692:1:981:113.88
294 11:6011050:10982:1:767:90.14
294 11 6:6702657:9420:1:907:105.08
294 6:8030883:18349:1:487:53.95
333 329 332 330:3460867:2628:1:2490:376.57
333 329 332 330 331:4156884:2615:1:2490:378.44
333 329 332 330 331 339:4937958:2575:1:2490:384.32
333 329 332 330 331 339 338:5914847:2572:1:2490:384.77
333 329 332 330 331 339 338 324:6383094:2540:1:2490:389.61
333 329 332 330 331 339 324:5414731:2541:1:2490:389.46
333 329 332 330 331 338:5093500:2585:1:2490:382.83
333 329 332 330 331 338 324:5559497:2544:1:2490:389.0
333 329 332 330 331 324:4598295:2550:1:2490:388.08
333 329 332 330 339:4248509:2583:1:2490:383.13
333 329 332 330 339 338:5228893:2580:1:2490:383.57
333 329 332 330 339 338 324:5706774:2548:1:2490:388.39
333 329 332 330 339 324:4735796:2549:1:2490:388.24
333 329 332 330 338:4402558:2593:1:2490:381.65
333 329 332 330 338 324:4879674:2552:1:2490:387.78
333 329 332 330 324:3918879:2561:1:2490:386.42
333 329 332 331:3479613:2647:1:2490:373.87
333 329 332 331 339:4273527:2602:1:2490:380.33
333 329 332 331 339 338:5262728:2599:1:2490:380.77
333 329 332 331 339 338 324:5745952:2567:1:2490:385.51
333 329 332 331 339 324:4765852:2568:1:2490:385.36
333 329 332 331 338:4430033:2612:1:2490:378.88
333 329 332 331 338 324:4913562:2571:1:2490:384.92
333 329 332 331 324:3941171:2578:1:2490:383.87
333 329 332 339:3574577:2611:1:2490:379.02
333 329 332 339 338:4567525:2608:1:2490:379.46
333 329 332 339 338 324:5060459:2576:1:2490:384.17
333 329 332 339 324:4077492:2577:1:2490:384.02
333 329 332 338:3729734:2621:1:2490:377.58
333 329 332 338 324:4224458:2580:1:2490:383.57
333 329 332 324:3252256:2591:1:2490:381.95
333 329 330 331:3053472:2640:1:2457:374.86
333 329 330 331 339:3856825:2599:1:2457:380.77
333 329 330 331 339 338:4843548:2596:1:2457:381.21
333 329 330 331 339 338 324:5329519:2564:1:2462:385.97
333 329 330 331 339 324:4352562:2565:1:2462:385.82
333 329 330 331 338:4011179:2609:1:2457:379.31
333 329 330 331 338 324:4498500:2568:1:2462:385.36
333 329 330 331 324:3527843:2575:1:2462:384.32
333 329 330 339:3159960:2610:1:2457:379.17
333 329 330 339 338:4151473:2607:1:2457:379.6
333 329 330 339 338 324:4645232:2574:1:2462:384.47
333 329 330 339 324:3664925:2575:1:2462:384.32
333 329 330 338:3312928:2620:1:2457:377.72
333 329 330 338 324:3810044:2578:1:2462:383.87
333 329 331 339:3180314:2632:1:2457:376.0
333 329 331 339 338:4179025:2628:1:2457:376.57
333 329 331 339 338 324:4680981:2596:1:2462:381.21
333 329 331 339 324:3691034:2597:1:2462:381.06
333 329 331 338:3335031:2642:1:2457:374.58
333 329 331 338 324:3841228:2601:1:2462:380.48
333 329 339 338:3483904:2648:1:2457:373.73
333 329 339 338 324:3996052:2615:1:2462:378.44
333 329 338 324:3149386:2620:1:2462:377.72
333 332 330 331:3223999:2802:1:2490:353.19
333 332 330 331 339:4076698:2758:1:2490:358.83
333 332 330 331 339 338:5125816:2755:1:2490:359.22
333 332 330 331 339 338 324:5647595:2721:1:2490:363.7
333 332 330 331 339 324:4609492:2722:1:2490:363.57
333 332 330 331 338:4242120:2769:1:2490:357.4
333 332 330 331 338 324:4766152:2725:1:2490:363.17
333 332 330 331 324:3737308:2734:1:2490:361.98
333 332 330 339:3333348:2768:1:2490:357.53
333 332 330 339 338:4387109:2765:1:2490:357.92
333 332 330 339 338 324:4919365:2731:1:2490:362.37
333 332 330 339 324:3877499:2732:1:2490:362.24
333 332 330 338:3497570:2779:1:2490:356.12
333 332 330 338 324:4033999:2735:1:2490:361.84
333 332 330 324:3002428:2747:1:2490:360.26
333 332 331 339:3512533:2915:1:2490:339.51
333 332 331 339 338:4626029:2912:1:2490:339.86
333 332 331 339 338 324:5190050:2878:1:2490:343.87
333 332 331 339 324:4088144:2879:1:2490:343.75
333 332 331 338:3689891:2927:1:2490:338.12
333 332 331 338 324:4257592:2882:1:2490:343.39
333 332 331 324:3167261:2894:1:2490:341.97
333 332 339 338:3863143:2942:1:2490:336.39
333 332 339 338 324:4440568:2907:1:2490:340.44
333 332 339 324:3327577:2908:1:2490:340.32
333 332 338 324:3497941:2911:1:2490:339.97
333 330 331 339 338:3978379:2792:1:2457:354.46
333 330 331 339 338 324:4521906:2758:1:2462:358.83
333 330 331 339 324:3470897:2759:1:2462:358.7
333 330 331 338:3078441:2806:1:2457:352.69
333 330 331 338 324:3628133:2762:1:2462:358.31
333 330 339 338:3230478:2807:1:2457:352.56
333 330 339 338 324:3783704:2772:1:2462:357.01
333 331 339 338:3419571:2970:1:2457:333.22
333 331 339 338 324:4010316:2936:1:2457:337.08
333 331 338 324:3059671:2941:1:2457:336.51
333 339 338 324:3274282:3006:1:2457:329.23
329 332 330:3191798:2768:1:2314:357.53
329 332 330 331:3929060:2754:1:2314:359.35
329 332 330 331 339:4755893:2710:1:2490:365.18
329 332 330 331 339 338:5788192:2707:1:2490:365.58
329 332 330 331 339 338 324:6284932:2673:1:2490:370.23
329 332 330 331 339 324:5262662:2674:1:2490:370.09
329 332 330 331 338:4918863:2720:1:2490:363.84
329 332 330 331 338 324:5415522:2677:1:2490:369.68
329 332 330 331 324:4405366:2686:1:2314:368.44
329 332 330 339:4026299:2718:1:2490:364.11
329 332 330 339 338:5062093:2715:1:2490:364.51
329 332 330 339 338 324:5569107:2681:1:2490:369.13
329 332 330 339 324:4544222:2682:1:2490:368.99
329 332 330 338:4187776:2728:1:2490:362.77
329 332 330 338 324:4696194:2685:1:2490:368.58
329 332 330 324:3685087:2697:1:2314:366.94
329 332 331:3215311:2791:1:2314:354.59
329 332 331 339:4056223:2741:1:2490:361.05
329 332 331 339 338:5101429:2738:1:2490:361.45
329 332 331 339 338 324:5614903:2704:1:2490:365.99
329 332 331 339 324:4580301:2705:1:2490:365.85
329 332 331 338:4219828:2751:1:2490:359.74
329 332 331 338 324:4735776:2708:1:2490:365.45
329 332 331 324:3712976:2718:1:2314:364.11
329 332 339:3318114:2752:1:2490:359.61
329 332 339 338:4367956:2749:1:2490:360.0
329 332 339 338 324:4892100:2715:1:2490:364.51
329 332 339 324:3853742:2716:1:2490:364.37
329 332 338:3480473:2762:1:2490:358.31
329 332 338 324:4008576:2719:1:2490:363.97
329 330 331 339:3800126:2882:1:2226:343.39
329 330 331 339 338:4902249:2879:1:2226:343.75
329 330 331 339 338 324:5448573:2844:1:2226:347.98
329 330 331 339 324:4358321:2845:1:2226:347.86
329 330 331 338:3976857:2893:1:2226:342.09
329 330 331 338 324:4527088:2849:1:2226:347.37
329 330 331 324:3446931:2860:1:2197:346.03
329 330 339:3119372:2984:1:2226:331.66
329 330 339 338:4261166:2981:1:2226:331.99
329 330 339 338 324:4833454:2943:1:2226:336.28
329 330 339 338 324 6:4002625:2293:1:2908:431.56
329 330 339 338 6:3556700:2313:1:2908:427.83
329 330 339 324:3705573:2944:1:2226:336.16
329 330 339 324 6:3171214:2293:1:2908:431.56
329 330 338:3302179:2996:1:2226:330.33
329 330 338 324:3879971:2948:1:2226:335.71
329 330 338 324 6:3260123:2298:1:2778:430.62
329 331 339:3060655:2934:1:2197:337.31
329 331 339 338:4180552:2930:1:2197:337.77
329 331 339 338 324:4747948:2895:1:2197:341.85
329 331 339 324:3639148:2896:1:2197:341.73
329 331 338:3237196:2945:1:2197:336.05
329 331 338 324:3811390:2901:1:2197:341.14
329 339 338:3633534:3159:1:2128:313.29
329 339 338 324:4255061:3120:1:2128:317.21
329 339 338 324 6:3597102:2451:1:2778:403.75
329 339 338 6:3110832:2472:1:2778:400.32
329 339 324:3063020:3121:1:2128:317.11
329 338 324:3248307:3126:1:2109:316.6
332 330 331 339:3851618:2928:1:2490:338.0
332 330 331 339 338:4969152:2925:1:2490:338.35
332 330 331 339 338 324:5527014:2888:1:2490:342.68
332 330 331 339 324:4422194:2889:1:2490:342.56
332 330 331 338:4025327:2939:1:2490:336.74
332 330 331 338 324:4588232:2892:1:2490:342.21
332 330 331 324:3496908:2905:1:2314:340.68
332 330 339:3066268:2946:1:2490:335.94
332 330 339 338:4191959:2943:1:2490:336.28
332 330 339 338 324:4763150:2906:1:2490:340.56
332 330 339 324:3651053:2907:1:2490:340.44
332 330 338:3239177:2957:1:2490:334.69
332 330 338 324:3817331:2910:1:2490:340.09
332 331 339:3265143:3132:1:2490:315.99
332 331 339 338:4463904:3129:1:2490:316.29
332 331 339 338 324:5075656:3092:1:2490:320.08
332 331 339 324:3890184:3093:1:2490:319.97
332 331 338:3452265:3144:1:2490:314.79
332 331 338 324:4070763:3096:1:2490:319.66
332 339 338:3661556:3182:1:2314:311.03
332 339 338 324:4291396:3143:1:2490:314.89
332 339 324:3085648:3144:1:2490:314.79
332 338 324:3268774:3147:1:2490:314.49
662 136:3684636:7442:1:1034:133.01
662 136 11:4068878:5343:1:1372:185.25
662 136 11 6:4580989:4959:1:1372:199.6
662 136 6:4251429:6459:1:1288:153.25
662 11 6:3187196:5365:1:1291:184.5
330 331 339 338:3978666:3152:1:2226:313.99
330 331 339 338 324:4599176:3114:1:2226:317.82
330 331 339 324:3404611:3115:1:2226:317.72
330 331 338 324:3589003:3119:1:2226:317.31
330 339 338:3259938:3301:1:2226:299.82
330 339 338 324:3918487:3259:1:2226:303.68
330 339 338 324 6:3460923:2581:1:2908:383.42
331 339 338:3451955:3497:1:2128:283.02
331 339 338 324:4157378:3458:1:2128:286.21
331 338 324:3036834:3464:1:2098:285.71
492 11:3186028:4912:1:2478:201.51
492 11 6:3703401:4559:1:2478:217.11
492 6:3188383:5814:1:1562:170.25
1956:3275240:5932:1:1864:166.86
1956 205:3990736:5176:1:1864:191.23
1956 205 27:5659120:4317:1:1864:229.27
1956 205 27 7:5893592:3204:1:2719:308.89
1956 205 27 11:4472566:2840:1:2564:348.47
1956 205 7:4987620:3805:1:2198:260.12
1956 205 11:3459608:3351:1:2461:295.35
1956 27:5059520:4638:1:1864:213.41
1956 27 7:5417640:3340:1:2719:296.32
1956 27 11:4127405:3046:1:2564:324.91
1956 7:4365550:3990:1:2198:248.06
1956 11:3053395:3739:1:2461:264.71
678 11:3218648:4202:1:1928:235.55
678 11 6:3651314:3936:1:2151:251.46
678 6:3346212:5066:1:2151:195.38
568 11 6:3049215:4318:1:2120:229.22
633 11 6:3462421:4558:1:2103:217.15
1770 7:3227270:2944:1:2768:336.16
86:4306455:8800:1:1134:112.49
86 85:7794132:7506:1:1490:131.88
86 85 87:3775969:2876:1:2736:344.11
86 85 83:7997668:6358:1:1490:155.69
86 85 83 7:10092932:5664:1:1490:174.76
86 85 27:5135474:3618:1:2206:273.56
86 85 7:10186384:6566:1:1490:150.75
86 83:4601398:6501:1:1490:152.26
86 83 7:7195714:5759:1:1490:171.88
86 27:3303033:3791:1:2206:261.08
86 7:6937561:6785:1:1490:145.89
934 27 7:4630625:4158:1:2018:238.04
934 7:3531742:5970:1:1673:165.8
494:3265168:7507:1:1133:131.86
494 11:3746335:5319:1:1530:186.09
494 11 6:4286588:4935:1:1530:200.57
494 6:3788296:6329:1:1307:156.4
321 27:5264442:6877:1:1392:143.94
321 27 7:7666412:5929:1:1392:166.95
321 27 7 6:5538495:3940:1:2652:251.21
321 27 11:3257033:3279:1:2023:301.83
321 27 6:4261309:4595:1:2652:215.41
321 7:5786880:7695:1:1068:128.64
321 7 6:4420586:5109:1:2637:193.74
85:4826150:8801:1:1077:112.47
85 87 7:3481950:2674:1:2726:370.09
85 83:5269274:6853:1:1290:144.44
85 83 27:3854202:3229:1:2851:306.5
85 83 7:7691518:6032:1:1392:164.1
85 27:4357400:4283:1:2206:231.09
85 7:7692280:7369:1:1267:134.33
85 7 11:3349235:3044:1:2644:325.12
339 338:3361898:4736:1:2128:208.99
339 338 324:4339626:4677:1:2128:211.63
339 338 324 11:4385411:3695:1:2156:267.86
339 338 324 11 6:4274391:3203:1:2156:308.99
339 338 324 6:4151912:3865:1:2128:256.08
339 338 11:3613340:3729:1:2156:265.42
339 338 11 6:3609214:3225:1:2156:306.88
339 338 6:3355440:3906:1:2128:253.39
339 324 11 6:3096355:3205:1:2156:308.8
506 11:3028495:5607:1:1577:176.53
506 11 6:3659335:5199:1:1583:190.39
338 324 11:3183241:3706:1:1980:267.06
338 324 11 6:3234099:3213:1:2137:308.03
378 11:3756853:7666:1:1303:129.13
378 11 6:4658665:7128:1:1303:138.87
378 6:3802876:9897:1:949:100.02
916:3455494:8989:1:1008:110.12
916 11:4309975:6638:1:1262:149.12
916 11 6:5082973:6250:1:1262:158.37
916 6:4323792:7898:1:1156:125.33
640 11:3099690:5730:1:1791:172.75
640 11 6:3741606:5311:1:1791:186.37
640 6:3272419:7458:1:1092:132.73
12:3227440:5868:1:1455:168.68
12 11:3503660:4307:1:2263:229.81
12 11 6:3863463:3958:1:2416:250.06
12 6:3593481:5034:1:1731:196.62
28 32:4768850:9569:1:997:103.45
28 32 897 7:3249519:2726:1:2621:363.04
28 32 87:3050949:3975:1:1934:248.99
28 32 87 27:4118423:3177:1:2933:311.52
28 32 87 7:4611212:3574:1:1934:276.92
28 32 27:7325798:7071:1:1171:139.99
28 32 27 7:9969510:6363:1:1837:155.56
28 32 27 7 11:7164570:4018:1:2205:246.33
28 32 27 11:5632650:4354:1:2205:227.33
28 32 27 6:4030621:3555:1:2164:278.4
28 32 7:8974480:8659:1:997:114.32
28 32 7 3:3760966:2873:1:2892:344.47
28 32 7 11:6702678:5345:1:1518:185.19
28 32 7 6:4667809:4321:1:2271:229.06
28 32 11:4390221:5803:1:1518:170.57
28 87 7:3057479:3595:1:1934:275.31
28 27:4243371:7146:1:1171:138.52
28 27 7:7209962:6415:1:1837:154.3
28 27 7 11:5451575:4053:1:2205:244.2
28 27 11:3766492:4399:1:2205:225.0
28 7:5182382:8745:1:997:113.19
28 7 11:4394554:5396:1:1518:183.44
28 7 6:3060975:4379:1:2271:226.03
45 11 6:3156671:4482:1:1641:220.83
584 11 6:3072312:4351:1:2283:227.48
667 11:3208647:7444:1:1022:132.98
667 11 6:4120346:6915:1:1022:143.15
32:4911480:11069:1:760:89.43
32 897 7:3329010:2933:1:2621:337.42
32 87:3019302:4231:1:1934:233.93
32 87 27:4190096:3371:1:2200:293.59
32 87 7:4698630:3803:1:1934:260.25
32 27:7535400:7680:1:1171:128.89
32 27 7:10413668:6889:1:1837:143.69
32 27 7 11:7530375:4360:1:2134:227.01
32 27 3:3076968:2440:1:2892:405.57
32 27 11:5854315:4733:1:2084:209.13
32 27 6:4186503:3885:1:2164:254.76
32 7:9240104:9425:1:997:105.03
32 7 3:3912190:3130:1:2892:316.19
32 7 11:6993316:5836:1:1388:169.61
32 7 6:4853253:4737:1:2271:208.95
32 11:4573277:6526:1:1385:151.68
582 11 6:3030252:3312:1:2817:298.82
582 6:3148614:4795:1:1938:206.42
1019 11 6:3214122:3316:1:2257:298.46
1019 6:3323897:4668:1:2137:212.04
775 6:3058911:4663:1:2048:212.26
358:3012885:6131:1:1769:161.45
358 11:3002365:4012:1:2073:246.7
358 11 6:3437403:3757:1:2171:263.44
358 6:3551343:5405:1:1954:183.13
644:4296429:8673:1:973:114.13
644 64:4194336:4758:1:1771:208.03
644 64 11:3791406:3294:1:2570:300.46
644 64 11 6:3979097:3029:1:2924:326.73
644 64 6:4242776:4051:1:2323:244.32
644 11:4322545:5661:1:1421:174.85
644 11 6:4821133:5203:1:1963:190.24
644 6:4711359:7129:1:1221:138.85
1838 1644:3396910:3463:1:2426:285.8
1838 1644 6:3527492:3092:1:2426:320.08
1838 11:3067063:4399:1:2105:225.0
1838 11 6:3530020:4098:1:2105:241.52
1838 6:3427282:5694:1:1387:173.84
737:6773312:17645:1:818:56.1
737 7:3305732:3562:1:2221:277.86
737 1:3013663:6091:1:1498:162.51
737 1 11:3153678:4139:1:2346:239.13
737 1 11 6:3506015:3782:1:2654:261.7
737 1 6:3333008:5064:1:1716:195.46
737 3:4984891:7024:1:1251:140.93
737 3 11:4439296:4521:1:1894:218.93
737 3 11 6:4853208:4231:1:1894:233.93
737 3 6:5044131:5773:1:1395:171.46
737 11:7431688:11353:1:846:87.19
737 11 6:8589895:10487:1:846:94.39
737 6:7825742:14300:1:818:69.23
491 11 6:3228893:4602:1:1858:215.08
531 11:3290349:5081:1:1466:194.81
531 11 6:3808230:4690:1:1597:211.04
531 6:3326087:6080:1:1466:162.8
670 64 11:3071537:3746:1:2456:264.21
670 64 11 6:3415826:3464:1:2456:285.71
670 64 6:3294540:4605:1:1732:214.94
670 11 6:3305333:5528:1:1671:179.06
255 148 218 11:3258030:5198:1:1730:190.42
255 148 218 11 6:3871581:4898:1:1927:202.08
255 148 218 6:3837557:6986:1:1860:141.69
255 148 11 6:3607638:4904:1:1927:201.84
255 148 6:3456564:6994:1:1860:141.53
278:5518460:20114:1:590:49.22
278 87 27:3189245:2950:1:2277:335.48
278 87 27 7:4072665:2547:1:2446:388.54
278 87 7:3256170:3039:1:2446:325.66
278 205 27:3727456:3607:1:2278:274.39
278 205 27 7:4218334:2703:1:2453:366.13
278 205 27 11:3067510:2368:1:2908:417.9
278 205 7:3217148:3122:1:2268:317.0
278 27:8496315:10406:1:1085:95.13
278 27 7:10345330:7690:1:1085:128.72
278 27 7 11:7818755:4965:1:2353:199.36
278 27 1:3261090:3542:1:2457:279.42
278 27 3:3961762:3557:1:2571:278.25
278 27 11:7234640:6691:1:1307:147.94
278 27 11 6:4521172:3724:1:2362:265.77
278 27 6:4599939:4830:1:1871:204.93
278 7:8347345:10258:1:893:96.5
278 7 1:3150493:3435:1:2253:288.13
278 7 3:3907610:3550:1:2459:278.8
278 7 11:6757765:6502:1:1249:152.24
278 3:4606740:7721:1:1433:128.21
278 3 11:3474426:4039:1:1793:245.05
278 3 6:3016986:4061:1:2090:243.72
278 11:5750545:10656:1:833:92.9
278 11 6:4435189:6494:1:1142:152.43
278 6:4061830:9699:1:1061:102.06
361:3879372:10122:1:926:97.8
361 148:3006703:5007:1:1781:197.68
361 148 218:3188531:4859:1:1803:203.7
361 148 218 11 6:3114682:2935:1:2822:337.19
361 148 218 6:3441407:4201:1:2051:235.6
361 148 11 6:3044366:3028:1:2635:326.84
361 148 6:3302489:4326:1:2051:228.8
361 11:4649370:7191:1:1379:137.65
361 11 6:5342737:6599:1:1502:150.0
361 6:4724809:8658:1:1223:114.33
1025 11 6:3215257:4230:1:2451:233.99
897 87 27:4446969:4561:1:2322:217.01
897 87 27 7:6010229:4031:1:2322:245.54
897 87 7:4981848:5166:1:1931:191.6
897 83 7:3458822:3789:1:2183:261.21
897 27:6833290:9713:1:1270:101.91
897 27 7:10560718:8587:1:1558:115.28
897 27 7 3:3825054:2645:1:2462:374.15
897 27 7 11:8012662:5502:1:1850:179.9
897 27 7 11 6:5491629:3558:1:2102:278.17
897 27 7 6:6656809:5043:1:1817:196.27
897 27 11:5872162:6075:1:1795:162.94
897 27 11 6:4462305:3994:1:2040:247.81
897 27 6:4944854:5717:1:1814:173.14
897 7:8460751:12050:1:849:82.15
897 7 1:3007488:3697:1:2290:267.71
897 7 3:3841149:3923:1:2031:252.29
897 7 3 11:3116203:2575:1:2401:384.32
897 7 11:7042170:7564:1:1210:130.87
897 7 11 6:5081454:4986:1:1672:198.52
897 7 6:5556722:7034:1:1322:140.73
897 11:3700189:8598:1:1088:115.13
897 11 6:3381264:5830:1:1672:169.78
14:5744412:11607:1:798:85.29
14 64:4368195:4987:1:1682:198.48
14 64 6:4483221:4302:1:2110:230.07
14 3:3742593:4575:1:1537:216.35
14 3 11:3183144:2942:1:2569:336.39
14 3 11 6:3424643:2748:1:2569:360.13
14 3 6:3731100:3803:1:1781:260.25
14 11:5649275:7394:1:1700:133.87
14 11 6:6312370:6799:1:1700:145.59
14 6:6273252:9507:1:1086:104.12
237 11 6:3288753:3820:1:2336:259.1
237 6:3320652:5516:1:2033:179.45
357 11 6:3444232:4565:1:1582:216.82
357 6:3150195:6384:1:1278:155.05
233 11 6:3022362:4033:1:2186:245.41
1132 90:3123633:3794:1:2142:260.87
1132 90 6:3322710:3374:1:2142:293.33
1132 11 6:3271558:4358:1:2050:227.12
1132 6:3105642:6272:1:1504:157.82
314:6517016:14842:1:685:66.7
314 148:3210996:4877:1:1921:202.95
314 148 218:3209552:4500:1:2061:219.95
314 148 218 6:3455959:3931:1:2103:251.78
314 148 11:3011388:3331:1:1925:297.12
314 148 11 6:3290725:3077:1:2475:321.64
314 148 6:3505043:4256:1:1921:232.56
314 218 6:3103113:4693:1:1739:210.91
314 1:3272812:5948:1:1381:166.41
314 1 11:3291297:4062:1:2074:243.66
314 1 11 6:3659411:3764:1:2074:262.95
314 1 6:3632134:5099:1:1649:194.12
314 3:4401810:5738:1:1836:172.5
314 3 11:3954958:3833:1:1836:258.22
314 3 11 6:4333534:3619:1:1921:273.48
314 3 6:4518534:4854:1:1836:203.91
314 11:6873761:9727:1:866:101.77
314 11 6:7904885:9075:1:1103:109.08
314 6:7454650:12354:1:685:80.13
49 27:6213750:9487:1:867:104.34
49 27 7:5516094:4680:1:1726:211.49
49 27 7 11:4616963:3264:1:2611:303.22
49 27 7 6:3031722:2514:1:2464:393.64
49 27 11:6563241:7112:1:1088:139.18
49 27 11 6:6003493:5572:1:1397:177.64
49 27 6:5681996:6965:1:1397:142.12
49 7:3610296:5581:1:1478:177.36
49 7 11:3322360:3786:1:1784:261.42
49 11:3502617:9281:1:884:106.66
49 11 6:3993896:7490:1:1206:132.16
540 11:3112772:5272:1:1551:187.75
540 11 6:3711099:4921:1:1715:201.14
540 6:3363588:6760:1:1248:146.43
2952 11 6:3058722:4374:1:1679:226.29
142 90:3770949:4569:1:1632:216.63
142 90 6:4012491:4067:1:2260:243.36
142 11 6:3121496:4153:1:2755:238.32
142 6:3148677:6373:1:1375:155.32
521:4264190:7826:1:1035:126.49
521 90:4193386:4023:1:2056:246.02
521 90 148:3101564:2469:1:2835:400.81
521 90 148 218:3149868:2399:1:2835:412.5
521 90 6:4324453:3585:1:2660:276.07
521 148 218:3051996:3726:1:1900:265.63
521 11:4164190:5197:1:1733:190.46
521 11 6:4679605:4845:1:1733:204.29
521 6:4882381:6879:1:1130:143.9
260:3543867:7282:1:1538:135.93
260 90:3084246:3150:1:2304:314.19
260 90 6:3196332:2797:1:2413:353.82
260 11:3590089:4847:1:1701:204.21
260 11 6:4086085:4518:1:1701:219.08
260 6:4181226:6445:1:1538:153.58
423:5444154:10967:1:862:90.26
423 27:3130874:3022:1:2930:327.49
423 1:3140693:5176:1:2034:191.23
423 1 11:3248549:3745:1:2508:264.28
423 1 11 6:3470303:3377:1:2508:293.07
423 1 6:3404428:4436:1:2034:223.12
423 3:3227853:3993:1:2482:247.87
423 3 11:3405898:3156:1:2974:313.59
423 3 6:3491787:3590:1:2833:275.69
423 11:6245635:8216:1:1075:120.48
423 11 6:6976829:7553:1:1179:131.06
423 6:6300384:9555:1:1075:103.6
1644:4697940:8606:1:1040:115.02
1644 148:3556312:4614:1:2177:214.52
1644 148 218:3717689:4500:1:2177:219.95
1644 148 218 6:3962804:4009:1:2481:246.88
1644 148 6:3833137:4108:1:2481:240.94
1644 218 6:3380222:4412:1:2177:224.34
1644 1 6:3166205:3873:1:2516:255.55
1644 11:4622175:5722:1:1435:172.99
1644 11 6:5190993:5352:1:1435:184.94
1644 6:5328321:7525:1:1309:131.54
46:3405675:8827:1:1221:112.14
46 379:3210559:4497:1:1776:220.1
46 379 11:3102223:3172:1:2878:312.01
46 379 6:3500191:3980:1:1776:248.68
46 11:3940235:6061:1:1809:163.31
46 11 6:4559175:5601:1:1809:176.72
46 6:4171467:7579:1:1463:130.61
215:3544884:21592:1:588:45.85
215 205 27:3486197:3769:1:2260:262.6
215 205 27 11:3359281:2819:1:2725:351.06
215 27:4148043:5872:1:2169:168.57
215 27 7:3930287:3217:1:2286:307.65
215 27 11:4119831:4242:1:2169:233.33
215 27 11 6:3701878:3289:1:2539:300.91
215 27 6:3630428:4219:1:2199:234.6
215 7:3845609:5522:1:1308:179.25
215 7 11:3427042:3733:1:2202:265.13
215 3:4274652:8723:1:1163:113.48
215 3 11:4398853:5783:1:1617:171.16
215 3 11 6:4846790:5241:1:1617:188.86
215 3 6:4510953:6893:1:1468:143.6
215 11:6072362:13987:1:819:70.78
215 11 6:7486678:12514:1:819:79.11
215 6:5494668:16773:1:654:59.02
4:38607138:78097:1:163:12.68
4 64:3154703:3583:1:2015:276.23
4 27:5519950:5285:1:1548:187.29
4 27 11:3854842:2927:1:2869:338.12
4 27 6:4198062:3476:1:2736:284.73
4 7:6753694:6506:1:1528:152.14
4 7 3:3574219:2652:1:2787:373.16
4 7 11:4641832:3624:1:2105:273.1
4 7 11 6:3880845:2765:1:2746:357.92
4 7 6:4894304:4208:1:2211:235.21
4 148:3721411:5196:1:1696:190.49
4 148 218:3393865:4385:1:2486:225.72
4 148 218 11:3165869:3075:1:2800:321.85
4 148 218 11 6:3467251:2910:1:2800:340.09
4 148 218 6:3692479:3937:1:2486:251.4
4 148 11:3395714:3486:1:2276:283.91
4 148 11 6:3715737:3270:1:2529:302.66
4 148 6:3950420:4480:1:1696:220.93
4 218:3652893:6648:1:1411:148.89
4 218 11:3228724:3940:1:2636:251.21
4 218 11 6:3601234:3674:1:2636:269.39
4 218 6:3882982:5439:1:1557:181.99
4 1:8879284:14645:1:649:67.6
4 1 3:5887154:6295:1:1630:157.24
4 1 3 11:3284352:2720:1:2623:363.84
4 1 3 11 6:3326727:2429:1:2900:407.41
4 1 3 6:4491100:4078:1:1897:242.71
4 1 11:5477065:6247:1:1499:158.45
4 1 11 6:5774495:5540:1:1749:178.67
4 1 6:7225055:9338:1:1282:106.01
4 3:28602822:34738:1:327:28.5
4 3 11:13114651:11934:1:799:82.95
4 3 11 6:12948178:10249:1:822:96.59
4 3 6:19734732:19930:1:465:49.67
4 11:20236833:26348:1:444:37.57
4 11 6:20986570:22487:1:467:44.02
4 6:29013357:43942:1:236:22.53
777 90:3125463:4372:1:1683:226.39
777 90 6:3414024:3893:1:1783:254.24
379:3186726:9783:1:1030:101.19
379 11:4063839:6893:1:1248:143.6
379 11 6:4794741:6361:1:1248:155.61
379 6:4160331:8478:1:1078:116.76
21:4788460:8763:1:1211:112.96
21 148:3486176:4538:1:1899:218.11
21 148 218:3613120:4387:1:1949:225.62
21 148 218 11 6:3092788:2546:1:2982:388.69
21 148 218 6:3776088:3834:1:1949:258.15
21 148 11 6:3085678:2658:1:2982:372.32
21 148 6:3691684:3971:1:1899:249.25
21 218 6:3230533:4234:1:1949:233.77
21 1:3035348:4635:1:2459:213.55
21 1 6:3304588:4042:1:2459:244.87
21 11:4772310:5927:1:1846:167.0
21 11 6:5348542:5514:1:1904:179.51
21 6:5406088:7625:1:1382:129.82
254 148 218:3317140:6700:1:1196:147.74
254 148 218 11:3143063:4318:1:1993:229.22
254 148 218 11 6:3609198:4043:1:2155:244.81
254 148 218 6:3969582:6021:1:1360:164.4
254 148 11 6:3458797:4123:1:2155:240.06
254 148 6:3696542:6117:1:1360:161.82
254 11:3257265:6814:1:1159:145.27
254 11 6:4089174:6355:1:1415:155.76
254 6:3444484:8927:1:1071:110.89
269:3041136:18343:1:452:53.97
269 3:3599247:7352:1:1289:134.64
269 3 11:3119537:4116:1:1955:240.47
269 3 11 6:3532002:3830:1:1955:258.42
269 3 6:3660531:5625:1:1545:175.97
269 11:4468709:10325:1:1084:95.87
269 11 6:5656708:9467:1:1084:104.56
269 6:4622571:13976:1:736:70.83
504:3192836:14546:1:847:68.06
504 148 218 11 6:3196678:3525:1:2321:280.77
504 148 218 6:3311285:5013:1:1599:197.45
504 148 11 6:3228071:3787:1:2321:261.35
504 148 6:3243831:5362:1:1436:184.6
504 3:3046868:5685:1:1542:174.11
504 3 11 6:3092059:3211:1:2350:308.22
504 3 6:3216563:4612:1:1791:214.61
504 11:4174294:8613:1:947:114.93
504 11 6:5163147:7950:1:1095:124.51
504 6:4474873:11657:1:847:84.92
87:5045835:18484:1:533:53.56
87 205 27:4015032:3900:1:2068:253.78
87 205 27 7:5280214:3403:1:2068:290.83
87 205 7:4190679:4100:1:1991:241.41
87 83 27:3809604:3845:1:2241:257.41
87 83 27 7:4834236:3236:1:2250:305.84
87 83 7:5037211:4958:1:2016:199.64
87 83 7 11:3377208:2775:1:2532:356.63
87 27:10296420:12720:1:793:77.82
87 27 7:15016120:11248:1:829:88.01
87 27 7 148:3828612:2482:1:2689:398.71
87 27 7 218:3769332:2742:1:2502:360.92
87 27 7 1:5038308:3491:1:2436:283.51
87 27 7 11:11127095:7121:1:1311:139.01
87 27 7 11 6:8049405:4831:1:1930:204.88
87 27 7 6:9927064:6906:1:1369:143.33
87 27 1:3673172:4003:1:2436:247.25
87 27 11:8439915:7873:1:1138:125.73
87 27 11 6:6620212:5407:1:1930:183.06
87 27 6:7566407:7799:1:991:126.92
87 7:12581990:15616:1:662:63.39
87 7 148:3381310:3321:1:2090:298.01
87 7 148 218:3284761:3059:1:2564:323.53
87 7 218:3156689:3688:1:2013:268.37
87 7 1:4374493:4770:1:2018:207.5
87 7 1 11:3362994:2961:1:2613:334.23
87 7 3:3926970:3949:1:2242:250.63
87 7 11:9862685:9556:1:781:103.59
87 7 11 6:7524428:6584:1:1196:150.34
87 7 6:8586752:9460:1:924:104.64
87 11:5823390:10866:1:746:91.1
87 11 6:5298361:7658:1:1123:129.26
87 6:4837966:11207:1:901:88.33
230:4028760:8123:1:1089:121.86
230 155 6:3134901:2731:1:2864:362.37
230 90 6:3050043:2648:1:2928:373.73
230 148:3431516:4766:1:1560:207.68
230 148 218:3625585:4674:1:1566:211.77
230 148 218 11 6:3044698:2626:1:2792:376.86
230 148 218 6:3922109:4178:1:1909:236.9
230 148 6:3758798:4255:1:1909:232.61
230 218 6:3283525:4578:1:1712:216.2
230 1 6:3139667:4095:1:2298:241.7
230 11:3982671:5292:1:1922:187.04
230 11 6:4515506:4933:1:1922:200.65
230 6:4734417:7179:1:1599:137.88
69:6241860:22631:1:437:43.74
69 27:3317025:4049:1:1898:244.44
69 7:4266540:5256:1:1665:188.32
69 7 11:3655540:3535:1:2466:279.98
69 7 6:3250191:3545:1:2324:279.19
69 148:3027040:6147:1:1458:161.03
69 148 218:3072863:5618:1:1509:176.19
69 148 218 11:3019967:3817:1:2643:259.3
69 148 218 11 6:3295948:3447:1:2643:287.12
69 148 218 6:3402429:4786:1:1643:206.81
69 148 11:3109247:4215:1:2576:234.82
69 148 11 6:3443365:3814:1:2576:259.5
69 148 6:3441718:5243:1:1643:188.79
69 218 11 6:3095109:4122:1:1964:240.12
69 1:3080603:8021:1:887:123.41
69 1 11:3597830:5529:1:1289:179.02
69 1 11 6:4074395:5008:1:1411:197.64
69 1 6:3646938:6684:1:1411:148.09
69 3:5365638:8953:1:1242:110.57
69 3 11:5360825:6174:1:1570:160.32
69 3 11 6:5926894:5745:1:1570:172.29
69 3 6:5763483:7549:1:1242:131.13
69 11:8244410:15171:1:598:65.25
69 11 6:9850069:13935:1:842:71.04
69 6:8187368:18631:1:472:53.13
55:34797030:63981:1:163:15.47
55 64:3210754:3430:1:2209:288.55
55 27:5029360:4617:1:1849:214.38
55 27 11:3401515:2509:1:2780:394.42
55 7:6201450:5725:1:1357:172.9
55 7 11:4277270:3235:1:2951:305.93
55 7 6:4513478:3723:1:2177:265.84
55 148:3941142:5145:1:1918:192.38
55 148 218:3649117:4435:1:1918:223.17
55 148 218 6:3888552:3932:1:1918:251.72
55 148 11:3529525:3453:1:2346:286.62
55 148 11 6:3834964:3228:1:2346:306.6
55 148 6:4126344:4429:1:1918:223.48
55 218:3910052:6512:1:1323:152.0
55 218 11:3410944:3950:1:2561:250.57
55 218 11 6:3767510:3669:1:2561:269.76
55 218 6:4128865:5398:1:1325:183.37
55 1:8309336:12680:1:875:78.07
55 1 3:5072404:5208:1:1867:190.06
55 1 3 6:3950382:3458:1:2163:286.21
55 1 11:5394111:5820:1:1594:170.07
55 1 11 6:5635314:5161:1:1594:191.79
55 1 6:6868692:8360:1:1088:118.41
55 3:24610898:28238:1:379:35.06
55 3 11:11554539:10101:1:1121:98.0
55 3 11 6:11390475:8697:1:1121:113.82
55 3 6:16986231:16375:1:592:60.45
55 11:18444190:22632:1:442:43.74
55 11 6:19117722:19504:1:535:50.76
55 6:25985382:36649:1:302:27.01
747:4590504:9368:1:1053:105.67
747 229:4161618:4170:1:2976:237.35
747 229 148:3564734:2927:1:2976:338.12
747 229 148 218:3656498:2874:1:2976:344.35
747 229 148 218 6:3659527:2560:1:2984:386.57
747 229 148 6:3585521:2606:1:2984:379.75
747 229 218:3244215:3098:1:2976:319.46
747 229 218 6:3332439:2768:1:2984:357.53
747 229 6:4293837:3715:1:2984:266.42
747 135 6:3025746:2623:1:2878:377.29
747 148:3894561:5442:1:2097:181.89
747 148 218:4099177:5323:1:2097:185.95
747 148 218 1 6:3059523:2932:1:2730:337.54
747 148 218 6:4420147:4744:1:2097:208.64
747 148 6:4257489:4849:1:2097:204.12
747 218:3151589:5769:1:2097:171.58
747 218 6:3640128:5149:1:2097:192.23
747 1:3074523:5115:1:1623:193.51
747 1 6:3438553:4503:1:1948:219.81
747 11:3993813:5638:1:1602:175.56
747 11 6:4570050:5239:1:1851:188.93
747 6:5357133:8201:1:1339:120.7
229:4995630:10034:1:819:98.65
229 148:4300261:5974:1:1483:165.69
229 148 218:4528217:5840:1:1483:169.49
229 148 218 1:3153331:3541:1:2206:279.5
229 148 218 1 6:3302093:3132:1:2611:315.99
229 148 218 6:4938815:5255:1:2229:188.36
229 148 1:3025343:3625:1:2206:273.03
229 148 1 6:3201961:3208:1:2611:308.51
229 148 6:4753218:5375:1:2229:184.15
229 218:3552297:6419:1:1270:154.21
229 218 6:4140132:5775:1:1542:171.4
229 1:3305807:5407:1:2077:183.06
229 1 11 6:3219576:3151:1:2814:314.09
229 1 6:3725079:4821:1:2077:205.31
229 11:4826053:6407:1:1363:154.49
229 11 6:5491180:5987:1:1443:165.33
229 6:5880435:8896:1:1212:111.27
316:4590324:27852:1:311:35.54
316 7:3196362:4544:1:1862:217.82
316 148 218 11 6:3191828:3765:1:2136:262.88
316 148 218 6:3111039:5156:1:1718:191.97
316 148 11 6:3291943:4134:1:2136:239.42
316 148 6:3101975:5649:1:1718:175.22
316 1 11:3184811:5928:1:1563:166.98
316 1 11 6:3825860:5459:1:1563:181.32
316 1 6:3218096:7367:1:1094:134.37
316 3:5595387:11409:1:774:86.77
316 3 11:4970832:6566:1:1331:150.75
316 3 11 6:5618355:6099:1:1331:162.3
316 3 6:5677788:8685:1:1306:113.98
316 11:6964328:16128:1:536:61.38
316 11 6:8819824:14810:1:573:66.84
316 6:6929769:21080:1:562:46.96
136:7790034:23679:1:397:41.81
136 27:3553394:4052:1:2440:244.26
136 27 11:3038627:2671:1:2783:370.51
136 7:4386682:5017:1:1566:197.29
136 7 6:3303469:3365:1:2371:294.12
136 148:3403068:6215:1:1401:159.27
136 148 218:3412056:5662:1:1579:174.82
136 148 218 11:3173033:3750:1:2153:263.93
136 148 218 11 6:3459116:3438:1:2335:287.87
136 148 218 6:3731224:4887:1:1689:202.54
136 148 11:3302504:4158:1:1930:238.04
136 148 11 6:3642381:3815:1:2335:259.43
136 148 6:3795292:5360:1:1689:184.67
136 218 11 6:3286095:4107:1:2294:240.99
136 218 6:3288208:6045:1:1401:163.74
136 1:4123486:9398:1:933:105.33
136 1 11:4560498:6481:1:1735:152.73
136 1 11 6:5140098:5940:1:1735:166.64
136 1 6:4760956:7929:1:1017:124.84
136 3:6060678:9296:1:918:106.49
136 3 11:5603794:6086:1:1228:162.64
136 3 11 6:6154649:5675:1:1302:174.42
136 3 6:6340119:7773:1:1070:127.35
136 11:9146370:15314:1:660:64.64
136 11 6:10745474:14145:1:749:69.98
136 6:9597513:19501:1:466:50.76
273:5688726:17177:1:496:57.63
273 148:3706106:6727:1:1385:147.15
273 148 218:3824484:6317:1:1385:156.7
273 148 218 11:3675693:4328:1:2005:228.69
273 148 218 11 6:4096898:4039:1:2005:245.05
273 148 218 6:4313888:5609:1:1394:176.47
273 148 11:3678708:4616:1:2005:214.43
273 148 11 6:4145547:4310:1:2005:229.65
273 148 6:4267694:5976:1:1394:165.64
273 218 11:3184805:4951:1:1815:199.92
273 218 11 6:3732087:4622:1:1815:214.15
273 218 6:3679190:6680:1:1292:148.18
273 1:3356530:7590:1:1090:130.42
273 1 11:3623654:5144:1:2038:192.42
273 1 11 6:4151758:4780:1:2038:207.07
273 1 6:3980920:6586:1:1241:150.3
273 3:4317660:6632:1:1166:149.25
273 3 11:3920716:4288:1:1920:230.82
273 3 11 6:4340453:4023:1:2542:246.02
273 3 6:4539216:5582:1:1567:177.32
273 11:6506454:10901:1:786:90.81
273 11 6:7714142:10136:1:860:97.66
273 6:7019619:14208:1:618:69.67
205:4699556:21373:1:604:46.32
205 83 27:3029816:3171:1:2703:312.11
205 83 27 7:3599646:2453:1:2934:403.42
205 83 7:3406450:3479:1:2592:284.48
205 27:10694480:14051:1:697:70.45
205 27 7:13342756:10320:1:912:95.92
205 27 7 1:4687560:3352:1:2897:295.26
205 27 7 3:5299042:3437:1:2781:287.96
205 27 7 11:10312179:6764:1:1174:146.34
205 27 7 11 6:6780646:4278:1:2592:231.36
205 27 7 6:8033359:5936:1:1575:166.75
205 27 148:3147140:3206:1:2706:308.7
205 27 148 218:3012639:2910:1:2775:340.09
205 27 1:4004164:4587:1:1995:215.78
205 27 1 11:3457788:3050:1:2538:324.48
205 27 3:5169364:4879:1:1835:202.87
205 27 3 11:4408854:3326:1:2088:297.57
205 27 3 6:3828403:3235:1:2373:305.93
205 27 11:9488358:9240:1:1000:107.13
205 27 11 6:7514279:6473:1:1450:152.92
205 27 6:8013915:8926:1:1251:110.9
205 7:10401946:13667:1:655:72.43
205 7 148:3141610:3195:1:2726:309.76
205 7 1:3834964:4393:1:2114:225.31
205 7 1 11:3095898:2842:1:2606:348.22
205 7 3:4893228:4696:1:1817:210.77
205 7 3 11:3991994:3121:1:2447:317.11
205 7 11:8726952:8797:1:862:112.53
205 7 11 6:6327621:5826:1:1381:169.9
205 7 6:6864520:8088:1:1152:122.39
205 3:4237036:7830:1:1427:126.42
205 3 11:4087817:5055:1:1677:195.81
205 3 11 6:3751957:3907:1:2257:253.33
205 3 6:3729298:5382:1:1852:183.91
205 11:6565420:13493:1:700:73.37
205 11 6:6516698:10136:1:870:97.66
205 6:5333027:14175:1:651:69.84
40:3980982:24082:1:639:41.11
40 7:3293325:4657:1:1601:212.54
40 148 218:3017185:6848:1:1768:144.55
40 148 218 11:3204851:4649:1:1768:212.9
40 148 218 11 6:3657021:4282:1:1768:231.15
40 148 218 6:3639568:6006:1:1768:164.81
40 148 11:3282311:5154:1:1671:192.05
40 148 11 6:3810846:4756:1:1671:208.11
40 148 6:3652458:6631:1:1190:149.28
40 218 11 6:3242032:5031:1:1768:196.74
40 1 11:3510328:6488:1:1669:152.57
40 1 11 6:4204395:5980:1:1669:165.52
40 1 6:3519875:8041:1:1219:123.1
40 3:4672272:9585:1:1027:103.28
40 3 11:4972666:6602:1:1304:149.93
40 3 11 6:5740495:6258:1:1318:158.17
40 3 6:5493549:8433:1:1027:117.38
40 11:7048421:16241:1:649:60.95
40 11 6:9086922:15201:1:726:65.12
40 6:6846534:20746:1:639:47.72
512 11 6:4051142:8428:1:1163:117.45
138 27:3189277:5342:1:1385:185.29
138 27 7:3989703:3536:1:2563:279.9
138 7:4248896:7102:1:1693:139.38
138 7 6:3459158:4854:1:2359:203.91
138 148 218 11 6:3104237:4202:1:2434:235.55
138 148 218 6:3012575:6102:1:1324:162.22
138 148 11 6:3212242:4690:1:1606:211.04
138 1 11:3190626:7433:1:1653:133.17
138 1 11 6:4072012:6867:1:1910:144.15
138 1 6:3271006:10020:1:1046:98.79
138 3:5423768:14334:1:733:69.06
138 3 11:5022337:7809:1:1371:126.76
138 3 11 6:5858755:7241:1:1371:136.7
138 3 6:5959361:11012:1:937:89.89
138 11:6006397:18681:1:514:52.99
138 11 6:8382587:17240:1:514:57.42
138 6:5804271:26569:1:472:37.26
364 148 218 6:3336110:5503:1:1657:179.87
364 148 6:3127832:5682:1:1460:174.2
364 11:3470663:8212:1:1094:120.54
364 11 6:4514650:7704:1:1500:128.49
364 6:3572010:10875:1:870:91.03
987 148:3651064:13316:1:751:74.34
987 148 218:3081559:9388:1:1273:105.44
987 148 218 11:3590093:6229:1:1628:158.91
987 148 218 11 6:4308803:5810:1:1628:170.37
987 148 218 6:4081637:8281:1:1273:119.54
987 148 1 11 6:3132188:3943:1:2344:251.01
987 148 1 6:3073271:5634:1:1691:175.69
987 148 3 11 6:3286340:3254:1:2342:304.15
987 148 3 6:3284034:4354:1:1822:227.33
987 148 11:4837680:9144:1:1132:108.26
987 148 11 6:5933433:8550:1:1165:115.78
987 148 6:5181858:11823:1:770:83.73
987 218 11 6:3344311:6279:1:1322:157.64
987 3 11 6:3165799:3961:1:1848:249.87
987 3 6:3120755:5793:1:1515:170.87
987 11:3450525:10865:1:713:91.11
987 11 6:4876608:10111:1:980:97.9
987 6:3313857:15127:1:729:65.44
446:12833360:23270:1:431:42.54
446 64:3276282:3491:1:2630:283.51
446 64 6:3181091:2889:1:2980:342.56
446 7:4778910:4362:1:2170:226.91
446 7 11:3425480:2658:1:2920:372.32
446 148:4494108:5771:1:1246:171.52
446 148 218:4441063:5334:1:1918:185.57
446 148 218 11 6:3087651:2699:1:2934:366.67
446 148 218 6:4564585:4591:1:2045:215.59
446 148 11 6:3180251:2917:1:2443:339.27
446 148 6:4664850:4961:1:2045:199.52
446 218:3961099:6502:1:1345:152.24
446 218 11 6:3154128:3284:1:2934:301.37
446 218 6:4322037:5609:1:1543:176.47
446 1:5395638:8119:1:1271:121.92
446 1 11:4408430:4899:1:2279:202.04
446 1 11 6:4757390:4474:1:2279:221.23
446 1 6:5503433:6658:1:1437:148.67
446 3:8232642:9418:1:922:105.11
446 3 11:5879109:5251:1:1444:188.5
446 3 11 6:6183500:4824:1:1685:205.18
446 3 6:7558559:7293:1:1258:135.73
446 11:10132585:12698:1:835:77.96
446 11 6:11176795:11619:1:835:85.2
446 6:12738244:17833:1:480:55.51
25 148 218 6:3828180:6955:1:1115:142.32
25 148 6:3510059:7080:1:1115:139.81
25 11 6:3617796:7026:1:1103:140.89
25 6:3075349:11231:1:677:88.14
155:5722245:11494:1:954:86.12
155 90:3553389:3606:1:2314:274.47
155 90 6:3669687:3199:1:2510:309.38
155 148:4604474:6443:1:2563:153.63
155 148 218:4839482:6283:1:2563:157.54
155 148 218 1:3481806:3928:1:2612:251.97
155 148 218 1 6:3625071:3456:1:2612:286.38
155 148 218 11:3959853:3970:1:2563:249.31
155 148 218 11 6:4298603:3702:1:2563:267.35
155 148 218 6:5245883:5620:1:2563:176.13
155 148 1:3341406:4023:1:2612:246.02
155 148 1 6:3513839:3537:1:2612:279.82
155 148 11:3843876:4075:1:2563:242.89
155 148 11 6:4205269:3800:1:2563:260.46
155 148 6:5059623:5763:1:2563:171.76
155 218:3786240:6856:1:1233:144.38
155 218 1 6:3108965:3766:1:2036:262.81
155 218 11:3421653:4282:1:2184:231.15
155 218 11 6:3839255:3992:1:2360:247.93
155 218 6:4390115:6146:1:1433:161.05
155 1:3820493:6291:1:1637:157.34
155 1 11:3604525:4185:1:2047:236.5
155 1 11 6:4007678:3913:1:2167:252.94
155 1 6:4315168:5603:1:1637:176.66
155 3:3316806:4075:1:2135:242.89
155 3 6:3594927:3682:1:2135:268.8
155 11:5891864:7798:1:1119:126.94
155 11 6:6728036:7325:1:1119:135.14
155 6:6727524:10188:1:1064:97.16
438:4157240:18910:1:530:52.35
438 90 6:3000530:3417:1:2838:289.64
438 27:3246268:4201:1:1749:235.6
438 27 11:3102253:3017:1:2778:328.03
438 7:3442590:4533:1:2572:218.35
438 7 11:3160843:3223:1:2922:307.07
438 148 218 11 6:3090295:3459:1:2360:286.13
438 148 218 6:3260882:4985:1:1900:198.56
438 148 11 6:3180372:3783:1:2307:261.63
438 148 6:3229504:5389:1:1695:183.67
438 1 11:3630818:6155:1:1377:160.82
438 1 11 6:4275801:5682:1:1381:174.2
438 1 6:3586313:7306:1:1348:135.49
438 3:3781160:7032:1:1387:140.77
438 3 11:4534933:5614:1:1863:176.31
438 3 11 6:5171003:5309:1:1863:186.44
438 3 6:4498330:6388:1:1387:154.95
438 11:7024447:14467:1:606:68.43
438 11 6:8748329:13487:1:689:73.4
438 6:6417521:16763:1:530:59.06
303 148 218 11:3053522:5321:1:1897:186.02
303 148 218 11 6:3658762:4952:1:1897:199.88
303 148 218 6:3428550:6952:1:1460:142.38
303 148 11:3039126:5829:1:1897:169.81
303 148 11 6:3725446:5421:1:1897:182.59
303 148 6:3305613:7538:1:1189:131.32
303 1 11 6:3246208:5527:1:1568:179.09
303 3:3081678:8177:1:1391:121.06
303 3 11:3450228:5378:1:1391:184.05
303 3 11 6:4086557:5067:1:1460:195.34
303 3 6:3717125:6871:1:1391:144.06
303 11:4386302:13656:1:764:72.49
303 11 6:6166546:12696:1:818:77.97
303 6:3859141:17598:1:524:56.25
83:7095512:32212:1:386:30.73
83 27:8153500:11094:1:923:89.23
83 27 7:10358632:8349:1:1058:118.56
83 27 7 1:4022246:2962:1:2511:334.12
83 27 7 11:7808596:5274:1:1621:187.68
83 27 7 6:3258033:2849:1:2931:347.37
83 27 1:3366842:3975:1:2511:248.99
83 27 3:3837366:3721:1:2183:265.99
83 27 11:7061301:6987:1:1387:141.67
83 27 11 6:4126652:3564:1:2475:277.7
83 27 6:4390572:4908:1:1954:201.67
83 7:11420064:15126:1:719:65.45
83 7 148:3577926:3661:1:2339:270.34
83 7 148 218:3451445:3342:1:2352:296.14
83 7 218:3240232:3977:1:2352:248.87
83 7 1:4502448:5203:1:1836:190.24
83 7 3:5337000:5171:1:1339:191.42
83 7 3 11:3901540:3115:1:2734:317.72
83 7 11:8434195:8709:1:1022:113.66
83 148:3217320:7302:1:1691:135.56
83 148 218:3284470:6621:1:1691:149.5
83 148 218 11:3082300:4152:1:1872:238.38
83 148 11:3172953:4610:1:1872:214.7
83 1:3513136:10659:1:780:92.87
83 1 11:4004571:6767:1:1465:146.28
83 1 11 6:3561584:4783:1:1978:206.94
83 1 6:3078480:6422:1:1203:154.13
83 3:6625210:12232:1:844:80.93
83 3 11:6204625:7661:1:1386:129.21
83 3 11 6:5518877:5710:1:1609:173.35
83 3 6:5458902:7828:1:1259:126.45
83 11:9532653:19575:1:537:50.57
83 11 6:8812297:13744:1:691:72.03
83 6:7042173:18957:1:590:52.22
56:4329315:15752:1:575:62.85
56 135 6:3018551:3246:1:2649:304.9
56 90:3161771:4110:1:1928:240.82
56 90 6:3305656:3536:1:2660:279.9
56 7:3079055:3757:1:2048:263.44
56 148:3054196:6185:1:1450:160.04
56 148 218:3210061:5839:1:1450:169.52
56 148 218 11 6:3237894:3422:1:2411:289.22
56 148 218 6:3624134:5069:1:1717:195.27
56 148 11 6:3260494:3659:1:1928:270.49
56 148 6:3540937:5375:1:1717:184.15
56 1 11:3535307:5495:1:1428:180.13
56 1 11 6:4079247:5059:1:1544:195.65
56 1 6:3698775:6761:1:1330:146.41
56 3:3357995:5682:1:1759:174.2
56 3 11:3641162:4259:1:1759:232.39
56 3 11 6:4063113:3988:1:1759:248.18
56 3 6:3847582:5094:1:1759:194.31
56 11:6097890:11328:1:922:87.39
56 11 6:7370744:10505:1:922:94.23
56 6:6026781:13744:1:673:72.03
135:9039519:18313:1:508:54.06
135 90:3664638:3706:1:2393:267.06
135 90 6:3707400:3215:1:2824:307.84
135 64:3229391:3643:1:2157:271.68
135 64 11:3012908:2641:1:2835:374.72
135 64 6:3309003:3160:1:2319:313.19
135 27:4235596:4062:1:2565:243.66
135 7:4509943:4377:1:2365:226.13
135 7 6:3422526:3011:1:2807:328.69
135 148:4920029:6880:1:1710:143.87
135 148 218:5015366:6508:1:1710:152.1
135 148 218 1:3609606:4072:1:2364:243.06
135 148 218 1 6:3659086:3496:1:2364:283.1
135 148 218 11:4249619:4226:1:1838:234.21
135 148 218 11 6:4528374:3880:1:1923:255.09
135 148 218 6:5337529:5722:1:1741:172.99
135 148 1:3543546:4267:1:2364:231.96
135 148 1 6:3626242:3659:1:2364:270.49
135 148 11:4298863:4508:1:1764:219.56
135 148 11 6:4615365:4138:1:1764:239.19
135 148 6:5302302:6042:1:1710:163.83
135 218:4087276:7439:1:1710:133.06
135 218 1 6:3213625:3892:1:2364:254.3
135 218 11:3855558:4808:1:1764:205.86
135 218 11 6:4265449:4424:1:1923:223.73
135 218 6:4690612:6585:1:1710:150.32
135 1:5236272:8660:1:1047:114.31
135 1 11:5380787:6234:1:1295:158.78
135 1 11 6:5860488:5718:1:1295:173.11
135 1 6:5819994:7595:1:1207:130.33
135 3 6:3387951:4186:1:2162:236.45
135 11:10231027:13473:1:770:73.47
135 11 6:11552766:12529:1:770:79.01
135 6:10612110:16151:1:651:61.29
77:4793334:43454:1:241:22.78
77 64:3156413:6386:1:1247:155.0
77 64 11:3433666:4534:1:1782:218.3
77 64 11 6:3796164:4122:1:1782:240.12
77 64 6:3589010:5463:1:1748:181.19
77 27:4284670:6581:1:1607:150.41
77 27 7:4960514:4181:1:2655:236.73
77 27 7 11:4013903:2866:1:2655:345.31
77 27 11:4149482:4556:1:2524:217.25
77 27 11 6:3746789:3506:1:2524:282.29
77 27 6:3784573:4675:1:2092:211.72
77 7:5328372:8203:1:953:120.67
77 7 11:4871337:5562:1:1605:177.96
77 7 11 6:4050319:4095:1:2038:241.7
77 7 6:4243986:5593:1:1384:176.98
77 148:3397678:10354:1:1029:95.61
77 148 218:3575672:9330:1:1029:106.1
77 148 218 11:4078783:6446:1:1623:153.56
77 148 218 11 6:4725607:5911:1:1623:167.46
77 148 218 6:4470135:8152:1:1029:121.43
77 148 11:4177997:7202:1:1150:137.44
77 148 11 6:4936584:6610:1:1333:149.75
77 148 6:4456646:9038:1:1029:109.53
77 218 11:3244751:7642:1:1237:129.53
77 218 11 6:4143332:7011:1:1497:141.19
77 218 6:3292056:9986:1:929:99.13
77 1:3115774:14142:1:872:70.0
77 1 3 11 6:3336939:3446:1:2687:287.21
77 1 3 6:3123158:4463:1:1661:221.77
77 1 11:4742709:9734:1:1253:101.7
77 1 11 6:5776692:8880:1:1253:111.47
77 1 6:4547413:11862:1:908:83.45
77 3:7634622:17616:1:547:56.2
77 3 11:7923096:11292:1:901:87.67
77 3 11 6:9088111:10496:1:901:94.31
77 3 6:8571161:14338:1:659:69.04
77 11:10511101:27652:1:395:35.8
77 11 6:13875687:25489:1:395:38.84
77 6:9606870:34983:1:283:28.3
90:10921995:22062:1:417:44.87
90 64:3436802:3927:1:2075:252.04
90 64 6:3535298:3399:1:2508:291.18
90 27:4863664:4701:1:1767:210.55
90 27 7:4530633:2916:1:2782:339.39
90 27 148:3136231:2483:1:2923:398.55
90 27 148 218:3144797:2386:1:2923:414.75
90 27 1:3093533:2712:1:2514:364.91
90 27 11:3284312:2686:1:2516:368.44
90 27 6:4139327:3469:1:2337:285.3
90 7:5272912:5104:1:2098:193.93
90 7 148:3381643:2696:1:2344:367.08
90 7 148 218:3382659:2589:1:2344:382.24
90 7 218:3049913:2802:1:2245:353.19
90 7 1:3393537:2958:1:2871:334.57
90 7 11:3320674:2820:1:2550:350.94
90 7 6:3926080:3457:1:2098:286.29
90 148:6859684:9616:1:890:102.94
90 148 218:7056465:9187:1:890:107.75
90 148 218 1:5074205:5763:1:1452:171.76
90 148 218 1 6:5214688:4999:1:1606:198.0
90 148 218 11:3001370:3782:1:2733:261.7
90 148 218 11 6:3341597:3492:1:2733:283.42
90 148 218 6:7522556:8085:1:1167:122.43
90 148 1:4935821:5984:1:1452:165.41
90 148 1 6:5122726:5189:1:1606:190.75
90 148 11 6:3286571:3643:1:2733:271.68
90 148 6:7397768:8451:1:1154:117.13
90 218:5581023:10198:1:886:97.07
90 218 1:4160001:6303:1:1452:157.04
90 218 1 6:4508457:5486:1:1606:180.43
90 218 11 6:3267199:4076:1:2443:242.83
90 218 6:6387962:9007:1:1167:109.9
90 1:6719886:11087:1:770:89.29
90 1 11:5225583:6546:1:1297:151.21
90 1 11 6:5855873:6060:1:1297:163.34
90 1 6:7517810:9766:1:882:101.36
90 3:5938779:7578:1:1120:130.62
90 3 11:5116575:5050:1:1708:196.0
90 3 11 6:5606198:4760:1:1708:207.94
90 3 6:6503865:6859:1:1177:144.32
90 11:9599173:13592:1:681:72.83
90 11 6:11084146:12705:1:681:77.92
90 6:12809118:19445:1:502:50.91
64:18613434:48262:1:197:20.51
64 27:6190502:6686:1:1403:148.05
64 27 7:6113189:4187:1:1881:236.39
64 27 7 11:4669823:2800:1:2520:353.45
64 27 1:3133347:3047:1:2669:324.8
64 27 11:5259903:4438:1:1748:223.02
64 27 11 6:4586227:3408:1:2175:290.41
64 27 6:5121382:4696:1:2040:210.77
64 7:7594000:8162:1:1230:121.28
64 7 148:3528754:3071:1:2462:322.27
64 7 148 218:3439390:2856:1:2821:346.52
64 7 218:3259268:3303:1:2821:299.64
64 7 1:3784295:3635:1:2095:272.28
64 7 11:6140986:5317:1:1556:186.16
64 7 11 6:5092091:3995:1:1874:247.75
64 7 6:5837654:5589:1:1672:177.1
64 148:6474576:10683:1:843:92.66
64 148 218:6430369:9744:1:1134:101.59
64 148 218 1:4032616:5237:1:1823:189.0
64 148 218 1 6:4157178:4444:1:2626:222.72
64 148 218 11:6048458:6651:1:1206:148.83
64 148 218 11 6:6584353:6126:1:1206:161.58
64 148 218 6:7020581:8522:1:1134:116.16
64 148 1:4008118:5604:1:1823:176.63
64 148 1 6:4197220:4768:1:2195:207.59
64 148 11:6257108:7296:1:1086:135.67
64 148 11 6:6877884:6723:1:1086:147.23
64 148 6:7170068:9312:1:925:106.3
64 218:5256871:11921:1:893:83.04
64 218 1:3316659:6023:1:1374:164.34
64 218 1 11:3147932:3904:1:2457:253.52
64 218 1 11 6:3407789:3511:1:2457:281.89
64 218 1 6:3671275:5132:1:1651:192.87
64 218 11:5513118:7860:1:1086:125.94
64 218 11 6:6265592:7237:1:1197:136.78
64 218 6:6284215:10388:1:893:95.29
64 1:7650313:15390:1:609:64.32
64 1 3:4463820:5554:1:1888:178.22
64 1 3 11:4002221:3749:1:2080:264.0
64 1 3 11 6:4295762:3480:1:2080:284.4
64 1 3 6:4516988:4658:1:2019:212.49
64 1 11:7724145:10089:1:949:98.12
64 1 11 6:8601380:9224:1:1020:107.32
64 1 6:8407367:12668:1:774:78.14
64 3:13525572:19214:1:639:51.52
64 3 11:10739388:11094:1:941:89.23
64 3 11 6:11651597:10280:1:941:96.29
64 3 6:12876885:14851:1:723:66.66
64 11:18321205:27917:1:407:35.46
64 11 6:21099776:25673:1:407:38.56
64 6:20469461:37173:1:272:26.63
27:38391060:70356:1:198:14.07
27 7:39504360:36802:1:286:26.9
27 7 148:9714836:7500:1:1141:131.98
27 7 148 218:9229866:6828:1:1550:144.97
27 7 148 218 1:5279000:3604:1:2087:274.62
27 7 148 218 11:6700893:4331:1:2025:228.53
27 7 148 218 11 6:4924143:2984:1:2575:331.66
27 7 148 218 6:6421960:4417:1:1792:224.08
27 7 148 1:5445786:3870:1:2087:255.75
27 7 148 11:7140418:4783:1:1651:206.94
27 7 148 11 6:5246947:3291:1:2575:300.73
27 7 148 6:6762407:4842:1:1792:204.42
27 7 218:9364790:8287:1:1322:119.45
27 7 218 1:5096368:4094:1:2087:241.76
27 7 218 11:7034982:5247:1:1651:188.64
27 7 218 11 6:5200420:3608:1:2394:274.31
27 7 218 6:6630607:5381:1:1525:183.95
27 7 1:13151008:11130:1:822:88.94
27 7 1 3:4903682:3476:1:2266:284.73
27 7 1 11:10122993:7204:1:1238:137.4
27 7 1 11 6:7435926:4941:1:1494:200.32
27 7 1 6:9084656:7082:1:1210:139.77
27 7 3:16802178:12634:1:863:78.35
27 7 3 11:12868420:8224:1:1169:120.36
27 7 3 11 6:9652565:5845:1:1739:169.35
27 7 3 6:11787174:8270:1:1372:119.7
27 7 11:30437840:23311:1:414:42.47
27 7 11 6:22837550:16263:1:531:60.87
27 7 6:27683179:23503:1:453:42.12
27 148:8835672:11542:1:853:85.77
27 148 218:8557287:10425:1:959:94.96
27 148 218 1:5052580:5427:1:1817:182.39
27 148 218 1 11:3854310:3323:1:2189:297.83
27 148 218 1 11 6:3371344:2554:1:2494:387.48
27 148 218 1 6:4236347:3868:1:1817:255.88
27 148 218 11:7176206:6772:1:1417:146.17
27 148 218 11 6:6459692:5300:1:1648:186.76
27 148 218 6:7521486:7644:1:1023:129.5
27 148 1:5099260:5825:1:1817:169.93
27 148 1 11:3976224:3594:1:2045:275.38
27 148 1 11 6:3500117:2762:1:2494:358.31
27 148 1 6:4311219:4145:1:1817:238.78
27 148 3:3230000:3116:1:2511:317.61
27 148 3 6:3117340:2572:1:2533:384.77
27 148 11:7526678:7476:1:1349:132.41
27 148 11 6:6814135:5842:1:1648:169.43
27 148 6:7818766:8413:1:959:117.66
27 218:7759623:12983:1:959:76.25
27 218 1:4420584:6232:1:1222:158.83
27 218 1 11:3654876:3826:1:2164:258.69
27 218 1 11 6:3271786:2934:1:2494:337.31
27 218 1 6:3905086:4475:1:1798:221.18
27 218 3:3304117:3731:1:2327:265.27
27 218 3 6:3180660:3021:1:2340:327.6
27 218 11:7003214:8241:1:1417:120.12
27 218 11 6:6480640:6431:1:1483:153.92
27 218 6:7192106:9467:1:1023:104.56
27 1:12524402:19163:1:521:51.66
27 1 3:6412220:6678:1:1090:148.23
27 1 3 11:5223640:4271:1:1820:231.74
27 1 3 11 6:4736116:3414:1:2454:289.9
27 1 3 6:5328402:4726:1:2222:209.44
27 1 11:10713179:11710:1:707:84.54
27 1 11 6:9805081:9122:1:1147:108.52
27 1 6:10740665:13149:1:695:75.29
27 3:23120814:26919:1:409:36.78
27 3 11:16686800:14860:1:592:66.62
27 3 11 6:15191790:11871:1:660:83.39
27 3 6:18296670:17960:1:566:55.12
27 11:31289420:38561:1:259:25.67
27 11 6:29115078:30074:1:297:32.92
27 6:32498844:45980:1:224:21.53
7:45825820:84443:1:126:11.72
7 148:10876188:14291:1:678:69.27
7 148 218:10500000:12852:1:852:77.02
7 148 218 1:6037490:6512:1:1386:152.0
7 148 218 1 11:4429683:3939:1:1827:251.27
7 148 218 1 11 6:3660132:2948:1:2814:335.71
7 148 218 1 6:4608579:4461:1:1802:221.87
7 148 218 11:8473704:8233:1:1093:120.23
7 148 218 11 6:7262402:6300:1:1565:157.12
7 148 218 6:8481188:9105:1:1080:108.72
7 148 1:6117948:7027:1:1265:140.87
7 148 1 11:4595676:4295:1:1827:230.45
7 148 1 11 6:3802672:3206:1:2423:308.7
7 148 1 6:4693851:4809:1:1802:205.82
7 148 3:3086000:3372:1:2445:293.51
7 148 11:8936679:9162:1:1027:108.04
7 148 11 6:7678999:6995:1:1565:141.51
7 148 6:8820065:10079:1:1049:98.21
7 218:9693316:16255:1:769:60.9
7 218 1:5389782:7607:1:1109:130.13
7 218 1 11:4216464:4588:1:1570:215.73
7 218 1 11 6:3539473:3423:1:2621:289.14
7 218 1 6:4281366:5251:1:1548:188.5
7 218 3:3377003:4224:1:1900:234.32
7 218 3 6:3002560:3233:1:2506:306.12
7 218 11:8315683:10140:1:848:97.62
7 218 11 6:7290740:7738:1:1391:127.92
7 218 6:8188942:11491:1:845:86.15
7 1:15025018:23008:1:482:43.03
7 1 3:7339502:7873:1:1150:125.73
7 1 3 11:5719702:4928:1:1798:200.85
7 1 3 11 6:4793879:3751:1:1864:263.86
7 1 3 6:5620253:5354:1:1364:184.87
7 1 11:12302645:13939:1:663:71.02
7 1 11 6:10493027:10460:1:788:94.64
7 1 6:11760545:15283:1:637:64.77
7 3:27229232:32211:1:325:30.73
7 3 11:19335945:17869:1:621:55.4
7 3 11 6:16541538:13770:1:639:71.89
7 3 6:20364936:21086:1:431:46.95
7 11:36782965:46981:1:216:21.07
7 11 6:32373664:35691:1:347:27.74
7 6:36303484:54482:1:203:18.17
148:15389848:69922:1:187:14.16
148 218:16180358:58823:1:207:16.83
148 218 1:9743092:25267:1:358:39.18
148 218 1 3:5853598:8500:1:1524:116.46
148 218 1 3 11:5858663:6235:1:1962:158.76
148 218 1 3 11 6:6629686:5994:1:2236:165.14
148 218 1 3 6:6769918:7923:1:1524:124.94
148 218 1 11:10946833:17266:1:507:57.33
148 218 1 11 6:12839974:16096:1:608:61.5
148 218 1 6:12319411:22423:1:495:44.15
148 218 3:12438222:21131:1:445:46.85
148 218 3 11:12998087:15422:1:619:64.19
148 218 3 11 6:15100722:14952:1:780:66.21
148 218 3 6:14888705:19718:1:500:50.21
148 218 11:21994990:41427:1:264:23.9
148 218 11 6:27142522:39056:1:267:25.35
148 218 6:23167426:52775:1:207:18.76
148 1:9266512:28049:1:356:35.29
148 1 3:6155208:9684:1:1524:102.22
148 1 3 11:6154663:6934:1:1962:142.75
148 1 3 11 6:6985547:6628:1:2236:149.34
148 1 3 6:7074438:8833:1:1524:112.07
148 1 11:10977892:18907:1:507:52.36
148 1 11 6:13091218:17586:1:608:56.29
148 1 6:12136764:24562:1:495:40.3
148 3:13877244:25905:1:365:38.22
148 3 11:13971905:17671:1:511:56.02
148 3 11 6:16253925:16974:1:547:58.32
148 3 6:16096156:22957:1:434:43.12
148 11:22282407:46646:1:213:21.22
148 11 6:28067782:43736:1:241:22.64
148 6:23152393:60286:1:204:16.42
218:4874774:88598:1:113:11.17
218 1:5302865:32127:1:356:30.81
218 1 3:5449607:11397:1:900:86.86
218 1 3 11:5608277:7591:1:1431:130.4
218 1 3 11 6:6522453:7222:1:1431:137.06
218 1 3 6:6482196:10098:1:1109:98.03
218 1 11:8694921:20447:1:507:48.42
218 1 11 6:11154789:18964:1:507:52.2
218 1 6:9068092:27614:1:449:35.85
218 3:12846983:34148:1:314:28.99
218 3 11:13068148:20455:1:438:48.4
218 3 11 6:15626633:19422:1:665:50.97
218 3 6:15452845:28578:1:336:34.64
218 11:16860736:52699:1:226:18.79
218 11 6:23732160:49055:1:226:20.18
218 6:15944437:72838:1:151:13.59
1:21710428:197522:1:58:5.01
1 3:35124088:80600:1:144:12.28
1 3 11:24516077:34827:1:297:28.43
1 3 11 6:26984093:31094:1:371:31.84
1 3 6:31120323:51948:1:219:19.06
1 11:32267281:84810:1:156:11.67
1 11 6:41033185:75384:1:156:13.13
1 6:34476731:125752:1:86:7.87
3:145070712:441276:1:23:2.24
3 11:89802391:149582:1:72:6.62
3 11 6:97893778:128107:1:90:7.73
3 6:123416445:250565:1:44:3.95
11:95372700:349767:1:28:2.83
11 6:130464332:298719:1:38:3.31
6:95866788:582833:1:15:1.7
