88 87 27 7:4608867:2617:1:2725:378.15
88 27 7:4002513:2697:1:2620:366.94
37 28 32 27:4217054:2848:1:2712:347.49
37 28 32 27 7:5456690:2692:1:3107:367.62
37 28 32 7:4650231:3147:1:2676:314.49
37 28 27 7:4273131:2694:1:3107:367.35
37 32 27:4249794:2979:1:2712:332.22
37 32 27 7:5556858:2817:1:2712:351.31
37 32 7:4679126:3292:1:2095:300.64
37 27 7:4558216:2973:1:2507:332.89
879 27 7:4875874:3083:1:2932:321.01
490:12801440:23225:1:443:42.62
490 3:8729354:9985:1:1233:99.14
490 3 6:5905161:5684:1:1851:174.14
490 11:6641315:8025:1:1288:123.35
490 11 6:6552088:6624:1:1338:149.43
490 6:9273338:12946:1:717:76.47
1138 27 7:4615056:3013:1:2400:328.47
211 87 27:4451162:3540:1:2631:279.58
211 87 27 7:6010082:3332:1:2631:297.03
211 87 7:4958264:3943:1:2573:251.01
211 27 7:5282222:3456:1:2631:286.38
211 7:4046574:4112:1:2573:240.7
276 897 27:4434837:3508:1:2721:282.13
276 897 27 7:5931688:3283:1:3072:301.46
276 897 7:4957819:3949:1:2199:250.63
276 27:4066960:3710:1:2651:266.77
276 27 7:5599310:3416:1:3072:289.73
276 7:4493190:4126:1:2199:239.88
1052 205 27 7:4030274:2627:1:3139:376.71
1507 205 27 7:4204552:2714:1:3881:364.64
73:7165074:18749:1:591:52.8
73 3:5754794:8124:1:1083:121.85
73 3 6:4040034:4651:1:1793:212.81
73 11:4671746:7133:1:1390:138.77
73 11 6:4743998:5814:1:1582:170.25
73 6:5884132:10763:1:860:91.97
526 529 1518 1519 525 528:4328502:1881:2:3427:526.04
526 529 1518 1519 525 528 514:4534331:1879:2:3427:526.6
526 529 1518 1519 525 528 514 11:4501710:1678:2:3861:589.64
526 529 1518 1519 525 528 11:4318949:1680:2:3861:588.94
526 529 1518 1519 525 514:4037244:1886:2:3427:524.64
526 529 1518 1519 525 514 11:4056969:1684:2:3861:587.54
265 27 7:4281270:3003:1:2931:329.56
265 7:4900310:5559:1:1665:178.06
265 7 11:4231124:3684:1:2269:268.66
529 1518 1519 525 528 514:4032337:1887:2:3427:524.37
529 1518 1519 525 528 514 11:4053324:1685:2:3861:587.19
334 333 329 332 330 331:4056214:2468:1:3303:400.97
334 333 329 332 330 331 324 339 338:4746639:1946:1:3457:508.48
334 333 329 332 330 331 324 339 338 11:4819795:1780:1:3480:555.87
334 333 329 332 330 331 324 339 11:4129875:1780:1:3480:555.87
334 333 329 332 330 331 324 338:4150871:1950:1:3457:507.43
334 333 329 332 330 331 324 338 11:4275436:1784:1:3480:554.62
334 333 329 332 330 331 339:4796035:2432:1:3303:406.91
334 333 329 332 330 331 339 338:5722189:2429:1:3303:407.41
334 333 329 332 330 331 339 338 11:5805326:2214:1:3303:446.95
334 333 329 332 330 331 339 11:4956249:2216:1:3303:446.55
334 333 329 332 330 331 338:4947399:2442:1:3303:405.24
334 333 329 332 330 331 338 11:5100658:2225:1:3303:444.74
334 333 329 332 330 331 11:4281465:2244:1:3303:440.98
334 333 329 332 330 324 339 338:4265761:1954:1:3457:506.39
334 333 329 332 330 324 339 338 11:4382132:1787:1:3480:553.69
334 333 329 332 330 339:4149363:2440:1:3303:405.57
334 333 329 332 330 339 338:5079012:2437:1:3303:406.07
334 333 329 332 330 339 338 11:5222864:2221:1:3303:445.55
334 333 329 332 330 339 11:4370534:2223:1:3303:445.14
334 333 329 332 330 338:4299234:2450:1:3303:403.92
334 333 329 332 330 338 11:4513995:2232:1:3303:443.35
334 333 329 332 331 324 339 338:4283721:1965:1:3457:503.56
334 333 329 332 331 324 339 338 11:4391601:1795:1:3480:551.23
334 333 329 332 331 339:4160852:2451:1:3303:403.75
334 333 329 332 331 339 338:5095979:2448:1:3303:404.25
334 333 329 332 331 339 338 11:5230865:2229:1:3303:443.95
334 333 329 332 331 339 11:4374787:2231:1:3303:443.55
334 333 329 332 331 338:4312031:2461:1:3303:402.11
334 333 329 332 331 338 11:4518791:2240:1:3303:441.77
334 333 329 332 339 338:4445329:2457:1:3303:402.77
334 333 329 332 339 338 11:4643105:2237:1:3303:442.36
334 333 329 330 331 324 339 338:4016963:1966:1:3457:503.31
334 333 329 330 331 324 339 338 11:4162385:1800:1:3480:549.7
334 333 329 330 331 339 338:4706429:2449:1:3303:404.08
334 333 329 330 331 339 338 11:4890712:2234:1:3303:442.95
334 333 329 330 331 339 11:4033885:2236:1:3303:442.56
334 333 329 330 331 338 11:4176818:2245:1:3303:440.78
334 333 329 330 339 338:4053891:2458:1:3303:402.6
334 333 329 330 339 338 11:4299450:2242:1:3303:441.37
334 333 329 331 339 338:4069338:2470:1:3303:400.65
334 333 329 331 339 338 11:4307783:2251:1:3303:439.61
334 333 332 330 331 324 339 338:4288011:2098:1:3435:471.65
334 333 332 330 331 324 339 338 11:4435091:1918:1:3457:515.89
334 333 332 330 331 339 338:4950237:2583:1:2490:383.13
334 333 332 330 331 339 338 11:5137305:2354:1:3303:420.38
334 333 332 330 331 339 11:4233498:2356:1:3303:420.03
334 333 332 330 331 338:4120882:2597:1:2490:381.06
334 333 332 330 331 338 11:4384409:2366:1:3303:418.25
334 333 332 330 339 338:4260227:2592:1:2490:381.8
334 333 332 330 339 338 11:4513367:2362:1:3303:418.96
334 333 332 331 324 339 338 11:4181271:2034:1:3457:486.49
334 333 332 331 339 338:4460804:2712:1:2490:364.91
334 333 332 331 339 338 11:4716321:2470:1:3303:400.65
334 333 332 339 338 11:4086024:2497:1:3303:396.32
334 333 330 331 339 338 11:4162270:2380:1:3303:415.79
334 329 332 330 331 324 339 338:4485763:1967:1:3457:503.05
334 329 332 330 331 324 339 338 11:4577646:1797:1:3480:550.61
334 329 332 330 331 324 338 11:4027458:1801:1:3480:549.39
334 329 332 330 331 339:4431754:2453:1:3303:403.42
334 329 332 330 331 339 338:5368434:2450:1:3303:403.92
334 329 332 330 331 339 338 11:5480156:2231:1:3303:443.55
334 329 332 330 331 339 11:4622646:2233:1:3303:443.15
334 329 332 330 331 338:4584836:2463:1:3303:401.79
334 329 332 330 331 338 11:4768780:2242:1:3303:441.37
334 329 332 330 324 339 338 11:4134334:1804:1:3480:548.48
334 329 332 330 339 338:4718162:2458:1:3303:402.6
334 329 332 330 339 338 11:4892045:2238:1:3303:442.16
334 329 332 330 339 11:4031282:2240:1:3303:441.77
334 329 332 330 338 11:4176468:2249:1:3303:440.0
334 329 332 331 324 339 338:4017751:1988:1:3457:497.74
334 329 332 331 324 339 338 11:4146490:1814:1:3480:545.46
334 329 332 331 339 338:4736450:2471:1:3303:400.49
334 329 332 331 339 338 11:4902053:2248:1:3303:440.2
334 329 332 331 339 11:4037360:2250:1:3303:439.81
334 329 332 331 338 11:4182551:2259:1:3303:438.05
334 329 332 339 338:4077917:2480:1:3303:399.03
334 329 332 339 338 11:4307856:2256:1:3303:438.64
334 329 330 331 339 338:4354072:2478:1:3303:399.36
334 329 330 331 339 338 11:4571895:2259:1:3303:438.05
334 332 330 331 324 339 338:4018644:2132:1:3435:464.14
334 332 330 331 324 339 338 11:4192925:1948:1:3457:507.95
334 332 330 331 339 338:4584508:2617:1:2490:378.15
334 332 330 331 339 338 11:4808635:2384:1:3303:415.1
334 332 330 331 338 11:4044378:2396:1:3303:413.02
334 332 330 339 338 11:4180303:2395:1:3303:413.19
334 332 331 339 338:4081695:2758:1:2490:358.83
334 332 331 339 338 11:4374603:2509:1:3303:394.42
1518 1519 525 528 514:4141427:2441:1:3312:405.41
1518 1519 525 528 514 11:4310550:2193:1:3312:451.23
1518 1519 525 528 11:4070731:2195:1:3312:450.82
333 329 332 330 331:4156884:2615:1:2490:378.44
333 329 332 330 331 324 339:4194397:2088:1:3457:473.91
333 329 332 330 331 324 339 338:4993381:2087:1:3457:474.14
333 329 332 330 331 324 339 338 11:5081554:1910:1:3480:518.05
333 329 332 330 331 324 339 11:4344405:1910:1:3480:518.05
333 329 332 330 331 324 338:4352100:2091:1:3457:473.23
333 329 332 330 331 324 338 11:4495600:1914:1:3480:516.97
333 329 332 330 331 339:4937958:2575:1:2490:384.32
333 329 332 330 331 339 338:5914847:2572:1:2490:384.77
333 329 332 330 331 339 338 11:6017650:2345:1:3152:422.0
333 329 332 330 331 339 11:5120873:2347:1:3152:421.64
333 329 332 330 331 338:5093500:2585:1:2490:382.83
333 329 332 330 331 338 11:5270643:2356:1:3152:420.03
333 329 332 330 331 11:4406290:2377:1:3152:416.32
333 329 332 330 324 339 338:4470301:2095:1:3457:472.33
333 329 332 330 324 339 338 11:4605261:1917:1:3480:516.16
333 329 332 330 324 338 11:4016266:1921:1:3480:515.09
333 329 332 330 339:4248509:2583:1:2490:383.13
333 329 332 330 339 338:5228893:2580:1:2490:383.57
333 329 332 330 339 338 11:5396118:2352:1:3152:420.74
333 329 332 330 339 11:4496088:2354:1:3152:420.38
333 329 332 330 338:4402558:2593:1:2490:381.65
333 329 332 330 338 11:4644910:2363:1:3152:418.78
333 329 332 331 324 339 338:4506759:2114:1:3457:468.09
333 329 332 331 324 339 338 11:4634497:1933:1:3480:511.89
333 329 332 331 324 338 11:4040992:1937:1:3480:510.84
333 329 332 331 339:4273527:2602:1:2490:380.33
333 329 332 331 339 338:5262728:2599:1:2490:380.77
333 329 332 331 339 338 11:5422531:2368:1:3152:417.9
333 329 332 331 339 11:4515414:2370:1:3152:417.55
333 329 332 331 338:4430033:2612:1:2490:378.88
333 329 332 331 338 11:4665928:2379:1:3152:415.97
333 329 332 324 339 338 11:4151206:1941:1:3480:509.78
333 329 332 339 338:4567525:2608:1:2490:379.46
333 329 332 339 338 11:4793925:2376:1:3152:416.49
333 329 332 338 11:4033013:2387:1:3152:414.57
333 329 330 331 324 339 338:4210006:2111:1:3457:468.75
333 329 330 331 324 339 338 11:4374269:1933:1:3480:511.89
333 329 330 331 339 338:4843548:2596:1:2457:381.21
333 329 330 331 339 338 11:5051953:2368:1:2895:417.9
333 329 330 331 339 11:4146068:2370:1:2895:417.55
333 329 330 331 338:4011179:2609:1:2457:379.31
333 329 330 331 338 11:4294856:2379:1:2895:415.97
333 329 330 339 338:4151473:2607:1:2457:379.6
333 329 330 339 338 11:4426001:2378:1:2895:416.14
333 329 331 339 338:4179025:2628:1:2457:376.57
333 329 331 339 338 11:4448138:2396:1:2895:413.02
333 332 330 331 324 339 338:4524946:2268:1:3132:436.32
333 332 330 331 324 339 338 11:4698317:2075:1:3457:476.88
333 332 330 331 324 338 11:4059287:2079:1:3457:475.96
333 332 330 331 339:4076698:2758:1:2490:358.83
333 332 330 331 339 338:5125816:2755:1:2490:359.22
333 332 330 331 339 338 11:5344420:2512:1:3152:393.95
333 332 330 331 339 11:4382497:2514:1:3152:393.64
333 332 330 331 338:4242120:2769:1:2490:357.4
333 332 330 331 338 11:4541701:2524:1:3152:392.08
333 332 330 324 339 338 11:4176171:2084:1:3457:474.82
333 332 330 339 338:4387109:2765:1:2490:357.92
333 332 330 339 338 11:4676192:2521:1:3152:392.55
333 332 331 324 339 338:4217921:2425:1:3091:408.08
333 332 331 324 339 338 11:4449038:2217:1:3457:446.35
333 332 331 339 338:4626029:2912:1:2490:339.86
333 332 331 339 338 11:4922242:2654:1:2737:372.88
333 332 331 338 11:4072605:2667:1:2737:371.07
333 332 339 338 11:4239207:2682:1:2737:368.99
333 330 331 339 338 11:4314031:2547:1:2895:388.54
294:8829430:32247:1:310:30.7
294 3:8694357:14497:1:703:68.29
294 3 11:4278932:4931:1:2092:200.73
294 3 11 6:4208910:4110:1:2092:240.82
294 3 6:6241807:8237:1:1046:120.18
294 11:6144065:11187:1:767:88.49
294 11 6:6617590:9323:1:996:106.18
294 6:7940956:18159:1:485:54.52
329 332 330 331 324 339:4124222:2221:1:3132:445.55
329 332 330 331 324 339 338:4977113:2220:1:3132:445.75
329 332 330 331 324 339 338 11:5072807:2025:1:3358:488.65
329 332 330 331 324 339 11:4289563:2025:1:3358:488.65
329 332 330 331 324 338:4290019:2224:1:3132:444.94
329 332 330 331 324 338 11:4449038:2029:1:3358:487.69
329 332 330 331 339:4755893:2710:1:2490:365.18
329 332 330 331 339 338:5788192:2707:1:2490:365.58
329 332 330 331 339 338 11:5906234:2460:1:3152:402.28
329 332 330 331 339 11:4962888:2462:1:3152:401.95
329 332 330 331 338:4918863:2720:1:2490:363.84
329 332 330 331 338 11:5120533:2471:1:3152:400.49
329 332 330 331 11:4212955:2495:1:3152:396.64
329 332 330 324 339 338:4414528:2228:1:3132:444.15
329 332 330 324 339 338 11:4562695:2032:1:3358:486.97
329 332 330 339:4026299:2718:1:2490:364.11
329 332 330 339 338:5062093:2715:1:2490:364.51
329 332 330 339 338 11:5250883:2467:1:3152:401.14
329 332 330 339 11:4304284:2469:1:3152:400.81
329 332 330 338:4187776:2728:1:2490:362.77
329 332 330 338 11:4460981:2478:1:3152:399.36
329 332 331 324 339 338:4457604:2251:1:3132:439.61
329 332 331 324 339 338 11:4598975:2052:1:3358:482.22
329 332 331 339:4056223:2741:1:2490:361.05
329 332 331 339 338:5101429:2738:1:2490:361.45
329 332 331 339 338 11:5283088:2487:1:3152:397.91
329 332 331 339 11:4328807:2489:1:3152:397.59
329 332 331 338:4219828:2751:1:2490:359.74
329 332 331 338 11:4486867:2498:1:3152:396.16
329 332 324 339 338 11:4084765:2062:1:3358:479.88
329 332 339 338:4367956:2749:1:2490:360.0
329 332 339 338 11:4623243:2497:1:3152:396.32
329 330 331 324 339 338:4410954:2391:1:3132:413.88
329 330 331 324 339 338 11:4593889:2178:1:3137:454.34
329 330 331 339 338:4902249:2879:1:2226:343.75
329 330 331 339 338 11:5142460:2614:1:2776:378.59
329 330 331 339 11:4136715:2616:1:2776:378.3
329 330 331 338 11:4307968:2626:1:2776:376.86
329 330 324 339 338 11:4192874:2265:1:3004:436.89
329 330 339 338:4261166:2981:1:2226:331.99
329 330 339 338 11:4584180:2704:1:2776:365.99
329 331 324 339 338 11:4098889:2224:1:3137:444.94
329 331 339 338:4180552:2930:1:2197:337.77
329 331 339 338 11:4493864:2660:1:2776:372.04
329 339 338 11:4052026:2865:1:2338:345.43
332 330 331 324 339 338:4486259:2435:1:3132:406.4
332 330 331 324 339 338 11:4684802:2222:1:3358:445.35
332 330 331 339 338:4969152:2925:1:2490:338.35
332 330 331 339 338 11:5222626:2660:1:3152:372.04
332 330 331 339 11:4201737:2662:1:3152:371.76
332 330 331 338:4025327:2939:1:2490:336.74
332 330 331 338 11:4369726:2672:1:3152:370.37
332 330 324 339 338 11:4135128:2239:1:3358:441.97
332 330 339 338:4191959:2943:1:2490:336.28
332 330 339 338 11:4524658:2677:1:3152:369.68
332 331 324 339 338:4185421:2639:1:3091:375.0
332 331 324 339 338 11:4450850:2405:1:3096:411.47
332 331 339 338:4463904:3129:1:2490:316.29
332 331 339 338 11:4805608:2843:1:2737:348.1
332 339 338 11:4097499:2893:1:2737:342.09
662 136 11:4411812:5760:1:1308:171.85
330 331 324 339 338 11:4139012:2425:1:3137:408.08
330 331 339 338 11:4380028:2864:1:2776:345.55
1956 205 27:5862156:4453:1:1864:222.27
1956 205 27 7:6316208:3402:1:2702:290.92
1956 205 27 7 11:4526576:2181:1:3984:453.71
1956 205 27 11:4542943:2927:1:2564:338.12
1956 205 7:5101184:3876:1:2198:255.35
1956 27:5240740:4780:1:1864:207.07
1956 27 7:5820870:3550:1:2702:278.8
1956 27 7 11:4245295:2282:1:3984:433.64
1956 27 11:4213500:3162:1:2564:312.99
1956 7:4472190:4066:1:2198:243.42
934 27 7:5457056:4750:1:1691:208.38
324 339 338 11:4573919:3866:1:2132:256.01
86:4306455:8800:1:1134:112.49
86 85:7794132:7506:1:1490:131.88
86 85 87 83 7:4981830:2394:1:3137:413.36
86 85 87 27:4387923:2354:1:3637:420.38
86 85 87 27 7:5525676:2295:1:3637:431.19
86 85 87 7:5209502:2805:1:2944:352.82
86 85 83:7997668:6358:1:1490:155.69
86 85 83 27:8323855:4617:1:1835:214.38
86 85 83 27 7:10586000:4499:1:1835:220.0
86 85 83 27 7 11:7187428:2805:1:2691:352.82
86 85 83 27 7 6:5420689:2358:1:2880:419.67
86 85 83 27 11:5795023:2882:1:2691:343.39
86 85 83 27 6:4323324:2407:1:2880:411.13
86 85 83 7:11198247:6198:1:1490:159.7
86 85 83 7 3:4981852:2333:1:3001:424.17
86 85 83 7 11:8465628:4081:1:2234:242.53
86 85 83 7 11 6:5246706:2473:1:3940:400.16
86 85 83 7 6:7079175:3767:1:2500:262.74
86 85 83 11:6388033:4189:1:2234:236.28
86 85 83 11 6:4119954:2533:1:3940:390.69
86 85 83 6:5287156:3853:1:2500:256.88
86 85 27:8508663:5370:1:1835:184.32
86 85 27 7:11141319:5225:1:1835:189.44
86 85 27 7 11:7534546:3216:1:2251:307.74
86 85 27 7 6:5913344:2799:1:2880:353.57
86 85 27 11:5943477:3311:1:2251:298.91
86 85 27 6:4614676:2863:1:2880:345.67
86 85 7:11578734:7302:1:1490:135.56
86 85 7 3:5252701:2751:1:2919:359.74
86 85 7 1:4108614:2419:1:2741:409.09
86 85 7 11:8852701:4776:1:2234:207.24
86 85 7 11 6:5715878:2976:1:3079:332.55
86 85 7 6:7517508:4489:1:1700:220.49
86 85 11:6421748:4915:1:2234:201.38
86 85 11 6:4355327:3057:1:3079:323.74
86 85 6:5374790:4603:1:1700:215.03
86 87 27 7:4348975:2344:1:3288:422.18
86 83:4601398:6501:1:1490:152.26
86 83 27:5899791:4705:1:1835:210.37
86 83 27 7:8240191:4570:1:1835:216.58
86 83 27 7 11:5719482:2845:1:2691:347.86
86 83 27 7 6:4183742:2397:1:2880:412.84
86 83 27 11:4284560:2935:1:2691:337.19
86 83 7:7902865:6294:1:1490:157.27
86 83 7 11:6297147:4139:1:2234:239.13
86 83 7 6:5066036:3824:1:2500:258.82
86 83 11:4160333:4276:1:2234:231.47
86 27:5760009:5569:1:1835:177.74
86 27 7:8489868:5366:1:1835:184.46
86 27 7 11:5910533:3303:1:2251:299.64
86 27 7 6:4514115:2889:1:2880:342.56
86 27 11:4255094:3426:1:2251:288.88
86 7:7786128:7525:1:1490:131.54
86 7 11:6392086:4914:1:2108:201.42
86 7 11 6:4202396:3076:1:2287:321.74
86 7 6:5204235:4638:1:1700:213.41
86 11:4069874:5385:1:1602:183.81
494 11:4155522:5864:1:1306:168.8
494 11 6:4205519:4867:1:1811:203.37
321 27:5511990:7143:1:1210:138.58
321 27 7:8341356:6368:1:1210:155.44
321 27 7 11:6247761:4078:1:2141:242.71
321 27 7 11 6:4628106:2855:1:2521:346.64
321 27 7 6:5883750:4170:1:1886:237.35
321 27 11:4537755:4565:1:1648:216.82
321 27 6:4220243:4678:1:1886:211.58
321 7:5974690:7876:1:1068:125.68
321 7 11:5352180:5215:1:1662:189.8
321 7 11 6:4363465:3821:1:2095:259.03
321 7 6:4806972:5385:1:1656:183.81
85:4826150:8801:1:1077:112.47
85 87 83 27 7:4481389:2096:1:3978:472.1
85 87 83 7:4025012:2533:1:3137:390.69
85 87 27 7:4846790:2531:1:3365:391.0
85 87 7:4232745:3099:1:2726:319.36
85 83:5269274:6853:1:1290:144.44
85 83 27:6542732:4981:1:1835:198.72
85 83 27 7:9036336:4848:1:1835:204.17
85 83 27 7 11:6280848:3028:1:2691:326.84
85 83 27 7 6:4903466:2612:1:2880:378.88
85 83 27 11:4745519:3115:1:2691:317.72
85 83 7:8782426:6665:1:1290:148.52
85 83 7 3:4138916:2524:1:3001:392.08
85 83 7 11:6949159:4384:1:2234:225.77
85 83 7 11 6:4477220:2694:1:3026:367.35
85 83 7 6:5886611:4124:1:2500:240.0
85 83 11:4677939:4513:1:2234:219.32
85 27:6609810:6035:1:1835:164.02
85 27 7:9615020:5852:1:1835:169.14
85 27 7 3:4280022:2180:1:3505:453.92
85 27 7 11:6629980:3575:1:2234:276.85
85 27 7 6:5437929:3233:1:2383:306.12
85 27 11:4826735:3694:1:2234:267.93
85 7:9077530:8286:1:1077:119.46
85 7 3:4424908:3132:1:2919:315.99
85 7 11:7270720:5331:1:2234:185.67
85 7 11 6:4917725:3378:1:2287:292.99
85 7 6:6359921:5227:1:1558:189.37
85 11:4552810:5578:1:2234:177.45
339 338 11:4215875:4319:1:2128:229.17
378 11:4059151:8224:1:1138:120.36
378 11 6:4475181:6900:1:1349:143.46
916 11:4751062:7271:1:1156:136.14
916 11 6:4975029:6156:1:1262:160.79
12 11:4047855:4946:1:1934:200.12
28 32:4768850:9569:1:997:103.45
28 32 897 27 7:4375836:2491:1:3542:397.27
28 32 87 27:4476296:3410:1:2933:290.24
28 32 87 27 7:5968559:3226:1:3506:306.79
28 32 87 7:4899852:3753:1:1934:263.72
28 32 27:7781839:7435:1:1171:133.14
28 32 27 7:11059919:6951:1:1366:142.41
28 32 27 7 3:5040332:2629:1:2884:376.43
28 32 27 7 11:7563032:4205:1:2084:235.38
28 32 27 7 11 6:5155711:2753:1:3101:359.48
28 32 27 7 6:7191375:4286:1:1882:230.93
28 32 27 11:5615549:4477:1:2084:221.08
28 32 27 11 6:4054290:2957:1:3101:334.69
28 32 27 6:5410076:4622:1:1882:214.15
28 32 7:9290610:8895:1:997:111.29
28 32 7 3:4622511:3401:1:2281:291.01
28 32 7 11:7444223:5671:1:1435:174.54
28 32 7 11 6:5556554:3923:1:1817:252.29
28 32 7 6:6788130:5803:1:1371:170.57
28 32 11:4657149:6074:1:1435:162.96
28 32 6:4130507:6284:1:1371:157.52
28 87 27 7:4569155:3245:1:3506:304.99
28 27:4538226:7513:1:1171:131.75
28 27 7:8036579:7006:1:1366:141.29
28 27 7 11:5736179:4239:1:2084:233.49
28 27 7 6:5344288:4325:1:1882:228.85
28 7:5390663:8982:1:997:110.21
28 7 11:4953099:5721:1:1435:173.02
28 7 6:4256495:5863:1:1371:168.83
32:4911480:11069:1:760:89.43
32 897 27 7:4533187:2666:1:3542:371.2
32 87 27:4551650:3614:1:2200:273.86
32 87 27 7:6142870:3418:1:3506:289.56
32 87 7:4990853:3990:1:1934:248.06
32 83 27 7:4105468:2359:1:3670:419.49
32 27:8002530:8068:1:1171:122.69
32 27 7:11531502:7508:1:1366:131.84
32 27 7 3:5273292:2838:1:2703:348.72
32 27 7 11:7941063:4552:1:2084:217.44
32 27 7 11 6:5468686:3007:1:2673:329.12
32 27 7 6:7568286:4665:1:1796:212.17
32 27 3:4020080:3072:1:2532:322.16
32 27 11:5841198:4865:1:2084:203.45
32 27 11 6:4253420:3232:1:2337:306.22
32 27 6:5620897:5042:1:1796:196.31
32 7:9553506:9668:1:997:102.39
32 7 3:4796354:3689:1:2281:268.29
32 7 11:7749259:6171:1:1299:160.4
32 7 11 6:5856768:4307:1:1817:229.81
32 7 6:7071796:6351:1:1371:155.86
32 11:4842059:6816:1:1140:145.23
32 11 6:4112716:4817:1:1532:205.48
32 6:4362513:7247:1:1371:136.59
644:4296429:8673:1:973:114.13
644 64:4194336:4758:1:1771:208.03
644 64 11:4217744:3652:1:2115:271.01
644 11:4746458:6186:1:1612:160.01
644 11 6:4542845:4955:1:1963:199.76
644 6:4269459:6500:1:1374:152.28
737:6773312:17645:1:818:56.1
737 3:4513424:6508:1:1251:152.1
737 3 11:4129031:4284:1:1974:231.04
737 3 11 6:4098280:3658:1:2209:270.57
737 3 6:4250624:4972:1:1865:199.08
737 11:8032653:12189:1:837:81.21
737 11 6:8259829:10176:1:846:97.28
737 6:7314531:13427:1:825:73.73
255 148 218 11:4378543:6662:1:1294:148.58
255 148 218 11 6:4242225:5262:1:1860:188.11
255 148 11:4014749:6669:1:1294:148.43
361 11:5398038:8255:1:926:119.91
361 11 6:5435097:6741:1:1379:146.84
361 6:4292010:7909:1:1223:125.16
278:5518460:20114:1:590:49.22
278 87 27 7:4842630:2952:1:2446:335.25
278 205 27 7:4686070:2955:1:2453:334.91
278 83 27 7:4205943:2641:1:3482:374.72
278 27:8946950:10850:1:1085:91.24
278 27 7:11487815:8390:1:1085:117.98
278 27 7 3:5212566:3103:1:2307:318.94
278 27 7 1:4300823:2924:1:2997:338.46
278 27 7 11:8602600:5403:1:1994:183.2
278 27 7 11 6:5666206:3420:1:2337:289.39
278 27 7 6:7493826:5133:1:1727:192.83
278 27 3:4553839:4013:1:2048:246.64
278 27 11:7519425:7119:1:1307:139.05
278 27 11 6:5340184:4634:1:2008:213.59
278 27 6:6402321:6794:1:1550:145.7
278 7:8634815:10518:1:850:94.12
278 7 3:4492740:3965:1:2261:249.62
278 7 11:7575820:6976:1:1464:141.9
278 7 11 6:5682983:4734:1:1464:209.08
278 7 6:6497051:6791:1:1205:145.76
278 3:4645680:7896:1:1258:125.36
278 11:6072235:11179:1:809:88.55
278 11 6:5554296:8045:1:1112:123.04
278 6:5408165:12432:1:730:79.63
14:5744412:11607:1:798:85.29
14 64:4368195:4987:1:1682:198.48
14 64 11:4384701:3831:1:2987:258.35
14 64 6:4004209:3865:1:2855:256.08
14 11:6130304:7982:1:1126:124.01
14 11 6:6082522:6579:1:1700:150.46
14 6:5841963:8841:1:1086:111.97
897 87 27:4834091:4882:1:2322:202.74
897 87 27 7:7034764:4595:1:2322:215.41
897 87 7:5327296:5440:1:1931:181.95
897 205 27 7:4388263:2982:1:2940:331.88
897 83 27 7:4854646:3298:1:2772:300.09
897 27:7339159:10270:1:1018:96.39
897 27 7:11936919:9482:1:1193:104.4
897 27 7 3:5709681:3622:1:2416:273.25
897 27 7 1:4161467:3041:1:2888:325.44
897 27 7 11:7972136:5492:1:1558:180.23
897 27 7 6:5267194:4243:1:2289:233.27
897 27 3:4072328:3956:1:2381:250.19
897 27 11:5413903:5940:1:1485:166.64
897 7:8828205:12418:1:849:79.72
897 7 3:4838966:4719:1:1814:209.75
897 7 11:7497130:7690:1:1130:128.72
897 7 6:4263458:5810:1:1434:170.37
314:6517016:14842:1:685:66.7
314 11:7575468:10643:1:976:93.01
314 11 6:7639519:8815:1:976:112.3
314 6:6843959:11375:1:865:87.03
49 27:6389412:9695:1:867:102.1
49 27 7:5981366:4995:1:1430:198.16
49 27 7 11:5250193:3671:1:2652:269.61
49 27 11:7082290:7751:1:1033:127.71
49 27 11 6:5611734:5472:1:1429:180.89
49 27 6:5221854:6677:1:1265:148.25
142 90 11:4193983:3832:1:2281:258.28
521:4264190:7826:1:1035:126.49
521 90:4193386:4023:1:2056:246.02
521 90 11:4586888:3515:1:2254:281.57
521 11:5290555:6496:1:1207:152.38
521 11 6:4928192:5095:1:1733:194.27
521 6:4195760:5940:1:1432:166.64
260 11:4518941:5997:1:1538:165.06
260 11 6:4261340:4717:1:1910:209.84
423:5444154:10967:1:862:90.26
423 11:7075628:9246:1:1055:107.06
423 11 6:6911343:7526:1:1075:131.53
423 6:5707362:8685:1:1075:113.98
1644:4697940:8606:1:1040:115.02
1644 148 218 11:4311979:3928:1:2177:251.97
1644 148 11:4195416:4027:1:2177:245.78
1644 11:5562735:6805:1:1229:145.46
1644 11 6:5305184:5475:1:1696:180.79
1644 6:4712227:6672:1:1696:148.36
46 11:4651113:7070:1:1258:140.01
46 11 6:4589725:5664:1:1599:174.76
215 27:4322135:6063:1:2124:163.26
215 27 7:4403192:3526:1:2378:280.69
215 27 11:4456155:4648:1:2124:212.95
215 7 11:4162829:4290:1:2430:230.72
215 3 11:4025531:5419:1:1904:182.66
215 11:6517884:14882:1:815:66.52
215 11 6:6598901:11251:1:999:87.98
215 6:4860573:14954:1:680:66.2
4:38607138:78097:1:163:12.68
4 55:5084550:4892:1:1643:202.33
4 27:5662896:5398:1:1548:183.37
4 27 6:4130176:3483:1:2736:284.16
4 3:27555408:33675:1:422:29.4
4 3 1:5548411:5994:1:1196:165.14
4 3 1 6:4005420:3681:1:2083:268.88
4 3 11:12431847:11434:1:799:86.58
4 3 11 6:11868890:9497:1:1063:104.23
4 3 6:18565323:18882:1:465:52.43
4 1:8879284:14645:1:649:67.6
4 1 11:5797923:6592:1:1217:150.16
4 1 11 6:5630446:5423:1:1350:182.52
4 1 6:6923947:8963:1:1282:110.44
4 11:20702237:26923:1:444:36.77
4 11 6:20717450:22259:1:467:44.47
4 6:28685946:43470:1:236:22.77
379 11:4779935:8021:1:1207:123.41
379 11 6:4790642:6388:1:1207:154.95
21:4788460:8763:1:1211:112.96
21 148 218 11:4240424:3889:1:1949:254.5
21 148 11:4161675:4024:1:1910:245.96
21 11:5754525:7065:1:1231:140.11
21 11 6:5476892:5653:1:1470:175.1
21 6:4784003:6770:1:1470:146.21
254 148 218 11:4459897:5834:1:1287:169.67
254 148 218 11 6:4010961:4406:1:1756:224.64
254 148 11:4210493:5932:1:1287:166.86
254 11:4074756:8310:1:1089:119.12
254 11 6:4229448:6584:1:1154:150.34
269 11:5014454:11449:1:736:86.46
269 11 6:5537428:9340:1:1084:105.98
269 6:4261527:12964:1:873:76.36
504 11:4776213:9725:1:1001:101.79
504 11 6:5110488:7917:1:1095:125.03
504 6:4083651:10692:1:847:92.58
230:4028760:8123:1:1089:121.86
230 148 218 11:4326479:4147:1:1909:238.67
230 148 11:4174223:4226:1:1909:234.21
230 11:5072115:6626:1:1309:149.39
230 11 6:4743278:5160:1:1530:191.82
230 6:4041666:6154:1:1382:160.85
87:5045835:18484:1:533:53.56
87 205 27:4322885:4145:1:2068:238.78
87 205 27 7:6050622:3814:1:2386:259.5
87 205 7:4446462:4292:1:1991:230.61
87 83 27:4791936:4616:1:2241:214.43
87 83 27 7:6760644:4283:1:2241:231.09
87 83 7:5449442:5282:1:2241:187.39
87 27:11089960:13491:1:624:73.38
87 27 7:17002110:12468:1:690:79.4
87 27 7 148:4514457:2851:1:2502:347.13
87 27 7 3:7987084:4737:1:1893:208.95
87 27 7 3 6:5190849:2935:1:2996:337.19
87 27 7 1:5875903:3975:1:2436:248.99
87 27 7 11:6161600:4565:1:1931:216.82
87 27 7 11 6:4641654:3208:1:2622:308.51
87 27 7 6:11088045:7667:1:1359:129.11
87 27 3:5863738:5146:1:1893:192.35
87 27 3 6:4068525:3217:1:2637:307.65
87 27 1:4006298:4296:1:2436:230.39
87 27 6:7882369:8352:1:1359:118.52
87 7:13115975:16103:1:539:61.48
87 7 3:6902839:6101:1:1408:162.24
87 7 3 6:5004668:3982:1:2094:248.56
87 7 1:4625617:4980:1:1565:198.76
87 7 11:7447865:7192:1:1250:137.63
87 7 11 6:6048915:5282:1:1788:187.39
87 7 6:9828110:10453:1:913:94.7
87 3:4171514:7089:1:1230:139.63
87 11:4052885:8126:1:974:121.82
87 6:5209873:11994:1:726:82.53
69:6241860:22631:1:437:43.74
69 27 7:4230570:3091:1:3088:320.18
69 7:4400260:5375:1:1665:184.15
69 7 11:4551540:4182:1:2720:236.67
69 148 218 11:4002647:4890:1:1543:202.41
69 148 11:4070984:5337:1:1458:185.46
69 3:4777444:8238:1:1242:120.16
69 3 11:4931694:5820:1:1532:170.07
69 3 11 6:4970279:4938:1:1876:200.45
69 3 6:4778574:6421:1:1295:154.16
69 1 11:4208407:6388:1:1142:154.95
69 11:8968075:16370:1:598:60.47
69 11 6:9571755:13616:1:894:72.7
69 6:7677129:17485:1:658:56.62
747:4590504:9368:1:1053:105.67
747 229:4161618:4170:1:2976:237.35
747 148 218:4076337:5296:1:2097:186.9
747 148 218 11:4676082:4564:1:2097:216.87
747 148 11:4527860:4667:1:2097:212.08
747 11:5524125:7389:1:1339:133.97
747 11 6:5219215:5801:1:1339:170.63
747 6:4635213:7139:1:1339:138.66
229:4995630:10034:1:819:98.65
229 148:4300261:5974:1:1483:165.69
229 148 218:4498700:5800:1:1483:170.66
229 148 218 11:5120608:4976:1:1703:198.92
229 148 218 11 6:4357579:3711:1:2574:266.7
229 148 11:4961320:5093:1:1703:194.35
229 148 11 6:4270543:3810:1:2111:259.77
229 218 11:4242965:5251:1:1703:188.5
229 11:5907236:7827:1:1354:126.47
229 11 6:5648186:6226:1:1443:158.99
229 6:5112153:7775:1:1236:127.32
55:35912470:65412:1:154:15.13
55 27:5361460:4873:1:1849:203.12
55 27 7:4462640:2722:1:2987:363.57
55 7:6445640:5901:1:1357:167.74
55 7 11:5004995:3672:1:2486:269.53
55 7 6:4269790:3652:1:2316:271.01
55 148:4056176:5263:1:1686:188.07
55 148 218 11:4163663:3796:1:1922:260.73
55 148 11:4366043:4192:1:1807:236.11
55 218:4021549:6640:1:1323:149.07
55 218 11:4099855:4683:1:1599:211.36
55 3:24392522:27993:1:379:35.36
55 3 1:4917098:5084:1:1849:194.69
55 3 11:11271174:9907:1:1121:99.92
55 3 11 6:10417391:8054:1:1192:122.91
55 3 6:16112228:15621:1:648:63.37
55 1:8564284:12963:1:875:76.37
55 1 11:5985520:6404:1:1241:154.57
55 1 11 6:5474940:5049:1:1377:196.04
55 1 6:6540634:7975:1:1341:124.12
55 11:19596820:23859:1:442:41.49
55 11 6:18860172:19333:1:535:51.21
55 6:25901164:36467:1:302:27.15
316:4590324:27852:1:311:35.54
316 3:5054136:10613:1:774:93.27
316 3 11:4549371:6160:1:1394:160.69
316 3 11 6:4757793:5296:1:1513:186.9
316 3 6:4813197:7558:1:1212:130.97
316 11:7547246:17317:1:536:57.17
316 11 6:8643934:14592:1:769:67.84
316 6:6539256:19958:1:754:49.6
136:7790034:23679:1:397:41.81
136 27 7:4128520:2873:1:3016:344.47
136 7:4491984:5105:1:1566:193.89
136 7 11:4495431:3906:1:2082:253.39
136 148 218 11:4254614:4872:1:1755:203.16
136 148 11:4362064:5324:1:1523:185.92
136 3:5578560:8773:1:1199:112.83
136 3 11:5365209:5930:1:1443:166.92
136 1:4123486:9398:1:933:105.33
136 1 11:5240761:7385:1:1068:134.04
136 11:10000455:16637:1:624:59.5
136 6:4740954:11391:1:720:86.9
273:5688726:17177:1:496:57.63
273 148 218 11:4800368:5492:1:1394:180.23
273 148 218 11 6:4257176:4177:1:1967:236.96
273 148 11:4784822:5830:1:1394:169.78
273 148 11 6:4326971:4475:1:1967:221.18
273 218 11:4017127:6116:1:1164:161.84
273 1 11:4338376:6074:1:1410:162.96
273 1 11 6:4049727:4687:1:1705:211.18
273 11:7320758:12127:1:657:81.63
273 11 6:7588766:10007:1:786:98.92
273 6:6436203:13067:1:616:75.76
205:4699556:21373:1:604:46.32
205 83 27 7:4670200:3050:1:2536:324.48
205 27:11140080:14511:1:697:68.22
205 27 7:14391750:10982:1:837:90.14
205 27 7 3:6357618:3954:1:1803:250.32
205 27 7 3 11:4489361:2463:1:3014:401.79
205 27 7 1:5185240:3644:1:2507:271.61
205 27 7 1 11:4078138:2487:1:3125:397.91
205 27 7 11:10764435:7034:1:1328:140.73
205 27 7 11 6:4160685:2931:1:2482:337.65
205 27 7 6:6172810:4751:1:1697:208.33
205 27 3:5554796:5219:1:1537:189.66
205 27 3 11:4314501:3336:1:2137:296.67
205 27 1:4218738:4786:1:1995:206.81
205 27 11:9521679:9522:1:905:103.96
205 27 6:5007336:6453:1:1205:153.39
205 7:10623282:13877:1:655:71.34
205 7 3:5311936:5016:1:1778:197.33
205 7 3 11:4271243:3237:1:2926:305.74
205 7 11:9438237:9164:1:817:108.02
205 7 11 6:4959308:4504:1:1840:219.76
205 7 6:6113174:6878:1:1153:143.92
205 11:6821856:13962:1:664:70.9
205 11 6:4294343:7292:1:1261:135.75
205 6:4079454:11291:1:809:87.67
40 148 218 11:4131934:5806:1:1768:170.48
40 148 11:4185123:6362:1:1338:155.59
40 3 11:4423241:6052:1:1460:163.56
40 3 11 6:4611786:5188:1:2051:190.79
40 3 6:4329684:6885:1:1120:143.77
40 1 11:4029201:7351:1:1219:134.66
40 11:7663231:17504:1:649:56.56
40 11 6:8658332:14638:1:686:67.63
40 6:6304854:19215:1:639:51.52
512 11 6:4051216:8466:1:1132:116.92
138 27 7:4460922:3865:1:2563:256.08
138 7:4351328:7214:1:1693:137.21
138 7 11:4558276:5236:1:1693:189.04
138 3:4815172:13274:1:733:74.58
138 3 11:4735752:7556:1:1137:131.0
138 3 11 6:4835957:6171:1:1478:160.4
138 3 6:4886141:9335:1:799:106.04
138 11:6836402:20804:1:514:47.58
138 11 6:8048026:16722:1:595:59.2
138 6:5363083:24740:1:472:40.01
2:23634450:42927:1:248:23.06
2 27:6337310:5771:1:1482:171.52
2 27 7:6624470:4051:1:2021:244.32
2 27 7 11:5163080:2791:1:2370:354.59
2 27 7 6:4203425:2451:1:2963:403.75
2 27 11:5151715:3879:1:2008:255.16
2 27 6:4378478:3582:1:2300:276.31
2 7:8410490:7664:1:994:129.16
2 7 11:7254755:5311:1:1427:186.37
2 7 11 6:5528903:3738:1:2169:264.78
2 7 6:6305042:5133:1:1625:192.83
2 148:4784722:6212:1:1604:159.34
2 148 218:4537348:5498:1:2193:180.03
2 148 218 11:5057919:4610:1:2739:214.7
2 148 218 11 6:4138035:3344:1:2739:295.96
2 148 11:5282758:5077:1:2739:194.96
2 148 11 6:4407693:3726:1:2739:265.63
2 148 6:4109007:4447:1:2193:222.57
2 218:4294085:7085:1:1263:139.71
2 218 11:4737226:5392:1:1981:183.57
2 218 11 6:4073124:3982:1:2027:248.56
2 3:15217878:17587:1:736:56.29
2 3 11:8722241:7699:1:1492:128.57
2 3 11 6:8211505:6365:1:1578:155.51
2 3 6:11095600:10827:1:759:91.43
2 1:7085118:10708:1:871:92.45
2 1 11:6186874:6647:1:1615:148.92
2 1 11 6:5444313:5060:1:1642:195.61
2 1 6:5781785:7094:1:1290:139.54
2 11:16519490:20025:1:413:49.44
2 11 6:15941244:16260:1:540:60.88
2 6:18946084:26598:1:388:37.22
364 11 6:4421159:7702:1:1128:128.52
987 148 218 11:4660997:7773:1:1470:127.35
987 148 218 11 6:4476898:5990:1:1561:165.25
987 148 11:5982813:10941:1:1132:90.48
987 148 11 6:6138978:8796:1:1281:112.54
987 148 6:4600796:10584:1:925:93.53
987 11:4154622:12689:1:696:78.01
987 11 6:4927615:10255:1:943:96.53
446:12833360:23270:1:431:42.54
446 27:4017350:3643:1:3389:271.68
446 7:4900340:4444:1:2170:222.72
446 7 11:4547315:3322:1:2486:297.92
446 148:4494108:5771:1:1246:171.52
446 148 218:4403144:5291:1:1918:187.08
446 148 218 11:5015480:4547:1:2108:217.68
446 148 218 11 6:4156166:3330:1:2200:297.21
446 148 11:5131587:4887:1:1533:202.54
446 148 11 6:4329688:3621:1:2200:273.33
446 218 11:4566093:5184:1:1563:190.94
446 3:7460632:8700:1:946:113.78
446 3 11:5707593:5119:1:1668:193.36
446 3 11 6:5579323:4376:1:1803:226.18
446 3 6:6408080:6298:1:1600:157.17
446 1:5395638:8119:1:1271:121.92
446 1 11:5644446:6016:1:1479:164.53
446 1 11 6:5038943:4636:1:2304:213.5
446 1 6:4863011:5904:1:1437:167.65
446 11:11899205:14424:1:686:68.63
446 11 6:11789619:12027:1:690:82.31
446 6:12012645:16847:1:537:58.76
155:5722245:11494:1:954:86.12
155 148:4604474:6443:1:2563:153.63
155 148 218:4824165:6264:1:2563:158.02
155 148 218 1 11:4000905:3466:1:2908:285.55
155 148 218 11:5792511:5567:1:2563:177.8
155 148 218 11 6:4706064:4020:1:2563:246.21
155 148 218 6:4080305:4459:1:2563:221.97
155 148 11:5616665:5700:1:2563:173.65
155 148 11 6:4607270:4128:1:2563:239.77
155 218 11:4835900:5878:1:1447:168.4
155 218 11 6:4058512:4247:1:2132:233.05
155 1 11:4676537:5329:1:1637:185.74
155 11:7231096:9413:1:1058:105.16
155 11 6:6570559:7274:1:1064:136.08
155 6:5597172:8657:1:1064:114.35
25 148 218 11:4382866:6706:1:1381:147.61
25 148 11:4087171:6829:1:1381:144.95
25 11 6:4242856:8000:1:1156:123.73
438:4157240:18910:1:530:52.35
438 3 11:4318539:5477:1:1794:180.72
438 3 11 6:4517150:4748:1:1956:208.47
438 1 11:4303318:7200:1:1195:137.48
438 1 11 6:4084865:5488:1:1382:180.36
438 11:7805890:15917:1:606:62.19
438 11 6:8525175:13237:1:715:74.78
438 6:5839881:15326:1:681:64.59
303 148 218 11:4075416:6798:1:1432:145.61
303 148 11:4013893:7363:1:1290:134.44
303 11:4985635:15239:1:610:64.96
303 11 6:6081179:12614:1:759:78.48
83:7095512:32212:1:386:30.73
83 27:9917190:12872:1:847:76.91
83 27 7:14008324:10687:1:847:92.63
83 27 7 148:4122674:2683:1:3498:368.85
83 27 7 3:6337206:3910:1:2416:253.13
83 27 7 3 11:4538131:2474:1:3264:400.0
83 27 7 1:5446418:3815:1:2430:259.43
83 27 7 1 11:4253492:2596:1:3025:381.21
83 27 7 11:10464842:6856:1:1340:144.38
83 27 7 11 6:6133144:3964:1:2227:249.69
83 27 7 6:8674213:6363:1:1320:155.56
83 27 3:5070154:4696:1:1724:210.77
83 27 1:4059418:4605:1:2418:214.94
83 27 11:8443314:8505:1:1226:116.39
83 27 11 6:5518463:5118:1:1596:193.4
83 27 6:6900284:7900:1:1132:125.3
83 7:12065726:15771:1:669:62.77
83 7 3:6252630:5847:1:1306:169.29
83 7 3 11:5239757:3923:1:2538:252.29
83 7 3 6:4689433:3957:1:1793:250.13
83 7 1:4791162:5463:1:1969:181.19
83 7 1 11:4529920:3967:1:2304:249.5
83 7 11:11110934:10756:1:799:92.03
83 7 11 6:7749128:6941:1:1769:142.61
83 7 6:9148228:10412:1:899:95.07
83 148 218 11:4142955:5421:1:1691:182.59
83 148 11:4219753:5952:1:1691:166.3
83 3:6351324:12021:1:844:82.35
83 3 11:6346737:7974:1:1090:124.14
83 3 11 6:5802726:6145:1:1315:161.08
83 3 6:6073513:8840:1:1034:111.98
83 1 11:4766575:7963:1:1126:124.31
83 11:10790459:21967:1:625:45.07
83 11 6:10685159:16694:1:625:59.3
83 6:8890673:23438:1:518:42.24
56:4329315:15752:1:575:62.85
56 148 218 11:4270669:5232:1:1450:189.18
56 148 11:4207425:5538:1:1450:178.73
56 1 11:4304265:6597:1:1287:150.05
56 11:6995920:12859:1:655:76.98
56 11 6:7242631:10407:1:922:95.12
56 6:5382621:12360:1:683:80.09
135:9039519:18313:1:508:54.06
135 90 11:4050674:3225:1:2632:306.88
135 27:4407750:4202:1:2563:235.55
135 27 7:4393060:2761:1:3643:358.44
135 27 11:4215844:3271:1:2838:302.57
135 7:4622436:4464:1:2284:221.72
135 7 11:4652242:3565:1:2365:277.62
135 148:4920029:6880:1:1710:143.87
135 148 218:4981231:6467:1:1710:153.06
135 148 218 1 11:4175952:3611:1:2497:274.09
135 148 218 11:6026665:5781:1:1743:171.22
135 148 218 11 6:4582570:3908:1:2481:253.26
135 148 1 11:4170511:3785:1:2497:261.49
135 148 11:6039229:6110:1:1743:162.0
135 148 11 6:4664083:4161:1:1743:237.87
135 218:4063313:7398:1:1710:133.8
135 218 11:5235314:6371:1:1743:155.37
135 218 11 6:4158109:4348:1:1743:227.64
135 3:4815276:6115:1:1869:161.87
135 3 11:5182477:4902:1:2411:201.92
135 3 11 6:4777568:3949:1:2411:250.63
135 3 6:4551711:4781:1:1869:207.03
135 1:5236272:8660:1:1047:114.31
135 1 11:6469586:7396:1:1147:133.84
135 1 11 6:5335479:5278:1:1585:187.54
135 1 6:4656358:6123:1:1549:161.66
135 11:11543754:15065:1:635:65.71
135 11 6:10690649:11714:1:728:84.51
135 6:9124098:13950:1:635:70.96
77:4793334:43454:1:241:22.78
77 27:4479824:6816:1:1336:145.23
77 27 7:5470012:4532:1:1549:218.4
77 27 7 11:4763372:3330:1:2697:297.21
77 27 11:4589219:5117:1:1487:193.44
77 7:5453440:8329:1:993:118.85
77 7 11:5939411:6430:1:1353:153.94
77 7 11 6:4531672:4381:1:1635:225.92
77 7 6:4397511:5584:1:1384:177.26
77 148 218 11:5290863:8063:1:1216:122.77
77 148 218 11 6:4757894:5951:1:2330:166.33
77 148 11:5342638:8881:1:1216:111.46
77 148 11 6:4948008:6629:1:2330:149.32
77 218 11:4065527:9301:1:1216:106.43
77 218 11 6:4051846:6941:1:1252:142.61
77 3:6879412:16434:1:547:60.24
77 3 11:7361218:10737:1:852:92.2
77 3 11 6:7759007:9198:1:903:107.62
77 3 6:7277546:12510:1:734:79.13
77 1 11:5407093:10946:1:921:90.44
77 1 11 6:5384383:8405:1:1044:117.77
77 11:11319883:29494:1:395:33.57
77 11 6:13278282:24652:1:395:40.16
77 6:8965361:32818:1:325:30.17
90:10921995:22062:1:417:44.87
90 27:5078864:4872:1:1767:203.16
90 27 7:5020510:3176:1:2678:311.62
90 27 7 11:4357435:2420:1:3309:408.92
90 27 11:5012349:3899:1:1953:253.85
90 7:5390326:5186:1:2098:190.86
90 7 11:5495038:4224:1:2098:234.32
90 148:6859684:9616:1:890:102.94
90 148 218:7012425:9136:1:890:108.35
90 148 218 1:5037019:5725:1:1452:172.9
90 148 218 1 11:5877457:5130:1:1582:192.95
90 148 218 11:8453363:8169:1:890:121.18
90 148 218 11 6:5443037:5032:1:1755:196.7
90 148 218 6:4559064:5515:1:1755:179.48
90 148 1:4935821:5984:1:1452:165.41
90 148 1 11:5809456:5327:1:1582:185.81
90 148 11:8383816:8546:1:890:115.83
90 148 11 6:5553751:5357:1:1609:184.77
90 148 6:4590439:5886:1:1609:168.17
90 218:5549011:10146:1:886:97.57
90 218 1:4132527:6265:1:1452:158.0
90 218 1 11:5067529:5469:1:1582:180.99
90 218 11:7179087:8806:1:890:112.41
90 218 11 6:4690641:5433:1:1531:182.19
90 3:5470350:6994:1:1409:141.53
90 3 11:5969581:5694:1:1558:173.84
90 3 11 6:5537397:4633:1:1852:213.64
90 3 6:5140590:5494:1:1639:180.16
90 1:6719886:11087:1:770:89.29
90 1 11:8341706:9529:1:997:103.88
90 1 11 6:6588820:6712:1:1552:147.48
90 1 6:5553741:7695:1:1132:128.64
90 11:13971499:18232:1:583:54.3
90 11 6:12292168:13905:1:724:71.19
90 6:10158183:16358:1:558:60.52
64:18613434:48262:1:197:20.51
64 27:6453999:6918:1:1403:143.08
64 27 7:6752231:4554:1:1881:217.34
64 27 7 11:5460194:3221:1:2361:307.26
64 27 7 6:4064055:2618:1:3520:378.01
64 27 11:5802880:4977:1:1586:198.88
64 27 6:4457909:4262:1:2215:232.23
64 7:7749610:8286:1:1230:119.46
64 7 11:7306004:6083:1:1438:162.72
64 7 11 6:5293560:4063:1:1805:243.6
64 7 6:5774994:5443:1:1729:181.85
64 148:6474576:10683:1:843:92.66
64 148 218:6386202:9682:1:1134:102.24
64 148 218 1 11:4715253:4527:1:2563:218.64
64 148 218 11:7703293:8267:1:1206:119.74
64 148 218 11 6:5934859:5706:1:1265:173.47
64 148 218 6:5275791:6678:1:1254:148.23
64 148 1:4008118:5604:1:1823:176.63
64 148 1 11:4766862:4830:1:2563:204.93
64 148 11:7884582:8975:1:933:110.29
64 148 11 6:6255397:6303:1:1254:157.04
64 148 6:5507945:7439:1:1254:133.06
64 218:5227976:11857:1:893:83.49
64 218 1 11:4119005:5004:1:2135:197.8
64 218 11:6765294:9494:1:893:104.27
64 218 11 6:5589841:6716:1:1265:147.39
64 218 6:4916287:8439:1:1164:117.3
64 3:12654391:18210:1:639:54.36
64 3 1:4079168:5178:1:1959:191.16
64 3 11:10264084:10693:1:914:92.58
64 3 11 6:10174681:9087:1:1156:108.94
64 3 6:11241590:13120:1:880:75.45
64 1:7650313:15390:1:609:64.32
64 1 11:8690489:11261:1:779:87.91
64 1 11 6:7531195:8344:1:1097:118.63
64 1 6:7023207:10865:1:833:91.11
64 11:19560659:29676:1:384:33.36
64 11 6:19824921:24498:1:416:40.41
64 6:18889695:34702:1:276:28.53
27:39711930:72134:1:198:13.72
27 7:42870660:39299:1:280:25.19
27 7 148:10777030:8172:1:984:121.13
27 7 148 218:9849463:7253:1:1550:136.48
27 7 148 218 1:5641302:3834:1:2059:258.15
27 7 148 218 1 11:5036394:2938:1:2753:336.85
27 7 148 218 11:8790650:5505:1:1633:179.8
27 7 148 218 11 6:4854584:3006:1:2516:329.23
27 7 148 218 6:5535281:3913:1:1994:252.94
27 7 148 1:6078622:4239:1:2059:233.49
27 7 148 1 11:5223710:3152:1:2753:313.99
27 7 148 11:9259324:6011:1:1328:164.67
27 7 148 11 6:5223985:3335:1:2454:296.76
27 7 148 6:6088361:4436:1:1908:223.12
27 7 218:9930607:8753:1:1181:113.09
27 7 218 1:5443319:4350:1:2059:227.53
27 7 218 1 11:4866607:3253:1:2585:304.24
27 7 218 11:8840241:6427:1:1633:154.01
27 7 218 11 6:4990707:3570:1:2454:277.23
27 7 218 6:5857554:4883:1:1752:202.7
27 7 3:21101744:15025:1:815:65.89
27 7 3 1:6398306:4248:1:2388:233.0
27 7 3 1 11:4896561:2846:1:2607:347.74
27 7 3 1 6:4201410:2643:1:2708:374.43
27 7 3 11:15068280:9264:1:1199:106.85
27 7 3 11 6:10877342:6380:1:1364:155.15
27 7 3 6:15055184:9997:1:1299:99.02
27 7 1:14535902:12077:1:822:81.97
27 7 1 11:11867527:8276:1:1289:119.61
27 7 1 11 6:7351816:4966:1:1487:199.32
27 7 1 6:9221093:7197:1:1340:137.54
27 7 11:32703285:24782:1:420:39.95
27 7 11 6:23144056:16619:1:548:59.57
27 7 6:30557989:25684:1:418:38.54
27 148:9235928:11964:1:853:82.74
27 148 218:8713248:10613:1:853:93.27
27 148 218 1:5134962:5517:1:1817:179.41
27 148 218 1 11:5223349:4445:1:1880:222.67
27 148 218 11:8982116:8438:1:1014:117.31
27 148 218 11 6:5661348:4978:1:1748:198.84
27 148 218 6:5670644:6172:1:1273:160.38
27 148 1:5338726:6048:1:1817:163.66
27 148 1 11:5318695:4749:1:1817:208.42
27 148 11:9297521:9209:1:1014:107.49
27 148 11 6:6009114:5519:1:1456:179.35
27 148 6:6099680:6995:1:1273:141.51
27 218:7888875:13194:1:795:75.03
27 218 1:4496428:6335:1:1222:156.25
27 218 1 11:4720736:4942:1:1585:200.28
27 218 11:8344350:9903:1:959:99.96
27 218 11 6:5424260:5920:1:1580:167.2
27 218 6:5518535:7874:1:1157:125.71
27 3:24716812:28461:1:342:34.78
27 3 1:6904974:7139:1:1153:138.66
27 3 1 11:5454696:4542:1:1800:217.92
27 3 1 11 6:4125322:3125:1:2717:316.7
27 3 1 6:5024452:4558:1:1872:217.15
27 3 11:17050914:15383:1:681:64.35
27 3 11 6:13911092:11274:1:795:87.81
27 3 6:18478373:18330:1:566:54.01
27 1:13060510:19793:1:521:50.02
27 1 11:11738568:13013:1:993:76.07
27 1 11 6:8589067:8525:1:1335:116.12
27 1 6:9620807:12247:1:706:80.83
27 11:32002510:40279:1:309:24.58
27 11 6:26135353:28676:1:374:34.52
27 6:31408079:45828:1:259:21.6
7:46196430:84838:1:126:11.67
7 148:11131438:14530:1:678:68.13
7 148 218:10525691:12877:1:852:76.88
7 148 218 1:6062135:6535:1:1386:151.47
7 148 218 1 11:6405785:5340:1:2330:185.36
7 148 218 11:11325078:10384:1:865:95.33
7 148 218 11 6:8218791:6864:1:1322:144.21
7 148 218 6:7940998:8384:1:1315:118.07
7 148 1:6287434:7170:1:1076:138.06
7 148 1 11:6565971:5746:1:2330:172.26
7 148 1 11 6:4185057:3415:1:3884:289.81
7 148 1 6:4106972:4167:1:2328:237.52
7 148 11:11831630:11434:1:790:86.58
7 148 11 6:8753141:7648:1:1108:129.43
7 148 6:8485448:9487:1:859:104.34
7 218:9692726:16253:1:769:60.91
7 218 1:5410877:7631:1:1109:129.72
7 218 1 11:5899251:6019:1:1386:164.45
7 218 11:10747956:12363:1:865:80.07
7 218 11 6:8133240:8301:1:1108:119.25
7 218 6:7913033:10827:1:982:91.43
7 3:28627124:33318:1:313:29.71
7 3 1:7928404:8285:1:1114:119.48
7 3 1 11:6651146:5479:1:1444:180.66
7 3 1 11 6:5157083:3889:1:1882:254.5
7 3 1 6:6042633:5551:1:1599:178.31
7 3 11:21545860:19177:1:516:51.62
7 3 11 6:18428187:14728:1:736:67.21
7 3 6:22874575:22837:1:494:43.35
7 1:15271960:23263:1:452:42.56
7 1 11:14685489:15869:1:666:62.38
7 1 11 6:11298963:10952:1:907:90.39
7 1 6:12039395:15307:1:590:64.67
7 11:40957100:50275:1:236:19.69
7 11 6:35861688:38095:1:321:25.99
7 6:39830466:57883:1:190:17.1
148:15389848:69922:1:187:14.16
148 218:16121988:58619:1:207:16.89
148 218 3:5094684:11240:1:877:88.07
148 218 3 11:6742101:9286:1:1073:106.6
148 218 3 11 6:6788816:7727:1:1073:128.11
148 218 3 6:5619484:9159:1:949:108.08
148 218 1:9693771:25147:1:358:39.37
148 218 1 11:14082954:21455:1:423:46.14
148 218 1 11 6:13057822:16323:1:596:60.65
148 218 1 6:10219835:18877:1:539:52.44
148 218 11:26421033:48281:1:207:20.5
148 218 11 6:27967571:40001:1:278:24.75
148 218 6:20673119:47534:1:253:20.83
148 3:7268236:16273:1:570:60.83
148 3 1 11:4026643:5010:1:1668:197.57
148 3 11:8309183:11782:1:877:84.02
148 3 11 6:8494927:9876:1:1073:100.23
148 3 6:7501996:12482:1:757:79.31
148 1:9266512:28049:1:356:35.29
148 1 11:13980267:23245:1:423:42.59
148 1 11 6:13323859:17850:1:596:55.46
148 1 6:10211774:20969:1:503:47.21
148 11:26515262:53830:1:204:18.39
148 11 6:28904112:44771:1:278:22.11
148 6:20921532:54965:1:204:18.01
218:4860921:88356:1:113:11.2
218 3 11:5888842:11631:1:723:85.11
218 3 11 6:6401066:9683:1:723:102.23
218 3 6:5168830:13100:1:606:75.57
218 1:5281167:31999:1:356:30.94
218 1 11:10754499:24654:1:364:40.15
218 1 11 6:11042134:18950:1:456:52.24
218 1 6:7708470:23803:1:449:41.59
218 11:19519377:59615:1:187:16.61
218 11 6:23816191:49462:1:221:20.02
218 6:14526442:67064:1:153:14.76
3:138520302:427856:1:24:2.31
3 1:32748478:76688:1:146:12.91
3 1 11:22816211:33114:1:297:29.9
3 1 11 6:23341562:27534:1:380:35.95
3 1 6:27477798:46774:1:225:21.17
3 11:84748109:143341:1:81:6.91
3 11 6:88826661:118203:1:84:8.38
3 6:114831357:236584:1:53:4.18
1:21710428:197522:1:58:5.01
1 11:34297245:89501:1:156:11.06
1 11 6:39772694:73666:1:156:13.44
1 6:32934671:120626:1:86:8.21
11:97961385:357676:1:29:2.77
11 6:128234500:295214:1:38:3.35
6:94452402:575504:1:15:1.72
