42 2 120 38 36 97 94:4026803:1936:1:2754:4.34
23 57 31 104 71 67 41:4131474:1832:1:2393:4.59
23 57 31 104 71 67 41 38:4335344:1832:1:2393:4.59
23 57 31 104 71 67 41 38 94:4443524:1804:1:2393:4.66
23 57 31 104 71 67 41 94:4243060:1804:1:2393:4.66
23 57 104 56 71 67 41 38 97:4162672:1800:1:2700:4.67
23 57 104 56 71 67 41 38 97 94:4261992:1771:1:2700:4.75
23 57 104 56 71 67 41 97 94:4064960:1771:1:2700:4.75
23 31 104 71 67 41 38:4033292:1832:1:2393:4.59
23 31 104 71 67 41 38 94:4146863:1804:1:2393:4.66
23 31 1 71 67 41:4194019:1952:1:2177:4.31
23 31 1 71 67 41 38:4410399:1952:1:2177:4.31
23 31 1 71 67 41 38 90:4022544:1598:1:2178:5.26
23 31 1 71 67 41 38 90 94:4169025:1589:1:2178:5.29
23 31 1 71 67 41 38 94:4544611:1924:1:2177:4.37
23 31 1 71 67 41 94:4331637:1924:1:2177:4.37
23 31 1 71 41 38 94:4024106:1924:1:2177:4.37
23 104 71 67 41 38:4242738:2416:1:2393:3.48
23 104 71 67 41 38 90:4066829:2004:1:2393:4.2
23 104 71 67 41 38 90 36 97 94:4023968:1500:1:2701:5.61
23 104 71 67 41 38 90 97:4322201:1921:1:2701:4.38
23 104 71 67 41 38 90 97 94:4479689:1906:1:2701:4.41
23 104 71 67 41 38 90 94:4237845:1989:1:2393:4.23
23 104 71 67 41 38 97:4578429:2312:1:2700:3.64
23 104 71 67 41 38 97 94:4724643:2277:1:2700:3.69
23 104 71 67 41 38 94:4411394:2381:1:2393:3.53
23 104 71 67 41 90 97:4110499:1921:1:2701:4.38
23 104 71 67 41 90 97 94:4269929:1906:1:2701:4.41
23 104 71 67 41 90 94:4018873:1989:1:2393:4.23
23 104 71 67 41 97:4322003:2312:1:2700:3.64
23 104 71 67 41 97 94:4472627:2277:1:2700:3.69
23 104 71 67 41 94:4147910:2381:1:2393:3.53
23 104 71 67 38 90 36 97 94:4016029:1736:1:2701:4.85
23 104 71 67 38 90 97 94:4142078:2142:1:2701:3.93
23 104 71 67 38 97 94:4147972:2533:1:2700:3.32
23 104 71 67 90 36 97 94:4035179:1831:1:2344:4.59
23 104 71 67 90 97 94:4073636:2237:1:2344:3.76
23 104 71 67 97 94:4023204:2637:1:2344:3.19
23 104 71 41 38 90 97 94:4093237:1969:1:2692:4.27
23 104 71 41 38 97:4066659:2384:1:2692:3.53
23 104 71 41 38 97 94:4235850:2349:1:2692:3.58
23 104 67 41 38 90 36 97 94:4016370:1717:1:2696:4.9
23 104 67 41 38 90 97 94:4178700:2125:1:2696:3.96
23 104 67 41 38 97:4097216:2576:1:2696:3.27
23 104 67 41 38 97 94:4278520:2538:1:2696:3.31
23 1 71 67 41:4201801:2464:1:2129:3.41
23 1 71 67 41 38:4474001:2464:1:2129:3.41
23 1 71 67 41 38 90:4359187:2074:1:2129:4.06
23 1 71 67 41 38 90 36:4021539:1639:1:2131:5.13
23 1 71 67 41 38 90 36 94:4190051:1637:1:2131:5.14
23 1 71 67 41 38 90 94:4543176:2059:1:2129:4.09
23 1 71 67 41 38 36 94:4065741:1803:1:2131:4.67
23 1 71 67 41 38 94:4659641:2430:1:2129:3.46
23 1 71 67 41 90:4131543:2074:1:2129:4.06
23 1 71 67 41 90 36 94:4013079:1637:1:2131:5.14
23 1 71 67 41 90 94:4317474:2059:1:2129:4.09
23 1 71 67 41 94:4391683:2430:1:2129:3.46
23 1 67 41 38 90 94:4030808:2219:1:2129:3.79
57 31 104 71 67 41 38:4135482:1832:1:2393:4.59
57 31 104 71 67 41 38 94:4247464:1804:1:2393:4.66
57 31 104 71 67 41 94:4047000:1804:1:2393:4.66
57 104 56 71 67 41 38 97 94:4069640:1771:1:2700:4.75
57 41 38 90 36 97:4166682:2498:1:2688:3.37
57 41 38 90 36 97 94:4431158:2496:1:2688:3.37
57 41 38 90 36 94:4030006:2587:1:2378:3.25
57 41 38 36 97 94:4164398:2791:1:2688:3.01
57 41 90 36 97 94:4158450:2496:1:2688:3.37
2 120 38 90 36 97:4220381:2309:1:2754:3.64
2 120 38 90 36 97 94:4470345:2309:1:2754:3.64
2 120 38 90 36 94:4062054:2367:1:2754:3.55
2 120 38 36 97:4332580:2719:1:2754:3.09
2 120 38 36 97 94:4631830:2719:1:2754:3.09
2 120 38 36 94:4138981:2791:1:2754:3.01
2 120 90 36 97:4049736:2357:1:2754:3.57
2 120 90 36 97 94:4304832:2357:1:2754:3.57
2 120 36 97:4100603:2767:1:2754:3.04
2 120 36 97 94:4404985:2767:1:2754:3.04
2 38 90 36:4019467:3309:1:2753:2.54
2 38 90 36 97:4631685:3227:1:2753:2.61
2 38 90 36 97 94:4982295:3227:1:2753:2.61
2 38 90 36 94:4379025:3309:1:2753:2.54
2 38 36 97:4251685:3680:1:2753:2.29
2 38 36 97 94:4657169:3680:1:2753:2.29
2 90 36 97:4425377:3339:1:2753:2.52
2 90 36 97 94:4775462:3331:1:2753:2.53
2 90 36 94:4140436:3413:1:2753:2.47
2 36 97 94:4365060:3784:1:2753:2.22
5 90 36 97 94:4077874:2853:1:1736:2.95
31 104 71 67 41:4151752:2096:1:2177:4.01
31 104 71 67 41 38:4233222:2024:1:2393:4.16
31 1 88 41 36 94:4065395:1776:1:1978:4.74
31 1 71 67:4120079:2586:1:1897:3.25
31 1 71 67 41:5038945:2472:1:1969:3.4
31 1 71 67 41 38:4601047:2144:1:2177:3.92
31 1 71 67 41 38 90:4315426:1790:1:2178:4.7
31 1 71 67 41 38 94:4336229:1924:1:2177:4.37
31 1 71 67 41 90:4800665:2081:1:1971:4.04
31 1 71 67 41 90 36:4068758:1535:1:1975:5.48
31 1 71 67 41 90 36 94:4227848:1533:1:1975:5.49
31 1 71 67 41 90 94:4536076:1880:1:1971:4.47
31 1 71 67 41 36 94:4177273:1696:1:1969:4.96
31 1 71 67 41 94:4834347:2252:1:1969:3.74
31 1 71 67 90:4085576:2174:1:1902:3.87
31 1 71 67 97:4155751:2290:1:2356:3.67
31 1 71 67 94:4032269:2366:1:1897:3.56
31 1 71 41:4932929:2800:1:1969:3.0
31 1 71 41 38:4011992:2144:1:2177:3.92
31 1 71 41 90:4808953:2365:1:1971:3.56
31 1 71 41 90 36:4376415:1819:1:1975:4.62
31 1 71 41 90 36 94:4566502:1817:1:1975:4.63
31 1 71 41 90 94:4634751:2164:1:1971:3.89
31 1 71 41 36:4295802:2026:1:1969:4.15
31 1 71 41 36 94:4511479:2024:1:1969:4.16
31 1 71 41 94:4832233:2580:1:1969:3.26
31 1 71 90 36 94:4073938:1924:1:1906:4.37
31 1 67 41:4611028:2800:1:1969:3.0
31 1 67 41 90:4547852:2363:1:1971:3.56
31 1 67 41 90 36:4184479:1817:1:1975:4.63
31 1 67 41 90 36 94:4374728:1815:1:1975:4.63
31 1 67 41 90 94:4386221:2162:1:1971:3.89
31 1 67 41 36:4083159:2026:1:1969:4.15
31 1 67 41 36 94:4299404:2024:1:1969:4.16
31 1 67 41 94:4522927:2580:1:1969:3.26
31 1 41:4744921:3472:1:1969:2.42
31 1 41 90:4853660:2947:1:1971:2.85
31 1 41 90 36:4927437:2401:1:1975:3.5
31 1 41 90 36 94:5179689:2399:1:1975:3.51
31 1 41 90 94:4813422:2746:1:1971:3.06
31 1 41 36:4790058:2698:1:1969:3.12
31 1 41 36 94:5079140:2696:1:1969:3.12
31 1 41 94:4797332:3252:1:1969:2.59
31 1 90 36:4278203:2582:1:1825:3.26
31 1 90 36 97:4022731:2147:1:2544:3.92
31 1 90 36 97 94:4246415:2145:1:2544:3.92
31 1 90 36 94:4550527:2580:1:1825:3.26
31 1 36 97 94:4103722:2422:1:2544:3.47
31 1 36 94:4305472:2912:1:1825:2.89
31 41 90 36 94:4140681:2457:1:1830:3.42
104 71 67 41:4117664:2680:1:2089:3.14
104 71 67 41 38:4296222:2608:1:2393:3.23
104 71 67 41 38 90:4229151:2196:1:2393:3.83
104 71 67 41 38 90 97:4535479:2113:1:2510:3.98
104 71 67 41 38 90 97 94:4272323:1906:1:2701:4.41
104 71 67 41 38 90 94:4021531:1989:1:2393:4.23
104 71 67 41 38 97:4685329:2504:1:2509:3.36
104 71 67 41 38 97 94:4476505:2277:1:2700:3.69
104 71 67 41 38 94:4151848:2381:1:2393:3.53
104 71 67 41 90:4106598:2262:1:2089:3.72
104 71 67 41 90 97:4303259:2113:1:2510:3.98
104 71 67 41 90 97 94:4062563:1906:1:2701:4.41
104 71 67 41 97:4408385:2504:1:2509:3.36
104 71 67 41 97 94:4224489:2277:1:2700:3.69
104 71 67 41 94:4005950:2453:1:2089:3.43
104 71 67 38 90 36 97:4039511:1909:1:2701:4.41
104 71 67 38 90 36 97 94:4236180:1907:1:2701:4.41
104 71 67 38 90 97:4355265:2520:1:2510:3.34
104 71 67 38 90 97 94:4232087:2313:1:2701:3.64
104 71 67 38 36 97 94:4041362:2111:1:2700:3.98
104 71 67 38 97:4223046:2952:1:2509:2.85
104 71 67 38 97 94:4172500:2725:1:2700:3.09
104 71 67 90 36:4014757:2233:1:1817:3.77
104 71 67 90 36 97:4223242:2100:1:2344:4.01
104 71 67 90 36 97 94:4440873:2098:1:2344:4.01
104 71 67 90 36 94:4247342:2231:1:1817:3.77
104 71 67 90 97:4383712:2711:1:2153:3.1
104 71 67 90 97 94:4303756:2504:1:2344:3.36
104 71 67 36 97 94:4185535:2311:1:2344:3.64
104 71 67 97:4156293:3152:1:2153:2.67
104 71 67 97 94:4152587:2925:1:2344:2.88
104 71 41 38 90 97:4072255:2176:1:2501:3.87
104 71 41 38 97:4108947:2576:1:2501:3.27
104 71 90 36 97 94:4007805:2161:1:2344:3.89
104 67 41 38 90 97:4119043:2334:1:2505:3.6
104 67 41 38 97:4107250:2768:1:2505:3.04
104 67 41 38 97 94:4002892:2538:1:2696:3.31
104 67 90 36 97 94:4068526:2315:1:2344:3.63
120 38 90 36 97:4319169:2897:1:1026:2.9
120 38 90 36 97 94:4629612:2896:1:1026:2.91
120 38 90 36 94:4090816:2966:1:1026:2.84
120 38 36 97:4249791:3402:1:1026:2.47
120 38 36 97 94:4620544:3401:1:1026:2.47
120 90 36 97:4255604:3084:1:1026:2.73
120 90 36 97 94:4585815:3083:1:1026:2.73
120 36 97:4118975:3618:1:1026:2.33
120 36 97 94:4513228:3617:1:1026:2.33
1 88 79 41 90 36:4063231:1789:1:2007:4.7
1 88 79 41 90 36 94:4245419:1786:1:2007:4.71
1 88 79 41 36:4157518:2041:1:2003:4.12
1 88 79 41 36 94:4367342:2037:1:2003:4.13
1 88 41 90 36:4161280:2079:1:1980:4.05
1 88 41 90 36 94:4373460:2076:1:1980:4.05
1 88 41 36:4114630:2351:1:1978:3.58
1 88 41 36 94:4357332:2347:1:1978:3.58
1 79 41 90 36 94:4160826:2074:1:1996:4.06
1 79 41 36 94:4110384:2350:1:1993:3.58
1 71 67 41:4761071:2984:1:1969:2.82
1 71 67 41 38:4526081:2656:1:2129:3.17
1 71 67 41 38 90:4517265:2266:1:2129:3.71
1 71 67 41 38 90 36 94:4013745:1637:1:2131:5.14
1 71 67 41 38 90 94:4319578:2059:1:2129:4.09
1 71 67 41 38 94:4395473:2430:1:2129:3.46
1 71 67 41 90:4818626:2557:1:1971:3.29
1 71 67 41 90 36:4206617:1881:1:1975:4.47
1 71 67 41 90 36 94:4401911:1879:1:1975:4.48
1 71 67 41 90 94:4675163:2350:1:1971:3.58
1 71 67 41 36:4031029:2080:1:1969:4.04
1 71 67 41 36 94:4250583:2078:1:1969:4.05
1 71 67 41 94:4691519:2758:1:1969:3.05
1 71 67 90 36 94:4025442:2059:1:1906:4.09
1 71 67 90 97:4120589:2462:1:2360:3.42
1 71 67 90 97 94:4014824:2255:1:2551:3.73
1 71 41:4368649:3312:1:1969:2.54
1 71 41 90:4568792:2841:1:1971:2.96
1 71 41 90 36:4297647:2165:1:1975:3.89
1 71 41 90 36 94:4523938:2163:1:1975:3.89
1 71 41 90 94:4517891:2634:1:1971:3.19
1 71 41 36:4084097:2408:1:1969:3.49
1 71 41 36 94:4339878:2406:1:1969:3.5
1 71 41 94:4405174:3086:1:1969:2.73
1 71 90 36 94:4005414:2357:1:1906:3.57
1 67 41:4221182:3504:1:1969:2.4
1 67 41 90:4493588:3001:1:1971:2.8
1 67 41 90 36:4390194:2325:1:1975:3.62
1 67 41 90 36 94:4629442:2321:1:1975:3.62
1 67 41 90 94:4468693:2792:1:1971:3.01
1 67 41 36:4164868:2600:1:1969:3.24
1 67 41 36 94:4435191:2595:1:1969:3.24
1 67 41 94:4285789:3275:1:1969:2.57
1 67 90 36 97 94:4117586:2264:1:2550:3.72
1 67 90 36 94:4106717:2562:1:1825:3.28
1 41 90:4362571:3585:1:1971:2.35
1 41 90 36:4737822:2909:1:1975:2.89
1 41 90 36 94:5039928:2905:1:1975:2.9
1 41 90 94:4462099:3376:1:1971:2.49
1 41 36:4419321:3272:1:1969:2.57
1 41 36 94:4763806:3267:1:1969:2.58
1 41 94:4069753:3947:1:1969:2.13
1 90 36 97 94:4263388:2738:1:2544:3.07
1 90 36 94:4253468:3173:1:1825:2.65
88 79 90 36:4346061:3086:1:1297:2.73
88 79 90 36 97:4448887:2734:1:1297:3.08
88 79 90 36 97 94:4735841:2731:1:1297:3.08
88 79 90 36 94:4671757:3083:1:1297:2.73
88 79 36:4017465:3513:1:1297:2.39
88 79 36 97:4210924:3096:1:1297:2.72
88 79 36 97 94:4539226:3092:1:1297:2.72
88 79 36 94:4392991:3509:1:1297:2.4
88 71 90 36 97 94:4040473:2203:1:1345:3.82
88 71 90 36 94:4007849:2476:1:1345:3.4
88 67 90 36 97 94:4168621:2408:1:1297:3.49
88 67 90 36 94:4059780:2679:1:1297:3.14
88 90 36:4260227:3747:1:1297:2.25
88 90 36 97:4540959:3351:1:1297:2.51
88 90 36 97 94:4892757:3348:1:1297:2.51
88 90 36 94:4655557:3744:1:1297:2.25
88 36 97:4096472:3794:1:1297:2.22
88 36 97 94:4500048:3790:1:1297:2.22
88 36 94:4126895:4251:1:1297:1.98
79 90 36 97:4328791:3449:1:1297:2.44
79 90 36 97 94:4692532:3446:1:1297:2.44
79 90 36 94:4383007:3838:1:1297:2.19
79 36 97 94:4228037:3901:1:1297:2.16
56 90 36 97:4289020:3765:1:1542:2.23
56 90 36 97 94:4690991:3763:1:1542:2.24
56 36 97 94:4156333:4302:1:1537:1.96
24 41 90 36 94:4105617:2293:1:2441:3.67
24 90 36:5306256:4178:1:1729:2.01
24 90 36 97:5829219:3905:1:1729:2.15
24 90 36 97 94:6238976:3897:1:1729:2.16
24 90 36 94:5747479:4170:1:1729:2.02
24 90 97:4274956:4134:1:1729:2.04
24 90 97 94:4492489:3934:1:1729:2.14
24 36:4713948:4771:1:1729:1.76
24 36 97:5392997:4455:1:1729:1.89
24 36 97 94:5871246:4447:1:1729:1.89
24 36 94:5229657:4763:1:1729:1.77
71 67 38 90 36 97 94:4166695:2281:1:1361:3.69
71 67 38 90 36 94:4076777:2525:1:1361:3.33
71 67 90 36:4149546:2971:1:1345:2.83
71 67 90 36 97:4303031:2673:1:1345:3.15
71 67 90 36 97 94:4583558:2671:1:1345:3.15
71 67 90 36 94:4464033:2969:1:1345:2.83
71 67 90 97 94:4039429:3114:1:1345:2.7
71 67 36 97 94:4219841:2976:1:1345:2.83
71 38 90 36 97 94:4238404:2711:1:1361:3.1
71 90 36:4189975:3699:1:1345:2.27
71 90 36 97:4498549:3341:1:1345:2.52
71 90 36 97 94:4853001:3339:1:1345:2.52
71 90 36 94:4584727:3697:1:1345:2.28
71 36 97 94:4366649:3754:1:1345:2.24
67 38 90 36 97 94:4265903:2913:1:1313:2.89
67 90 36:4025234:3901:1:1297:2.16
67 90 36 97:4425507:3545:1:1297:2.37
67 90 36 97 94:4796483:3541:1:1297:2.38
67 90 36 94:4437312:3897:1:1297:2.16
67 36 97 94:4238520:3989:1:1297:2.11
41 38 90 36:4214444:3286:1:1769:2.56
41 38 90 36 97:4504911:3006:1:2688:2.8
41 38 90 36 97 94:4818501:3002:1:2688:2.8
41 38 90 36 94:4560888:3282:1:1769:2.56
41 38 36 97:4090832:3367:1:2688:2.5
41 38 36 97 94:4447033:3362:1:2688:2.5
41 38 36 94:4061673:3672:1:1769:2.29
41 90 36:5128433:4382:1:1769:1.92
41 90 36 97:5369046:3865:1:2688:2.18
41 90 36 97 94:5774494:3861:1:2688:2.18
41 90 36 94:5592133:4378:1:1769:1.92
41 90 97:4317404:4515:1:2497:1.86
41 90 97 94:4566020:4306:1:2688:1.95
41 90 94:4103846:4882:1:1769:1.72
41 36:4404981:4936:1:1769:1.7
41 36 97:4826084:4350:1:2688:1.93
41 36 97 94:5288695:4345:1:2688:1.94
41 36 94:4934996:4931:1:1769:1.71
38 90 36:4619338:5251:1:1026:1.6
38 90 36 97:5458853:4971:1:1026:1.69
38 90 36 97 94:5988529:4967:1:1026:1.69
38 90 36 94:5181868:5247:1:1026:1.6
38 90 97 94:4047912:5375:1:1026:1.57
38 36 97:4555203:5623:1:1026:1.5
38 36 97 94:5163054:5618:1:1026:1.5
38 36 94:4148018:5928:1:1026:1.42
90 36:5066127:6598:1:192:1.28
90 36 97:6002172:6081:1:528:1.38
90 36 97 94:6640737:6069:1:584:1.39
90 36 94:5765064:6586:1:192:1.28
90 97 94:4182130:6514:1:584:1.29
36 97:4818718:6886:1:528:1.22
36 97 94:5556244:6873:1:584:1.22
36 94:4396277:7459:1:192:1.13
