31 1 88 41 90 36:4283501:1722:1:1979:4.88
31 1 88 41 90 36 94:4466895:1722:1:1979:4.88
31 1 88 41 90 94:4091353:1872:1:1979:4.49
31 1 88 41 36:4051051:1853:1:1977:4.54
31 1 88 41 36 94:4248569:1853:1:1977:4.54
31 1 79 41 90 36:4157906:1742:1:1995:4.83
31 1 79 41 90 36 94:4345050:1742:1:1995:4.83
31 1 79 41 36 94:4062239:1858:1:1993:4.53
31 1 71 67:4120079:2586:1:1897:3.25
31 1 71 67 41:5038945:2472:1:1969:3.4
31 1 71 67 41 90:4987142:2111:1:1970:3.98
31 1 71 67 41 90 36:4830858:1752:1:1970:4.8
31 1 71 67 41 90 36 94:5021586:1752:1:1970:4.8
31 1 71 67 41 90 94:4751106:1919:1:1970:4.38
31 1 71 67 41 36:5234001:2102:1:1969:4.0
31 1 71 67 41 36 94:5463825:2102:1:1969:4.0
31 1 71 67 41 94:4906371:2280:1:1969:3.69
31 1 71 67 90:4185730:2196:1:1897:3.83
31 1 71 67 90 36:4247818:1831:1:1897:4.59
31 1 71 67 90 36 94:4446428:1831:1:1897:4.59
31 1 71 67 90 94:4044266:2004:1:1897:4.2
31 1 71 67 36:4554163:2207:1:1897:3.81
31 1 71 67 36 94:4794373:2207:1:1897:3.81
31 1 71 67 94:4084781:2394:1:1897:3.51
31 1 71 41:4932929:2800:1:1969:3.0
31 1 71 41 90:5074630:2435:1:1970:3.45
31 1 71 41 90 36:5109505:2055:1:1970:4.09
31 1 71 41 90 36 94:5332357:2055:1:1970:4.09
31 1 71 41 90 94:4929940:2243:1:1970:3.75
31 1 71 41 36:5322663:2406:1:1969:3.5
31 1 71 41 36 94:5584805:2406:1:1969:3.5
31 1 71 41 94:4892367:2608:1:1969:3.23
31 1 71 90:4138739:2538:1:1897:3.31
31 1 71 90 36:4411835:2152:1:1897:3.91
31 1 71 90 36 94:4644501:2152:1:1897:3.91
31 1 71 90 94:4090553:2346:1:1897:3.59
31 1 71 36:4514386:2529:1:1897:3.33
31 1 71 36 94:4788846:2529:1:1897:3.33
31 1 67 41:4611028:2800:1:1969:3.0
31 1 67 41 90:4817513:2439:1:1970:3.45
31 1 67 41 90 36:4878196:2055:1:1970:4.09
31 1 67 41 90 36 94:5102428:2055:1:1970:4.09
31 1 67 41 90 94:4686879:2247:1:1970:3.74
31 1 67 41 36:5036323:2405:1:1969:3.5
31 1 67 41 36 94:5299651:2405:1:1969:3.5
31 1 67 41 94:4583856:2608:1:1969:3.23
31 1 67 90 36:4245470:2190:1:1825:3.84
31 1 67 90 36 94:4483888:2190:1:1825:3.84
31 1 67 36:4290065:2572:1:1825:3.27
31 1 67 36 94:4570743:2572:1:1825:3.27
31 1 41:4744921:3472:1:1969:2.42
31 1 41 90:5255114:3104:1:1970:2.71
31 1 41 90 36:5622211:2674:1:1970:3.15
31 1 41 90 36 94:5911095:2674:1:1970:3.15
31 1 41 90 94:5251980:2912:1:1970:2.89
31 1 41 36:5493128:3028:1:1969:2.78
31 1 41 36 94:5821758:3028:1:1969:2.78
31 1 41 94:4846371:3280:1:1969:2.57
31 1 90:4097164:3285:1:1825:2.56
31 1 90 36:4757712:2845:1:1825:2.96
31 1 90 36 94:5064684:2845:1:1825:2.96
31 1 90 94:4199428:3093:1:1825:2.72
31 1 36:4492139:3231:1:1825:2.6
31 1 36 94:4842021:3231:1:1825:2.6
31 71 67 41 90:4045828:2167:1:1825:3.88
31 71 67 41 90 36:4087695:1805:1:1826:4.66
31 71 67 41 90 36 94:4284177:1805:1:1826:4.66
31 71 67 41 36:4343432:2171:1:1826:3.87
31 71 67 41 36 94:4580826:2171:1:1826:3.87
31 71 41 90 36:4215540:2108:1:1826:3.99
31 71 41 90 36 94:4444146:2108:1:1826:3.99
31 71 41 36:4276525:2475:1:1826:3.4
31 71 41 36 94:4546237:2475:1:1826:3.4
31 67 41 90 36 94:4200644:2108:1:1826:3.99
31 67 41 36 94:4247461:2474:1:1826:3.4
31 41 90 36:4419547:2727:1:1826:3.09
31 41 90 36 94:4714185:2727:1:1826:3.09
31 41 36:4132260:3097:1:1826:2.72
31 41 36 94:4468460:3097:1:1826:2.72
120 38 90 36 97 94:4297916:2726:1:1026:3.09
120 38 36 97:4416129:3528:1:1026:2.38
120 38 36 97 94:4802929:3528:1:1026:2.38
120 38 36 94:4113286:3612:1:1026:2.33
120 90 36 97:4015425:2938:1:1026:2.86
120 90 36 97 94:4337363:2938:1:1026:2.86
120 36 97:4269976:3742:1:1026:2.25
120 36 97 94:4679972:3742:1:1026:2.25
104 71 67 90 36:4271881:2351:1:1817:3.58
104 71 67 90 36 94:4524405:2351:1:1817:3.58
104 71 67 36:4577014:2907:1:1817:2.89
104 71 67 36 94:4890520:2907:1:1817:2.89
104 71 90 36 94:4081922:2475:1:1817:3.4
104 71 36 94:4275698:3040:1:1817:2.77
104 67 90 36 94:4007751:2605:1:1817:3.23
104 67 36 94:4152678:3209:1:1817:2.62
1 88 79 90 36 94:4165258:2093:1:1828:4.02
1 88 41 90 36:4522168:2222:1:1979:3.79
1 88 41 90 36 94:4758102:2222:1:1979:3.79
1 88 41 90 94:4258141:2450:1:1979:3.43
1 88 41 36:4302589:2470:1:1977:3.41
1 88 41 36 94:4565889:2470:1:1977:3.41
1 88 90 36 94:4131330:2413:1:1826:3.49
1 79 41 90 36:4338012:2242:1:1995:3.75
1 79 41 90 36 94:4577696:2242:1:1995:3.75
1 79 41 90 94:4016636:2469:1:1995:3.41
1 79 41 36:4054163:2475:1:1993:3.4
1 79 41 36 94:4319145:2475:1:1993:3.4
1 79 90 36 94:4047702:2505:1:1827:3.36
1 71 67 41:4761071:2984:1:1969:2.82
1 71 67 41 90:4845908:2529:1:1970:3.33
1 71 67 41 90 36:4883673:2114:1:1970:3.98
1 71 67 41 90 36 94:5112173:2114:1:1970:3.98
1 71 67 41 90 94:4735584:2337:1:1970:3.6
1 71 67 41 36:5214101:2549:1:1969:3.3
1 71 67 41 36 94:5491247:2549:1:1969:3.3
1 71 67 41 94:4764711:2792:1:1969:3.01
1 71 67 90 36:4287195:2285:1:1897:3.68
1 71 67 90 36 94:4533611:2285:1:1897:3.68
1 71 67 36:4453135:2748:1:1897:3.06
1 71 67 36 94:4751001:2748:1:1897:3.06
1 71 41:4368649:3312:1:1969:2.54
1 71 41 90:4675817:2853:1:1970:2.95
1 71 41 90 36:4930616:2417:1:1970:3.48
1 71 41 90 36 94:5191240:2417:1:1970:3.48
1 71 41 90 94:4656839:2661:1:1970:3.16
1 71 41 36:5046821:2853:1:1969:2.95
1 71 41 36 94:5356285:2853:1:1969:2.95
1 71 41 94:4464301:3120:1:1969:2.7
1 71 90 36:4186314:2606:1:1897:3.23
1 71 90 36 94:4466786:2606:1:1897:3.23
1 71 36:4123787:3070:1:1897:2.74
1 71 36 94:4455903:3070:1:1897:2.74
1 67 41:4221182:3504:1:1969:2.4
1 67 41 90:4620364:3017:1:1970:2.79
1 67 41 90 36:4925602:2555:1:1970:3.29
1 67 41 90 36 94:5202374:2555:1:1970:3.29
1 67 41 90 94:4632860:2825:1:1970:2.98
1 67 41 36:4990161:3022:1:1969:2.78
1 67 41 36 94:5319271:3022:1:1969:2.78
1 67 41 94:4351334:3312:1:1969:2.54
1 67 90 36:4159294:2782:1:1825:3.02
1 67 90 36 94:4460286:2782:1:1825:3.02
1 67 36:4027408:3283:1:1825:2.56
1 67 36 94:4384202:3283:1:1825:2.56
1 41 90:4602929:3682:1:1970:2.29
1 41 90 36:5257555:3174:1:1970:2.65
1 41 90 36 94:5598979:3174:1:1970:2.65
1 41 90 94:4742925:3490:1:1970:2.41
1 41 36:5000588:3645:1:1969:2.31
1 41 36 94:5395000:3645:1:1969:2.31
1 41 94:4119908:3984:1:1969:2.11
1 90 36:4218024:3437:1:1825:2.45
1 90 36 94:4587570:3437:1:1825:2.45
1 36 94:4167217:3942:1:1825:2.13
88 79 41 90 36 94:4208416:2172:1:1828:3.87
88 79 90 36:4268057:3056:1:1297:2.75
88 79 90 36 97:4342682:2693:1:1297:3.12
88 79 90 36 97 94:4631906:2693:1:1297:3.12
88 79 90 36 94:4596459:3056:1:1297:2.75
88 79 36 97:4212599:3128:1:1297:2.69
88 79 36 97 94:4550107:3128:1:1297:2.69
88 79 36 94:4355743:3528:1:1297:2.38
88 71 90 36 97 94:4022960:2210:1:1345:3.81
88 71 36 97 94:4165475:2651:1:1345:3.17
88 71 36 94:4008827:2968:1:1345:2.83
88 67 90 36 97 94:4070507:2383:1:1297:3.53
88 67 36 97 94:4177565:2867:1:1297:2.93
88 41 90 36 94:4133117:2492:1:1826:3.38
88 90 36:4140359:3707:1:1297:2.27
88 90 36 97:4407038:3306:1:1297:2.54
88 90 36 97 94:4762084:3306:1:1297:2.54
88 90 36 94:4538467:3707:1:1297:2.27
88 36 97:4198659:3909:1:1297:2.15
88 36 97 94:4619567:3909:1:1297:2.15
88 36 94:4188253:4356:1:1297:1.93
79 90 36 97:4216502:3417:1:1297:2.46
79 90 36 97 94:4584160:3417:1:1297:2.46
79 90 36 94:4288408:3819:1:1297:2.2
79 36 97 94:4345302:4019:1:1297:2.09
56 71 90 36 97 94:4213074:2621:1:1537:3.21
56 71 36 97 94:4290780:3162:1:1537:2.66
56 90 36 97:4314471:3859:1:1537:2.18
56 90 36 97 94:4734347:3859:1:1537:2.18
56 36 97:4009463:4638:1:1537:1.81
56 36 97 94:4516233:4638:1:1537:1.81
24 90 36:4756227:3859:1:1730:2.18
24 90 36 97:5191943:3577:1:1730:2.35
24 90 36 97 94:5571944:3569:1:1730:2.36
24 90 36 94:5168594:3851:1:1730:2.18
24 90 97:4041582:3947:1:1730:2.13
24 90 97 94:4245387:3747:1:1730:2.25
24 36:4508991:4612:1:1729:1.82
24 36 97:5178915:4314:1:1729:1.95
24 36 97 94:5641364:4306:1:1729:1.95
24 36 94:5006112:4604:1:1729:1.83
71 67 41 90 36:4034545:2219:1:1825:3.79
71 67 41 90 36 94:4274213:2219:1:1825:3.79
71 67 41 36:4189764:2688:1:1825:3.13
71 67 41 36 94:4482124:2688:1:1825:3.13
71 67 38 90 36 97:4028927:2357:1:1361:3.57
71 67 38 90 36 97 94:4282485:2357:1:1361:3.57
71 67 38 90 36 94:4113335:2580:1:1361:3.26
71 67 38 36:4089665:3258:1:1361:2.58
71 67 38 36 97:4407000:2980:1:1361:2.82
71 67 38 36 97 94:4728548:2980:1:1361:2.82
71 67 38 36 94:4442131:3258:1:1361:2.58
71 67 90 36:4282988:3086:1:1345:2.73
71 67 90 36 97:4508974:2802:1:1345:3.0
71 67 90 36 97 94:4811790:2802:1:1345:3.0
71 67 90 36 94:4616730:3086:1:1345:2.73
71 67 36:4313264:3775:1:1345:2.23
71 67 36 97:4682603:3431:1:1345:2.45
71 67 36 97 94:5054093:3431:1:1345:2.45
71 67 36 94:4722668:3775:1:1345:2.23
71 41 90 36:4007535:2582:1:1825:3.26
71 41 90 36 94:4286175:2582:1:1825:3.26
71 41 36 94:4265933:3060:1:1825:2.75
71 38 90 36 97 94:4214964:2741:1:1361:3.07
71 38 36 97:4182609:3480:1:1361:2.42
71 38 36 97 94:4560875:3480:1:1361:2.42
71 38 36 94:4092970:3758:1:1361:2.24
71 90 36:4226784:3791:1:1345:2.22
71 90 36 97:4595143:3443:1:1345:2.44
71 90 36 97 94:4968671:3443:1:1345:2.44
71 90 36 94:4638072:3791:1:1345:2.22
71 36 97:4554513:4188:1:1345:2.01
71 36 97 94:5009943:4188:1:1345:2.01
71 36 94:4483778:4597:1:1345:1.83
67 41 90 36 94:4194371:2713:1:1825:3.1
67 41 36 94:4124656:3230:1:1825:2.6
67 38 90 36 97 94:4129546:2898:1:1313:2.9
67 38 36 97:4027831:3695:1:1313:2.28
67 38 36 97 94:4426977:3695:1:1313:2.28
67 90 36 97:4407561:3601:1:1297:2.34
67 90 36 97 94:4796559:3601:1:1297:2.34
67 90 36 94:4391582:3948:1:1297:2.13
67 36 97:4296929:4404:1:1297:1.91
67 36 97 94:4774401:4404:1:1297:1.91
67 36 94:4149692:4811:1:1297:1.75
41 38 90 36 94:4339536:3201:1:1769:2.63
41 38 36 94:4435391:3995:1:1769:2.11
41 90 36:5125280:4408:1:1769:1.91
41 90 36 94:5602760:4408:1:1769:1.91
41 90 94:4203296:4863:1:1769:1.73
41 36:4650636:5208:1:1769:1.62
41 36 94:5216948:5208:1:1769:1.62
38 90 36 97:4824016:4646:1:1026:1.81
38 90 36 97 94:5331270:4646:1:1026:1.81
38 90 36 94:4534315:4896:1:1026:1.72
38 36 97:4816329:5923:1:1026:1.42
38 36 97 94:5463559:5923:1:1026:1.42
38 36 94:4364094:6238:1:1026:1.35
90 36:4648539:6375:1:192:1.32
90 36 97:5569490:5870:1:528:1.43
90 36 97 94:6198855:5862:1:584:1.44
90 36 94:5334914:6367:1:192:1.32
36 97:5010963:7153:1:528:1.18
36 97 94:5783490:7145:1:584:1.18
36 94:4532986:7721:1:192:1.09
