37 28 32 27 7:5519414:2720:1:3107:363.84
37 32 27 7:5618120:2845:1:2712:347.86
490:12801440:23225:1:443:42.62
490 3:8799790:10059:1:1233:98.41
490 3 6:6032330:5813:1:1851:170.28
490 11:6673835:8061:1:1188:122.8
490 11 6:6772722:6842:1:1338:144.67
490 6:9431223:13167:1:670:75.18
211 87 27 7:6067210:3361:1:2631:294.47
211 87 7:5004565:3975:1:2573:248.99
211 27 7:5331450:3485:1:2631:283.99
276 897 27 7:5989461:3313:1:3072:298.73
276 897 7:5007360:3986:1:2199:248.31
276 27 7:5653910:3447:1:3072:287.12
73:7165074:18749:1:591:52.8
73 3:5808096:8195:1:1083:120.79
73 6:6022790:11020:1:860:89.83
334 333 329 332 330 331 324 339 338:5890038:2320:1:3303:426.54
334 333 329 332 330 331 324 339 338 11:6093533:2168:1:3303:456.43
334 333 329 332 330 331 324 339 11:5255416:2168:1:3303:456.43
334 333 329 332 330 331 324 338:5145878:2324:1:3303:425.81
334 333 329 332 330 331 324 338 11:5399012:2172:1:3303:455.59
334 333 329 332 330 331 339 338:5722189:2429:1:3303:407.41
334 333 329 332 330 331 339 338 11:5941594:2263:1:3303:437.28
334 333 329 332 330 331 339 11:5072959:2265:1:3303:436.89
334 333 329 332 330 331 338 11:5219910:2274:1:3303:435.17
334 333 329 332 330 324 339 338:5286775:2328:1:3303:425.08
334 333 329 332 330 324 339 338 11:5531275:2175:1:3303:454.96
334 333 329 332 330 339 338:5079012:2437:1:3303:406.07
334 333 329 332 330 339 338 11:5344482:2270:1:3303:435.93
334 333 329 332 331 324 339 338:5306265:2339:1:3303:423.08
334 333 329 332 331 324 339 338 11:5551783:2186:1:3303:452.68
334 333 329 332 331 339 338:5095979:2448:1:3303:404.25
334 333 329 332 331 339 338 11:5362268:2281:1:3303:433.83
334 333 329 330 331 324 339 338 11:5223659:2188:1:3303:452.26
334 333 329 330 331 339 338 11:5005588:2283:1:3303:433.45
334 333 332 330 331 324 339 338:5215402:2472:1:2490:400.32
334 333 332 330 331 324 339 338 11:5504035:2311:1:3303:428.2
334 333 332 330 331 339 338 11:5265155:2408:1:3303:410.96
334 333 332 331 324 339 338 11:5139716:2433:1:3303:406.74
334 329 332 330 331 324 339 338:5562190:2341:1:3303:422.72
334 329 332 330 331 324 339 338 11:5789925:2187:1:3303:452.47
334 329 332 330 331 324 338 11:5088513:2191:1:3303:451.64
334 329 332 330 331 339 338:5368434:2450:1:3303:403.92
334 329 332 330 331 339 338 11:5615265:2282:1:3303:433.64
334 329 332 330 324 339 338 11:5221168:2194:1:3303:451.03
334 329 332 330 339 338 11:5011654:2289:1:3303:432.32
334 329 332 331 324 339 338 11:5244038:2207:1:3303:448.37
334 329 332 331 339 338 11:5031122:2302:1:3303:429.87
334 332 330 331 324 339 338 11:5198587:2343:1:3303:422.36
333 329 332 330 331 324 339:5174061:2462:1:2490:401.95
333 329 332 330 331 324 339 338:6114935:2461:1:2490:402.11
333 329 332 330 331 324 339 338 11:6354594:2304:1:3152:429.5
333 329 332 330 331 324 339 11:5467624:2304:1:3152:429.5
333 329 332 330 331 324 338:5325262:2465:1:2490:401.46
333 329 332 330 331 324 338 11:5615640:2308:1:3152:428.76
333 329 332 330 331 339 338:5914847:2572:1:2490:384.77
333 329 332 330 331 339 338 11:6171376:2400:1:3152:412.33
333 329 332 330 331 339 11:5253417:2402:1:3152:411.99
333 329 332 330 331 338:5093500:2585:1:2490:382.83
333 329 332 330 331 338 11:5404515:2411:1:3152:410.45
333 329 332 330 324 339 338:5469470:2469:1:2490:400.81
333 329 332 330 324 339 338 11:5751306:2311:1:3152:428.2
333 329 332 330 324 338 11:5009311:2315:1:3152:427.46
333 329 332 330 339 338:5228893:2580:1:2490:383.57
333 329 332 330 339 338 11:5532794:2407:1:3152:411.13
333 329 332 331 324 339 338:5507458:2488:1:2490:397.75
333 329 332 331 324 339 338 11:5791808:2330:1:3152:424.71
333 329 332 331 324 338 11:5044529:2334:1:3152:423.98
333 329 332 331 339 338:5262728:2599:1:2490:380.77
333 329 332 331 339 338 11:5569219:2426:1:3152:407.91
333 329 332 324 339 338 11:5180127:2338:1:3152:423.26
333 329 330 331 324 339 338:5120280:2485:1:2457:398.23
333 329 330 331 324 339 338 11:5430861:2327:1:2720:425.26
333 329 330 331 339 338 11:5180303:2423:1:2720:408.42
333 332 330 331 324 339 338:5430492:2642:1:2490:374.58
333 332 330 331 324 339 338 11:5764231:2475:1:3152:399.84
333 332 330 331 339 338:5125816:2755:1:2490:359.22
333 332 330 331 339 338 11:5487232:2573:1:3152:384.62
333 332 330 324 339 338 11:5113090:2484:1:3152:398.39
333 332 331 324 339 338:5002612:2799:1:2490:353.57
333 332 331 324 339 338 11:5401844:2623:1:2490:377.29
333 332 331 339 338 11:5059897:2721:1:2490:363.7
294:8829430:32247:1:310:30.7
294 3:8764290:14604:1:703:67.79
294 3 6:6380422:8416:1:1046:117.62
294 11:6175760:11238:1:767:88.09
294 11 6:6843025:9625:1:996:102.85
294 6:8080401:18475:1:485:53.58
329 332 330 331 324 339:5036914:2595:1:2490:381.36
329 332 330 331 324 339 338:6031695:2594:1:2490:381.5
329 332 330 331 324 339 338 11:6304151:2427:1:3152:407.74
329 332 330 331 324 339 11:5367292:2427:1:3152:407.74
329 332 330 331 324 338:5196209:2598:1:2490:380.92
329 332 330 331 324 338 11:5523374:2431:1:3152:407.07
329 332 330 331 339 338:5788192:2707:1:2490:365.58
329 332 330 331 339 338 11:6077144:2523:1:3152:392.24
329 332 330 331 339 11:5108822:2525:1:3152:391.92
329 332 330 331 338 11:5267581:2534:1:3152:390.53
329 332 330 324 339 338:5346725:2602:1:2490:380.33
329 332 330 324 339 338 11:5664064:2434:1:3152:406.57
329 332 330 339 338:5062093:2715:1:2490:364.51
329 332 330 339 338 11:5401763:2530:1:3152:391.15
329 332 331 324 339 338:5391331:2625:1:2490:377.0
329 332 331 324 339 338 11:5711870:2457:1:3152:402.77
329 332 331 339 338:5101429:2738:1:2490:361.45
329 332 331 339 338 11:5444240:2553:1:3152:387.63
329 332 324 339 338 11:5066290:2467:1:3152:401.14
329 330 331 324 339 338:5254256:2765:1:2226:357.92
329 330 331 324 339 338 11:5611072:2583:1:2338:383.13
329 330 331 339 338 11:5289493:2680:1:2338:369.27
329 330 324 339 338 11:5078937:2670:1:2338:370.65
332 330 331 324 339 338:5324833:2809:1:2490:352.31
332 330 331 324 339 338 11:5708286:2632:1:3152:376.0
332 330 331 339 338 11:5381420:2731:1:3152:362.37
332 330 324 339 338 11:5026227:2649:1:3152:373.59
332 331 324 339 338 11:5359948:2822:1:2490:350.69
1956 205 27:5862156:4453:1:1864:222.27
1956 205 27 7:6390078:3439:1:2702:287.79
1956 205 27 7 6:5094735:2569:1:3419:385.21
1956 205 7:5160036:3916:1:2198:252.74
1956 27:5240740:4780:1:1864:207.07
1956 27 7:5886520:3587:1:2702:275.92
934 27 7:5502618:4787:1:1691:206.77
86 85:7794132:7506:1:1490:131.88
86 85 87 83 7:5028480:2416:1:3137:409.6
86 85 87 27 7:5575763:2316:1:3637:427.28
86 85 87 7:5258397:2830:1:2944:349.7
86 85 83:7997668:6358:1:1490:155.69
86 85 83 27:8323855:4617:1:1835:214.38
86 85 83 27 7:10675449:4537:1:1835:218.16
86 85 83 27 7 11:7624091:2973:1:2691:332.89
86 85 83 27 7 6:7395014:3114:1:2838:317.82
86 85 83 27 11:6097931:3029:1:2691:326.73
86 85 83 27 6:5899818:3160:1:2838:313.19
86 85 83 7:11287513:6245:1:1490:158.5
86 85 83 7 3:5189281:2427:1:3001:407.74
86 85 83 7 11:8828671:4257:1:2234:232.5
86 85 83 7 11 6:6709386:3120:1:3026:317.21
86 85 83 7 6:8754381:4611:1:2479:214.66
86 85 83 11:6610677:4338:1:2234:228.16
86 85 83 11 6:5212687:3172:1:3026:312.01
86 85 83 6:6494003:4687:1:2479:211.18
86 85 27:8508663:5370:1:1835:184.32
86 85 27 7:11239861:5270:1:1835:187.82
86 85 27 7 11:8018039:3416:1:2234:289.73
86 85 27 7 11 6:5723333:2396:1:3550:413.02
86 85 27 7 6:7988201:3666:1:2521:269.98
86 85 27 11:6269931:3486:1:2234:283.91
86 85 27 6:6236139:3728:1:2521:265.49
86 85 7:11674222:7357:1:1490:134.55
86 85 7 3:5464291:2858:1:2919:346.28
86 85 7 11:9248102:4986:1:2234:198.52
86 85 7 11 6:7246844:3726:1:2234:265.63
86 85 7 6:9231641:5463:1:1700:181.19
86 85 11:6653959:5093:1:2234:194.35
86 85 11 6:5464909:3802:1:2234:260.32
86 85 6:6554104:5569:1:1700:177.74
86 83 27:5899791:4705:1:1835:210.37
86 83 27 7:8310600:4608:1:1835:214.8
86 83 27 7 11:6074933:3016:1:2691:328.14
86 83 27 7 6:5761339:3160:1:2838:313.19
86 83 7:7967841:6341:1:1490:156.1
86 83 7 11:6572008:4318:1:2234:229.22
86 83 7 11 6:5052455:3166:1:3026:312.6
86 83 7 6:6292589:4676:1:2479:211.67
86 27:5760009:5569:1:1835:177.74
86 27 7:8563960:5411:1:1835:182.93
86 27 7 11:6300039:3509:1:2206:282.05
86 27 7 6:6144756:3772:1:2521:262.39
86 7:7851306:7580:1:1490:130.59
86 7 11:6683340:5130:1:2108:192.95
86 7 11 6:5350387:3846:1:2234:257.34
86 7 6:6406600:5630:1:1700:175.81
321 27:5511990:7143:1:1210:138.58
321 27 7:8406444:6411:1:1210:154.4
321 27 7 11:6590038:4287:1:2141:230.88
321 27 7 11 6:5843259:3511:1:2363:281.89
321 27 7 6:7234697:5020:1:1859:197.17
321 27 6:5202083:5582:1:1859:177.32
321 7:6027146:7930:1:1068:124.83
321 7 11:5591525:5434:1:1587:182.15
321 7 11 6:5219019:4521:1:1639:218.93
321 7 6:5614833:6281:1:1454:157.59
85 83:5269274:6853:1:1290:144.44
85 83 27:6542732:4981:1:1835:198.72
85 83 27 7:9111798:4888:1:1835:202.5
85 83 27 7 11:6659536:3206:1:2691:308.7
85 83 27 7 6:6576202:3402:1:2838:290.92
85 83 7:8857872:6717:1:1290:147.37
85 83 7 11:7254323:4574:1:1980:216.39
85 83 7 11 6:5691411:3378:1:3026:292.99
85 83 7 6:7205487:5010:1:2479:197.57
85 27:6609810:6035:1:1835:164.02
85 27 7:9697890:5901:1:1835:167.74
85 27 7 11:7048325:3792:1:2206:261.01
85 27 7 11 6:5196206:2688:1:2489:368.17
85 27 7 6:7212034:4167:1:2121:237.52
85 27 11:5085515:3883:1:2206:254.89
85 27 6:5209625:4258:1:2121:232.45
85 7:9155280:8348:1:1077:118.58
85 7 11:7598485:5563:1:1980:177.93
85 7 11 6:6187228:4196:1:2234:235.88
85 7 6:7688849:6280:1:1168:157.62
324 339 338 11:5143634:4301:1:2128:230.13
916 11 6:5341983:6583:1:1190:150.36
28 32 87 27 7:6020394:3251:1:3506:304.43
28 32 27:7781839:7435:1:1171:133.14
28 32 27 7:11163362:7010:1:1366:141.21
28 32 27 7 3:5257942:2746:1:2884:360.39
28 32 27 7 11:8049534:4462:1:2084:221.82
28 32 27 7 11 6:6665324:3474:1:2337:284.89
28 32 27 7 6:8992664:5253:1:1721:188.43
28 32 27 11:5927239:4710:1:2084:210.15
28 32 27 11 6:5224470:3697:1:2337:267.71
28 32 27 6:6743101:5602:1:1721:176.69
28 32 7:9380516:8970:1:997:110.36
28 32 7 11:7815193:5943:1:1435:166.55
28 32 7 11 6:6741798:4721:1:1562:209.66
28 32 7 6:8028699:6849:1:1069:144.53
28 27 7:8115742:7065:1:1366:140.11
28 27 7 11:6111627:4498:1:2084:220.05
28 27 7 11 6:5162402:3504:1:2337:282.45
28 27 7 6:6725646:5299:1:1721:186.79
28 7:5449337:9057:1:997:109.3
28 7 11:5206751:5995:1:1435:165.11
28 7 6:5038160:6917:1:1069:143.11
32 87 27 7:6196980:3445:1:3506:287.29
32 87 7:5033119:4020:1:1934:246.21
32 27:8002530:8068:1:1171:122.69
32 27 7:11641556:7573:1:1366:130.71
32 27 7 3:5490226:2959:1:2703:334.46
32 27 7 11:8447087:4827:1:2084:205.05
32 27 7 11 6:7032526:3775:1:2337:262.18
32 27 7 6:9427251:5695:1:1721:173.81
32 27 11:6158940:5113:1:2084:193.59
32 27 11 6:5464590:4025:1:2337:245.9
32 27 6:6987144:6089:1:1721:162.56
32 7:9649026:9751:1:997:101.52
32 7 11:8131496:6462:1:1299:153.18
32 7 11 6:7072159:5158:1:1507:191.9
32 7 6:8332492:7467:1:1069:132.57
32 11:5027577:7068:1:1140:140.05
32 6:5052962:8371:1:1027:118.25
644 11 6:5041065:5461:1:1481:181.25
737:6773312:17645:1:818:56.1
737 11:8116844:12308:1:825:80.43
737 11 6:8858406:10866:1:846:91.1
737 6:7721527:14143:1:818:69.99
361 11:5524749:8421:1:926:117.55
361 11 6:6019380:7418:1:1379:133.44
14:5744412:11607:1:798:85.29
14 11:6208824:8074:1:1126:122.6
14 11 6:6622288:7145:1:1700:138.54
14 6:6230013:9437:1:984:104.9
278:5518460:20114:1:590:49.22
278 27:8946950:10850:1:1085:91.24
278 27 7:11610095:8469:1:1085:116.88
278 27 7 3:5485735:3258:1:2237:303.77
278 27 7 11:9081950:5690:1:1994:173.96
278 27 7 11 6:7810404:4545:1:2276:217.77
278 27 7 6:9746305:6492:1:1404:152.47
278 27 11:7802195:7379:1:1307:134.15
278 27 11 6:7320814:6060:1:1947:163.34
278 27 6:8287493:8445:1:1388:117.22
278 7:8731735:10616:1:754:93.25
278 7 11:7926245:7280:1:1464:135.97
278 7 11 6:7204937:5928:1:1464:166.98
278 7 6:7898802:8223:1:1120:120.38
278 11:6223275:11446:1:809:86.49
278 11 6:6664885:9553:1:901:103.62
278 6:6183401:14161:1:730:69.91
897 87 27 7:7106331:4637:1:2322:213.45
897 87 7:5383387:5490:1:1931:180.3
897 27:7339159:10270:1:1018:96.39
897 27 7:12058013:9569:1:1193:103.45
897 27 7 3:5939191:3772:1:2416:262.39
897 27 7 11:8524437:5851:1:1558:169.17
897 27 7 6:6963853:5442:1:1439:181.89
897 27 11:5742658:6271:1:1485:157.84
897 27 6:5081192:5952:1:1320:166.3
897 7:8922635:12530:1:849:79.0
897 7 3:5030336:4895:1:1793:202.21
897 7 11:7889369:8077:1:1130:122.56
897 7 6:5335950:7182:1:1285:137.83
314:6517016:14842:1:685:66.7
314 11:7663249:10754:1:866:92.05
314 11 6:8229599:9467:1:866:104.56
314 6:7256595:12054:1:685:82.12
49 27:6389412:9695:1:867:102.1
49 27 7:6039316:5038:1:1430:196.47
49 27 7 11:5502884:3835:1:2652:258.08
49 27 7 6:5232703:3930:1:2464:251.84
49 27 11:7257773:7931:1:1033:124.81
49 27 11 6:7284607:6807:1:1226:145.42
49 27 6:6684364:8161:1:1118:121.29
521 11:5402135:6620:1:1161:149.52
521 11 6:5482139:5646:1:1733:175.31
423:5444154:10967:1:862:90.26
423 11:7196309:9387:1:1055:105.45
423 11 6:7551231:8206:1:1075:120.63
423 6:6156396:9376:1:1075:105.58
1644 11:5702835:6960:1:1181:142.22
1644 11 6:5845986:6006:1:1321:164.81
1644 6:5075313:7181:1:1269:137.84
46 11 6:5049578:6207:1:1471:159.47
215 11:6585719:15023:1:815:65.89
215 11 6:7664059:12939:1:815:76.51
215 6:5486055:16818:1:588:58.86
4:38607138:78097:1:163:12.68
4 55:5084550:4892:1:1643:202.33
4 27:5662896:5398:1:1548:183.37
4 1:8879284:14645:1:649:67.6
4 1 3:5638992:6085:1:1196:162.67
4 1 11:5848665:6643:1:1217:149.01
4 1 11 6:5966009:5725:1:1217:172.9
4 1 6:7173238:9278:1:1164:106.69
4 3:27776820:33935:1:422:29.17
4 3 11:12706628:11670:1:799:84.83
4 3 11 6:12362128:9881:1:1063:100.18
4 3 6:18994344:19317:1:465:51.25
4 11:20812286:27050:1:444:36.6
4 11 6:21387044:22932:1:444:43.17
4 6:29166369:44172:1:236:22.41
379 11 6:5334552:7067:1:1207:140.07
21 11:5927525:7258:1:1231:136.38
21 11 6:6088860:6264:1:1231:158.02
21 6:5177093:7327:1:1211:135.1
269 11:5085408:11585:1:736:85.45
269 11 6:6004611:10075:1:1084:98.25
504 11 6:5552713:8556:1:1095:115.69
230 11:5245070:6816:1:1222:145.23
230 11 6:5400224:5828:1:1355:169.84
87:5045835:18484:1:533:53.56
87 205 27 7:6122247:3855:1:2386:256.74
87 83 27 7:6830502:4324:1:2241:228.9
87 83 27 7 6:5222655:3136:1:2393:315.59
87 83 7:5506197:5331:1:2241:185.67
87 27:11089960:13491:1:624:73.38
87 27 7:17167675:12577:1:690:78.71
87 27 7 1:5926828:4005:1:2436:247.13
87 27 7 3:8216911:4889:1:1893:202.45
87 27 7 3 6:6473593:3609:1:2770:274.24
87 27 7 11:7645425:5463:1:1415:181.19
87 27 7 11 6:6479945:4283:1:1788:231.09
87 27 7 6:14033607:9469:1:993:104.54
87 27 3:5998824:5275:1:1893:187.64
87 27 3 6:5035085:3908:1:2069:253.26
87 27 6:9953889:10193:1:900:97.12
87 7:13250960:16243:1:539:60.95
87 7 3:7120448:6296:1:1408:157.22
87 7 3 6:5960430:4741:1:1713:208.77
87 7 11:8487625:8122:1:1250:121.88
87 7 11 6:7554864:6504:1:1788:152.19
87 7 6:11716394:12405:1:770:79.8
87 6:6082170:13968:1:662:70.87
69:6241860:22631:1:437:43.74
69 3 11:5173006:6083:1:1532:162.72
69 3 11 6:5448865:5409:1:1534:182.99
69 3 6:5159598:6940:1:1242:142.63
69 11:9080380:16553:1:598:59.8
69 11 6:10311124:14614:1:691:67.74
69 6:8143905:18539:1:512:53.4
747 148 218 11:5044088:4839:1:2097:204.55
747 11:5933207:7777:1:1339:127.28
747 11 6:6098269:6659:1:1339:148.65
747 6:5079360:7826:1:1339:126.49
229 148 218 11:5529632:5283:1:1600:187.36
229 148 218 11 6:5263712:4397:1:1879:225.1
229 148 11:5358961:5404:1:1600:183.16
229 148 11 6:5151434:4507:1:1703:219.61
229 11:6366207:8263:1:1354:119.8
229 11 6:6592580:7129:1:1443:138.85
229 6:5584647:8482:1:1236:116.7
55:35912470:65412:1:154:15.13
55 27:5361460:4873:1:1849:203.12
55 7:6510390:5952:1:1357:166.3
55 7 11:5154235:3773:1:2486:262.32
55 7 6:5583617:4513:1:2316:219.32
55 1:8564284:12963:1:875:76.37
55 1 3:5022934:5185:1:1849:190.9
55 1 11:6053608:6468:1:1241:153.04
55 1 11 6:6054217:5525:1:1377:179.15
55 1 6:6988847:8463:1:1341:116.97
55 3:24648842:28268:1:379:35.02
55 3 11:11581302:10162:1:1121:97.41
55 3 11 6:11260792:8649:1:1121:114.45
55 3 6:16830917:16266:1:648:60.86
55 11:19715210:23990:1:442:41.27
55 11 6:20102816:20427:1:535:48.46
55 6:26836713:37591:1:302:26.34
316 3:5187303:10867:1:774:91.09
316 3 11 6:5158148:5726:1:1504:172.87
316 3 6:5110845:8024:1:1212:123.36
316 11:7631832:17474:1:536:56.65
316 11 6:9205748:15471:1:707:63.99
316 6:6839058:20860:1:692:47.46
136:7790034:23679:1:397:41.81
136 1 11:5332190:7500:1:1068:131.98
136 3:5759676:9030:1:914:109.62
136 3 11:5640677:6212:1:1443:159.34
136 11:10115262:16805:1:580:58.91
136 6:5424942:12876:1:673:76.88
273:5688726:17177:1:496:57.63
273 11:7419590:12269:1:588:80.68
273 11 6:8215721:10784:1:786:91.79
273 6:6837243:13865:1:570:71.4
205 27:11140080:14511:1:697:68.22
205 27 7:14563254:11098:1:837:89.2
205 27 7 1:5257640:3690:1:2507:268.22
205 27 7 3:6929024:4275:1:1620:231.53
205 27 7 3 11:5137639:2785:1:2843:355.35
205 27 7 3 6:5208821:3028:1:2105:326.84
205 27 7 11:11334738:7379:1:1145:134.15
205 27 7 11 6:9407492:5698:1:1590:173.72
205 27 7 6:11971465:8313:1:1083:119.08
205 27 3:6049598:5592:1:1537:177.01
205 27 11:9844258:9827:1:905:100.73
205 27 11 6:8870398:7773:1:1154:127.35
205 27 6:10229539:11126:1:862:88.97
205 7:10756980:14018:1:655:70.62
205 7 3:5818558:5414:1:1475:182.83
205 7 11:9854336:9533:1:817:103.84
205 7 11 6:8567547:7454:1:1056:132.8
205 7 6:9574856:10624:1:865:93.18
205 11:6982998:14277:1:664:69.34
205 11 6:7166093:11420:1:829:86.68
205 6:6082672:16241:1:604:60.95
40 3 11 6:5030537:5643:1:1613:175.41
40 11:7744533:17658:1:649:56.06
40 11 6:9273579:15595:1:684:63.48
40 6:6641154:20223:1:639:48.95
138 3 11 6:5287554:6736:1:1478:146.95
138 3 6:5211188:9962:1:799:99.37
138 11:6913534:20997:1:514:47.15
138 11 6:8665356:17917:1:595:55.25
138 6:5652018:26029:1:433:38.03
2:23634450:42927:1:248:23.06
2 27:6337310:5771:1:1482:171.52
2 27 7:6699450:4092:1:2021:241.88
2 27 7 11:5470690:2945:1:2213:336.05
2 27 7 6:5417983:3088:1:2332:320.49
2 27 11:5356980:4023:1:2008:246.02
2 27 6:5458181:4356:1:1967:227.22
2 7:8496240:7730:1:994:128.06
2 7 11:7529290:5497:1:1344:180.07
2 7 11 6:6593077:4422:1:2035:223.83
2 7 6:7303592:5924:1:1625:167.09
2 148 218 11:5183385:4711:1:2739:210.1
2 148 11:5406687:5182:1:2739:191.01
2 148 11 6:5054961:4252:1:2739:232.78
2 1:7085118:10708:1:871:92.45
2 1 11:6299444:6753:1:1256:146.58
2 1 11 6:6070442:5615:1:1642:176.28
2 1 6:6277111:7687:1:1290:128.77
2 3:15493662:17881:1:697:55.36
2 3 11:9076928:7992:1:1190:123.86
2 3 11 6:8845825:6850:1:1492:144.5
2 3 6:11646185:11366:1:759:87.09
2 11:16688715:20214:1:413:48.97
2 11 6:16961863:17272:1:540:57.32
2 6:19719603:27679:1:353:35.77
364 11 6:5232054:8843:1:1052:111.94
987 148 218 11 6:5084205:6728:1:1470:147.12
987 148 11:6082881:11098:1:1132:89.2
987 148 11 6:6800950:9666:1:1152:102.41
987 148 6:5016864:11491:1:751:86.15
987 11 6:5423023:11194:1:919:88.43
446:12833360:23270:1:431:42.54
446 148 218 11:5120896:4635:1:2108:213.55
446 148 11:5236807:4979:1:1365:198.8
446 1:5395638:8119:1:1271:121.92
446 1 11:5743500:6110:1:1391:162.0
446 1 11 6:5631406:5162:1:2020:191.75
446 1 6:5325231:6462:1:1338:153.18
446 3:7666870:8931:1:946:110.84
446 3 11:6001242:5363:1:1668:184.56
446 3 11 6:6073985:4755:1:1668:208.16
446 3 6:6834776:6721:1:1258:147.28
446 11:12029850:14568:1:686:67.95
446 11 6:12617006:12849:1:686:77.04
446 6:12643759:17731:1:537:55.83
155:5722245:11494:1:954:86.12
155 148 218 11:5998181:5745:1:2563:172.29
155 148 218 11 6:5716003:4782:1:2563:206.98
155 148 11:5815589:5881:1:2563:168.31
155 148 11 6:5592817:4904:1:2563:201.84
155 218 11:5006514:6061:1:1445:163.31
155 11:7444576:9659:1:1058:102.48
155 11 6:7750246:8370:1:1058:118.27
155 6:6397125:9703:1:954:102.02
438 3 11 6:5012675:5242:1:1956:188.82
438 11:7936130:16146:1:606:61.31
438 11 6:9272765:14325:1:682:69.11
438 6:6266134:16431:1:681:60.25
303 11:5068138:15437:1:610:64.13
303 11 6:6575779:13563:1:717:72.99
83:7095512:32212:1:386:30.73
83 27:9917190:12872:1:847:76.91
83 27 7:14159068:10790:1:847:91.74
83 27 7 1:5495412:3846:1:2430:257.34
83 27 7 3:6628052:4086:1:2416:242.23
83 27 7 3 11:5004757:2718:1:3264:364.11
83 27 7 3 6:5226842:3046:1:2480:324.91
83 27 7 11:11081393:7239:1:1226:136.74
83 27 7 11 6:8646700:5352:1:1649:184.94
83 27 7 6:11445537:8111:1:1144:122.04
83 27 3:5253750:4858:1:1724:203.75
83 27 11:8815909:8858:1:1226:111.75
83 27 11 6:7649498:6763:1:1562:146.36
83 27 6:9036189:9900:1:1132:99.99
83 7:12202388:15923:1:669:62.17
83 7 3:6540452:6097:1:1306:162.35
83 7 3 11:5686544:4237:1:2538:233.6
83 7 3 6:5680679:4755:1:1727:208.16
83 7 11:11591159:11197:1:799:88.41
83 7 11 6:9823505:8626:1:1089:114.76
83 7 6:11079916:12459:1:735:79.45
83 3:6560618:12365:1:844:80.06
83 3 11:6714489:8397:1:1036:117.89
83 3 11 6:6658291:7025:1:1256:140.91
83 3 6:6781170:9855:1:870:100.45
83 11:11003021:22376:1:488:44.24
83 11 6:12106649:18795:1:625:52.67
83 6:9845263:25861:1:518:38.28
56 11:7157850:13104:1:655:75.54
56 11 6:7999876:11405:1:734:86.8
56 6:5828920:13349:1:606:74.16
135:9039519:18313:1:508:54.06
135 148 218:5015366:6508:1:1710:152.1
135 148 218 11:6238375:5966:1:1710:165.91
135 148 218 11 6:5495569:4630:1:2049:213.78
135 148 11:6242704:6297:1:1710:157.19
135 148 11 6:5563939:4908:1:1732:201.67
135 218 11:5405894:6560:1:1710:150.89
135 1:5236272:8660:1:1047:114.31
135 1 11:6653703:7588:1:1147:130.45
135 1 11 6:6163127:6039:1:1585:163.91
135 1 6:5245460:6886:1:1549:143.75
135 3:5064969:6404:1:1869:154.57
135 3 11:5589186:5252:1:2411:188.46
135 3 11 6:5440223:4467:1:2411:221.58
135 3 6:5068098:5313:1:1869:186.3
135 11:11799229:15368:1:621:64.42
135 11 6:11825180:12887:1:640:76.82
135 6:9874440:15095:1:519:65.58
77 27 7:5534282:4580:1:1549:216.11
77 27 7 11:5019609:3499:1:2697:282.86
77 7:5522986:8413:1:927:117.66
77 7 11:6149962:6640:1:1353:149.07
77 7 11 6:5550220:5292:1:1579:187.04
77 7 6:5272627:6640:1:1201:149.07
77 148 218 11:5387499:8195:1:1088:120.79
77 148 218 11 6:5481879:6784:1:1829:145.91
77 148 11:5436436:9020:1:1088:109.74
77 148 11 6:5665280:7512:1:1829:131.77
77 1 11:5490795:11091:1:921:89.25
77 1 11 6:6046597:9350:1:925:105.87
77 3:7091568:16877:1:547:58.66
77 3 11:7707951:11189:1:852:88.47
77 3 11 6:8403941:9934:1:903:99.65
77 3 6:7757430:13326:1:734:74.29
77 11:11423943:29730:1:395:33.3
77 11 6:14201953:26247:1:395:37.72
77 6:9438673:34505:1:325:28.69
90:10921995:22062:1:417:44.87
90 27:5078864:4872:1:1767:203.16
90 27 7:5063411:3202:1:2678:309.09
90 27 11:5241630:4066:1:1953:243.42
90 7:5439886:5229:1:2098:189.29
90 7 11:5757552:4412:1:2098:224.34
90 148:6859684:9616:1:890:102.94
90 148 218:7056465:9187:1:890:107.75
90 148 218 1:5074205:5763:1:1452:171.76
90 148 218 1 11:6097829:5301:1:1582:186.72
90 148 218 11:8732263:8408:1:890:117.73
90 148 218 11 6:6849321:6136:1:1417:161.32
90 148 218 6:5677997:6646:1:1385:148.94
90 148 1 11:6026808:5503:1:1582:179.87
90 148 11:8656726:8791:1:890:112.6
90 148 11 6:6923360:6481:1:1417:152.73
90 148 6:5656181:7028:1:1385:140.85
90 218:5581023:10198:1:886:97.07
90 218 1 11:5255783:5646:1:1582:175.31
90 218 11:7411346:9053:1:890:109.34
90 218 11 6:5922385:6605:1:1203:149.86
90 1:6719886:11087:1:770:89.29
90 1 11:8568743:9756:1:807:101.47
90 1 11 6:7725439:7751:1:1446:127.71
90 1 6:6398919:8747:1:901:113.17
90 3:5803089:7388:1:1409:133.98
90 3 11:6471108:6133:1:1558:161.4
90 3 11 6:6359164:5286:1:1558:187.25
90 3 6:5813301:6190:1:1409:159.91
90 11:14273682:18577:1:583:53.29
90 11 6:13829169:15447:1:583:64.09
90 6:11270385:17930:1:542:55.21
64:18613434:48262:1:197:20.51
64 27:6453999:6918:1:1403:143.08
64 27 7:6823195:4599:1:1881:215.22
64 27 7 11:5789804:3400:1:2231:291.09
64 27 7 6:5593480:3486:1:3048:283.91
64 27 11:6017114:5148:1:1573:192.27
64 27 11 6:5436979:4121:1:2471:240.18
64 27 6:5894608:5409:1:1591:182.99
64 7:7836788:8370:1:1230:118.27
64 7 11:7626133:6325:1:1438:156.5
64 7 11 6:6717220:5055:1:1652:195.81
64 7 6:7058065:6581:1:1351:150.41
64 148:6474576:10683:1:843:92.66
64 148 218:6430369:9744:1:1134:101.59
64 148 218 11:7889283:8444:1:1206:117.23
64 148 218 11 6:7710009:7091:1:1206:139.59
64 148 218 6:6669154:8131:1:1134:121.74
64 148 11:8068129:9159:1:933:108.08
64 148 11 6:8000703:7734:1:1060:127.99
64 148 6:6842779:8923:1:1060:110.94
64 218:5256871:11921:1:893:83.04
64 218 11:6915710:9679:1:893:102.27
64 218 11 6:7089857:8174:1:996:121.1
64 218 6:6004263:9975:1:906:99.24
64 1:7650313:15390:1:609:64.32
64 1 11:8846614:11437:1:779:86.55
64 1 11 6:9099772:9779:1:1003:101.23
64 1 6:8174596:12354:1:833:80.13
64 3:13016940:18687:1:639:52.98
64 3 11:10785063:11194:1:914:88.43
64 3 11 6:11199043:9961:1:914:99.38
64 3 6:12083669:14080:1:759:70.31
64 11:19790071:29974:1:384:33.03
64 11 6:21787134:26587:1:416:37.23
64 6:20251008:36879:1:272:26.84
27:39711930:72134:1:198:13.72
27 7:43286230:39635:1:280:24.98
27 7 148:10864322:8233:1:984:120.23
27 7 148 218:10327464:7505:1:1550:131.89
27 7 148 218 1:5943487:3982:1:2059:248.56
27 7 148 218 1 11:5402268:3138:1:2673:315.39
27 7 148 218 11:9344864:5834:1:1550:169.67
27 7 148 218 11 6:7512858:4381:1:2250:225.92
27 7 148 218 6:8427606:5629:1:1620:175.84
27 7 148 1:6131250:4272:1:2059:231.69
27 7 148 1 11:5597517:3364:1:2673:294.21
27 7 148 11:9827675:6361:1:1328:155.61
27 7 148 11 6:7987076:4811:1:1952:205.74
27 7 148 6:8966920:6216:1:1618:159.24
27 7 218:10435236:9055:1:1181:109.32
27 7 218 1:5727339:4508:1:2059:219.56
27 7 218 1 11:5208956:3467:1:2380:285.47
27 7 218 11:9389671:6801:1:1550:145.55
27 7 218 11 6:7727238:5168:1:1835:191.53
27 7 218 6:8777808:6879:1:1322:143.9
27 7 1:14673554:12179:1:822:81.28
27 7 1 3:6742102:4474:1:2121:221.23
27 7 1 3 11:5444294:3144:1:2491:314.79
27 7 1 3 6:5510398:3389:1:2204:292.04
27 7 1 11:12525556:8703:1:1289:113.74
27 7 1 11 6:10366000:6692:1:1309:147.92
27 7 1 6:12268501:9238:1:961:107.15
27 7 3:21970238:15625:1:815:63.36
27 7 3 11:16435801:10056:1:815:98.44
27 7 3 11 6:14174608:8113:1:1127:122.01
27 7 3 6:18462734:12050:1:899:82.15
27 7 11:34298500:25913:1:420:38.2
27 7 11 6:30605543:21150:1:443:46.81
27 7 6:38006678:31015:1:332:31.92
27 148:9235928:11964:1:853:82.74
27 148 218:8948068:10817:1:853:91.51
27 148 218 1:5287953:5637:1:1817:175.59
27 148 218 1 11:5474750:4644:1:1880:213.13
27 148 218 11:9360801:8770:1:1010:112.87
27 148 218 11 6:8419051:6920:1:1299:143.04
27 148 218 6:8326698:8463:1:1299:116.97
27 148 1:5338726:6048:1:1817:163.66
27 148 1 11:5574413:4962:1:1817:199.48
27 148 11:9675924:9559:1:856:103.56
27 148 11 6:8823474:7589:1:1299:130.44
27 148 6:8715353:9374:1:1299:105.6
27 218:8111788:13436:1:795:73.68
27 218 11:8683425:10275:1:853:96.34
27 218 11 6:8137420:8181:1:1016:121.0
27 218 6:8016938:10540:1:981:93.92
27 1:13060510:19793:1:521:50.02
27 1 3:7184626:7406:1:1153:133.66
27 1 3 11:5907930:4892:1:1689:202.33
27 1 3 11 6:5355684:3964:1:2104:249.69
27 1 3 6:6200408:5517:1:1540:179.41
27 1 11:12138453:13425:1:956:73.74
27 1 11 6:11430722:10853:1:1078:91.21
27 1 6:12158812:14879:1:634:66.53
27 3:25358754:29145:1:342:33.97
27 3 11:18129165:16299:1:681:60.74
27 3 11 6:17079983:13566:1:681:72.97
27 3 6:21458147:20951:1:435:47.25
27 11:32892910:41329:1:309:23.95
27 11 6:32968344:34727:1:309:28.51
27 6:37318275:52607:1:224:18.82
7:46734660:85608:1:126:11.56
7 148:11235108:14642:1:678:67.61
7 148 218:10850997:13175:1:852:75.14
7 148 218 1:6277194:6709:1:1386:147.54
7 148 218 1 11:6744921:5598:1:2330:176.82
7 148 218 1 11 6:5491770:4174:1:2330:237.13
7 148 218 1 6:5298747:5000:1:1543:197.96
7 148 218 11:11813508:10801:1:852:91.65
7 148 218 11 6:10482038:8599:1:1117:115.12
7 148 218 6:10017244:10448:1:852:94.75
7 148 1:6353190:7231:1:1076:136.89
7 148 1 11:6907997:6019:1:2330:164.45
7 148 1 11 6:5703798:4526:1:2330:218.69
7 148 1 6:5451044:5429:1:1336:182.32
7 148 11:12324498:11877:1:731:83.35
7 148 11 6:11078057:9513:1:1106:104.06
7 148 6:10525472:11644:1:846:85.02
7 218:10008975:16620:1:769:59.56
7 218 1:5597034:7818:1:1109:126.61
7 218 1 11:6199333:6295:1:1386:157.24
7 218 1 11 6:5200827:4741:1:1600:208.77
7 218 11:11201284:12839:1:769:77.1
7 218 11 6:10311078:10319:1:1106:95.93
7 218 6:9793807:13236:1:769:74.79
7 1:15448872:23477:1:452:42.17
7 1 3:8344252:8686:1:1048:113.96
7 1 3 11:7262224:5938:1:1444:166.7
7 1 3 11 6:6437459:4791:1:1727:206.59
7 1 3 6:7207409:6574:1:1142:150.57
7 1 11:15256599:16423:1:666:60.28
7 1 11 6:13919824:13233:1:907:74.81
7 1 6:14237700:17897:1:557:55.31
7 3:29678042:34424:1:313:28.76
7 3 11:22999591:20364:1:516:48.61
7 3 11 6:21602359:17137:1:736:57.77
7 3 6:25753291:25634:1:364:38.62
7 11:42262775:51733:1:216:19.14
7 11 6:41694002:43773:1:216:22.62
7 6:44631301:64428:1:150:15.37
148:15389848:69922:1:187:14.16
148 218:16180358:58823:1:207:16.83
148 218 1:9743092:25267:1:358:39.18
148 218 1 11:14400653:21863:1:423:45.28
148 218 1 11 6:15159083:18670:1:596:53.02
148 218 1 6:11627658:21299:1:495:46.48
148 218 3:6140406:13016:1:753:76.05
148 218 3 11:8092354:10860:1:1022:91.15
148 218 3 11 6:8764453:9709:1:1022:101.96
148 218 3 6:7219357:11384:1:753:86.96
148 218 11:26852441:48943:1:207:20.23
148 218 11 6:30778610:43647:1:214:22.68
148 218 6:22419297:51328:1:207:19.29
148 1:9266512:28049:1:356:35.29
148 1 11:14287683:23672:1:423:41.82
148 1 11 6:15362382:20285:1:596:48.8
148 1 6:11513406:23449:1:495:42.22
148 3:8185708:17983:1:570:55.05
148 3 11:9606963:13391:1:712:73.92
148 3 11 6:10445893:11940:1:1022:82.91
148 3 6:9035265:14777:1:719:66.99
148 11:26922931:54516:1:204:18.16
148 11 6:31633064:48601:1:209:20.37
148 6:22509550:58897:1:204:16.81
218 1:5302865:32127:1:356:30.81
218 1 11:10987684:25083:1:364:39.47
218 1 11 6:12705658:21483:1:456:46.08
218 1 6:8615049:26439:1:449:37.44
218 3 11:7137314:13580:1:605:72.9
218 3 11 6:8254891:12071:1:691:82.01
218 3 6:6653649:16061:1:588:61.64
218 11:19817516:60325:1:187:16.41
218 11 6:26023644:53556:1:209:18.49
218 6:15516623:71379:1:150:13.87
1:21710428:197522:1:58:5.01
1 3:33319372:77896:1:146:12.71
1 3 11:23731170:34314:1:297:28.85
1 3 11 6:25146921:29583:1:359:33.46
1 3 6:28790694:48999:1:225:20.2
1 11:34643300:90230:1:129:10.97
1 11 6:42280672:77908:1:143:12.71
1 6:34175873:124974:1:86:7.92
3:139758570:431247:1:24:2.3
3 11:86722198:146356:1:81:6.76
3 11 6:92834823:123360:1:84:8.03
3 6:117669510:242430:1:45:4.08
11:98517950:359291:1:29:2.76
11 6:132679326:304583:1:38:3.25
6:96128064:585219:1:13:1.69
