23 104 71 67 41 38 97 36 90 94:5186188:1858:1:2700:4.53
23 104 71 67 41 38 97 36 94:5133093:2036:1:2700:4.13
23 104 71 67 41 38 36 90 94:5007398:1946:1:2395:4.32
23 104 67 41 38 97 36 90 94:5120336:2102:1:2696:4.0
23 1 71 67 41 38 36 90 94:5171183:1979:1:2131:4.25
57 41 38 97 36 90:5087509:2947:1:2688:2.85
57 41 38 97 36 90 94:5406181:2947:1:2688:2.85
57 41 97 36 90 94:5080549:2947:1:2688:2.85
2 120 38 97 36 90:5092833:2660:1:2754:3.16
2 120 38 97 36 90 94:5384817:2660:1:2754:3.16
2 120 97 36 90 94:5174368:2705:1:2754:3.11
2 38 97 36 90:5303006:3595:1:2753:2.34
2 38 97 36 90 94:5697744:3595:1:2753:2.34
2 38 36 90 94:5025731:3685:1:2753:2.28
2 97 36 90:5043005:3700:1:2753:2.27
2 97 36 90 94:5436416:3692:1:2753:2.28
31 1 71 67 41:5038945:2472:1:1969:3.4
31 1 71 67 41 36 90:5001985:1836:1:1969:4.58
31 1 71 67 41 36 90 94:5198815:1836:1:1969:4.58
31 1 71 67 41 36 94:5005737:1976:1:1969:4.26
31 1 71 67 41 90:5320117:2279:1:1969:3.69
31 1 71 67 41 90 94:5100299:2087:1:1969:4.03
31 1 71 41 36 90:5188872:2113:1:1969:3.98
31 1 71 41 36 90 94:5414866:2113:1:1969:3.98
31 1 71 41 36 94:5137839:2272:1:1969:3.7
31 1 71 41 90:5342686:2588:1:1969:3.25
31 1 71 41 90 94:5212486:2396:1:1969:3.51
31 1 67 41 36 90:5050151:2134:1:1969:3.94
31 1 67 41 36 90 94:5280021:2134:1:1969:3.94
31 1 67 41 36 94:5002330:2304:1:1969:3.65
31 1 67 41 90:5032141:2577:1:1969:3.26
31 1 41 36:5277196:2944:1:1969:2.86
31 1 41 36 90:5708215:2723:1:1969:3.09
31 1 41 36 90 94:5999181:2723:1:1969:3.09
31 1 41 36 94:5595768:2944:1:1969:2.86
31 1 41 90:5365658:3198:1:1969:2.63
31 1 41 90 94:5369436:3006:1:1969:2.8
31 1 97 36 90 94:5012512:2482:1:2544:3.39
31 1 36 90 94:5242892:2921:1:1825:2.88
104 71 67 38 97 36 90 94:5157902:2254:1:2700:3.73
104 71 67 97 36 90:5057203:2443:1:2344:3.44
104 71 67 97 36 90 94:5316319:2443:1:2344:3.44
104 71 67 97 36 94:5061074:2680:1:2344:3.14
104 71 67 36 90 94:5057161:2585:1:1817:3.25
120 38 97 36 90:5373977:3410:1:1026:2.47
120 38 97 36 90 94:5744957:3410:1:1026:2.47
120 38 36 90 94:5107136:3489:1:1026:2.41
120 97 36 90:5299587:3619:1:1026:2.32
120 97 36 90 94:5693203:3619:1:1026:2.32
1 71 67 41 36 90:5117999:2237:1:1969:3.76
1 71 67 41 36 90 94:5356369:2237:1:1969:3.76
1 71 67 41 36 94:5125338:2439:1:1969:3.45
1 71 67 41 90:5150425:2723:1:1969:3.09
1 71 67 41 90 94:5058561:2531:1:1969:3.32
1 71 41 36 90:5075695:2514:1:1969:3.35
1 71 41 36 90 94:5343229:2514:1:1969:3.35
1 67 41 36 90:5249022:2713:1:1969:3.1
1 67 41 36 90 94:5539588:2713:1:1969:3.1
1 67 41 36 94:5155396:2959:1:1969:2.84
1 41 36 90:5488611:3302:1:1969:2.55
1 41 36 90 94:5840273:3302:1:1969:2.55
1 41 36 94:5282292:3599:1:1969:2.34
88 79 97 36 90 94:5086165:2921:1:1297:2.88
88 97 36 90:5024862:3659:1:1297:2.3
88 97 36 90 94:5415600:3659:1:1297:2.3
88 36 90 94:5123487:4068:1:1297:2.07
79 97 36 90 94:5203277:3767:1:1297:2.23
56 97 36 90:5099522:4326:1:1537:1.94
56 97 36 90 94:5567568:4326:1:1537:1.94
24 97 36:5359487:4435:1:1729:1.9
24 97 36 90:6560898:4296:1:1729:1.96
24 97 36 90 94:7017531:4288:1:1729:1.96
24 97 36 94:5835568:4427:1:1729:1.9
24 97 90 94:5020680:4349:1:1729:1.93
24 36 90:5960811:4574:1:1729:1.84
24 36 90 94:6449594:4566:1:1729:1.84
24 36 94:5190928:4737:1:1729:1.78
71 67 38 97 36 90 94:5016677:2679:1:1361:3.14
71 67 97 36 90:5099003:3090:1:1345:2.72
71 67 97 36 90 94:5428401:3090:1:1345:2.72
71 67 36 90 94:5218353:3395:1:1345:2.48
71 38 97 36 90 94:5081749:3166:1:1361:2.66
71 97 36 90:5265915:3813:1:1345:2.21
71 97 36 90 94:5675449:3813:1:1345:2.21
71 36 90 94:5298620:4177:1:1345:2.01
67 38 97 36 90 94:5112799:3394:1:1313:2.48
67 97 36 90:5211500:4059:1:1297:2.07
67 97 36 90 94:5646018:4059:1:1297:2.07
67 36 90 94:5181633:4426:1:1297:1.9
41 38 97 36 90:5485030:3526:1:2688:2.39
41 38 97 36 90 94:5864398:3526:1:2688:2.39
41 38 97 36 94:5063896:3740:1:2688:2.25
41 38 36 90:5093744:3817:1:1769:2.2
41 38 36 90 94:5505380:3817:1:1769:2.2
41 97 36:5319368:4707:1:2688:1.79
41 97 36 90:6349538:4417:1:2688:1.9
41 97 36 90 94:6823866:4417:1:2688:1.9
41 97 36 94:5829554:4707:1:2688:1.79
41 97 90 94:5061824:4691:1:2688:1.79
41 36 90:6006565:4946:1:1769:1.7
41 36 90 94:6538573:4946:1:1769:1.7
41 36 94:5356654:5279:1:1769:1.59
38 97 36 90:6475247:5693:1:1026:1.48
38 97 36 90 94:7092017:5693:1:1026:1.48
38 97 36 94:5569130:5992:1:1025:1.4
38 36 90:5483521:5984:1:1026:1.41
38 36 90 94:6132559:5984:1:1026:1.41
97 36:5116759:7239:1:528:1.16
97 36 90:6995835:6853:1:528:1.23
97 36 90 94:7727174:6845:1:584:1.23
97 36 94:5897834:7231:1:584:1.16
36 90:5894322:7382:1:192:1.14
36 90 94:6685461:7374:1:192:1.14
