37 28 32 27 7:5526254:2720:1:2712:363.84
37 32 27 7:5625560:2845:1:2712:347.86
490:12801440:23225:1:443:42.62
490 3:9207090:10465:1:886:94.59
490 3 6:6532775:6252:1:1535:158.32
490 11:6735530:8137:1:1188:121.65
490 11 6:7056013:7113:1:1338:139.16
490 6:9576840:13366:1:641:74.06
211 87 27 7:6017661:3339:1:2631:296.41
211 87 27 7 11:5359231:2604:1:2631:380.04
211 87 7:5080098:4026:1:2156:245.84
211 27 7:5289544:3462:1:2631:285.88
276 897 7:5131634:4064:1:2199:243.54
73:7165074:18749:1:591:52.8
73 3:6190417:8651:1:1001:114.42
73 11 6:5288321:6435:1:1211:153.82
73 6:6207166:11352:1:860:87.2
265 7:5055752:5699:1:1665:173.68
265 7 11:5094638:4412:1:2269:224.34
265 7 11 6:5045729:3912:1:2269:253.0
334 333 332 330 331 339 338 324:5494765:2574:1:2490:384.47
334 333 332 331 339 338 324:5034686:2703:1:2490:366.13
334 332 330 331 339 338 324:5138110:2608:1:2490:379.46
333 329 332 330 331 339 338:5914847:2572:1:2490:384.77
333 329 332 330 331 339 338 324:6457012:2563:1:2490:386.12
333 329 332 330 331 339 338 324 6:6651097:2474:1:2490:400.0
333 329 332 330 331 339 338 6:6129256:2483:1:2490:398.55
333 329 332 330 331 339 324:5478989:2564:1:2490:385.97
333 329 332 330 331 339 324 6:5703059:2474:1:2490:400.0
333 329 332 330 331 339 6:5182864:2485:1:2490:398.23
333 329 332 330 331 338:5093500:2585:1:2490:382.83
333 329 332 330 331 338 324:5620869:2567:1:2490:385.51
333 329 332 330 331 338 324 6:5845227:2478:1:2490:399.36
333 329 332 330 331 338 6:5338237:2495:1:2490:396.64
333 329 332 330 339 338:5228893:2580:1:2490:383.57
333 329 332 330 339 338 324:5775317:2571:1:2490:384.92
333 329 332 330 339 338 324 6:5994864:2482:1:2490:398.71
333 329 332 330 339 338 6:5468764:2491:1:2490:397.27
333 329 332 330 339 324 6:5044376:2482:1:2490:398.71
333 329 332 330 338 324 6:5185491:2486:1:2490:398.07
333 329 332 331 339 338:5262728:2599:1:2490:380.77
333 329 332 331 339 338 324:5813635:2590:1:2490:382.09
333 329 332 331 339 338 324 6:6033927:2501:1:2490:395.68
333 329 332 331 339 338 6:5503344:2510:1:2490:394.27
333 329 332 331 339 324 6:5074402:2501:1:2490:395.68
333 329 332 331 338 324 6:5219264:2505:1:2490:395.05
333 329 332 339 338 324:5122767:2599:1:2490:380.77
333 329 332 339 338 324 6:5368569:2510:1:2490:394.27
333 329 330 331 339 338 324:5393581:2587:1:2457:382.54
333 329 330 331 339 338 324 6:5628897:2498:1:2462:396.16
333 329 330 331 339 338 6:5099188:2507:1:2462:394.74
333 329 331 339 338 324 6:5001135:2530:1:2462:391.15
333 332 330 331 339 338:5125816:2755:1:2490:359.22
333 332 330 331 339 338 324:5704649:2744:1:2490:360.66
333 332 330 331 339 338 324 6:5951654:2648:1:2490:373.73
333 332 330 331 339 338 6:5394793:2659:1:2490:372.18
333 332 330 331 338 324 6:5090380:2652:1:2490:373.16
333 332 330 339 338 324 6:5243659:2657:1:2490:372.46
333 332 331 339 338 324:5240869:2901:1:2490:341.14
333 332 331 339 338 324 6:5529171:2801:1:2490:353.32
294:8829430:32247:1:310:30.7
294 3:9213228:15200:1:671:65.13
294 3 6:6939888:9032:1:932:109.6
294 11:6252985:11378:1:767:87.0
294 11 6:7161516:10036:1:907:98.64
294 6:8218373:18766:1:485:52.75
329 332 330 331 339 338:5788192:2707:1:2490:365.58
329 332 330 331 339 338 324:6353456:2696:1:2490:367.08
329 332 330 331 339 338 324 6:6567294:2601:1:2490:380.48
329 332 330 331 339 338 6:6023619:2612:1:2490:378.88
329 332 330 331 339 324:5321526:2697:1:2490:366.94
329 332 330 331 339 324 6:5567792:2601:1:2490:380.48
329 332 330 331 339 6:5024260:2614:1:2490:378.59
329 332 330 331 338 324:5471500:2700:1:2490:366.53
329 332 330 331 338 324 6:5717825:2605:1:2490:379.89
329 332 330 331 338 6:5187057:2624:1:2490:377.14
329 332 330 339 338:5062093:2715:1:2490:364.51
329 332 330 339 338 324:5632256:2704:1:2490:365.99
329 332 330 339 338 324 6:5873511:2609:1:2490:379.31
329 332 330 339 338 6:5324937:2620:1:2490:377.72
329 332 330 338 324 6:5020539:2613:1:2490:378.73
329 332 331 339 338:5101429:2738:1:2490:361.45
329 332 331 339 338 324:5677192:2727:1:2490:362.9
329 332 331 339 338 324 6:5919147:2632:1:2490:376.0
329 332 331 339 338 6:5364973:2643:1:2490:374.43
329 332 331 338 324 6:5059961:2636:1:2490:375.43
329 332 339 338 324 6:5218587:2643:1:2490:374.43
329 330 331 339 338 324:5507241:2867:1:2226:345.19
329 330 331 339 338 324 6:5776965:2767:1:2226:357.66
329 330 331 339 338 6:5194995:2779:1:2226:356.12
329 330 339 338 324 6:5189521:2861:1:2226:345.91
329 331 339 338 324 6:5102363:2818:1:2197:351.19
329 339 338 324 11 6:5110472:2848:1:2462:347.49
332 330 331 339 338 324:5578674:2911:1:2490:339.97
332 330 331 339 338 324 6:5852741:2808:1:2490:352.44
332 330 331 339 338 6:5266738:2822:1:2490:350.69
332 330 339 338 324 6:5112723:2825:1:2490:350.32
332 331 339 338 324:5121081:3115:1:2490:317.72
332 331 339 338 324 6:5447081:3008:1:2490:329.01
662 136 11 6:5304265:5707:1:1291:173.44
1956 205 27:5807806:4419:1:1864:223.98
1956 205 27 7:6430254:3461:1:2702:285.96
1956 205 27 7 11:5710727:2698:1:2803:366.8
1956 205 27 11:5396350:3404:1:2564:290.75
1956 205 27 6:5223949:3576:1:2514:276.77
1956 205 7:5252098:3975:1:2198:248.99
1956 27:5192430:4745:1:1864:208.6
1956 27 7:5927800:3612:1:2702:274.01
1956 27 7 11:5349320:2814:1:2803:351.69
2 11 6:5587885:7771:1:1305:127.38
2 6:5297220:11903:1:678:83.17
934 27 7:5459837:4756:1:1691:208.11
934 27 7 11:5238687:3723:1:2187:265.84
86 85:7794132:7506:1:1490:131.88
86 85 87 7:5342922:2870:1:2736:344.83
86 85 83:7997668:6358:1:1490:155.69
86 85 83 27:7176818:4148:1:2276:238.61
86 85 83 27 7:9448393:4137:1:2276:239.25
86 85 83 27 7 11:8310720:3268:1:2750:302.85
86 85 83 27 7 11 6:7399752:2781:1:2750:355.86
86 85 83 27 7 6:8525756:3540:1:2276:279.58
86 85 83 27 11:6545670:3279:1:2750:301.83
86 85 83 27 11 6:5998648:2792:1:2750:354.46
86 85 83 27 6:6706727:3551:1:2276:278.72
86 85 83 7:11480147:6339:1:1490:156.15
86 85 83 7 3:5663360:2649:1:2919:373.59
86 85 83 7 11:10245807:4932:1:2024:200.69
86 85 83 7 11 6:9545383:4325:1:2024:228.85
86 85 83 7 6:10891037:5595:1:1767:176.91
86 85 83 11:7572608:4949:1:2024:200.0
86 85 83 11 6:7324015:4342:1:2024:227.95
86 85 83 6:7969044:5613:1:1767:176.35
86 85 27:7490450:4901:1:1835:201.96
86 85 27 7:10158306:4883:1:1835:202.7
86 85 27 7 11:8980745:3835:1:2234:258.08
86 85 27 7 11 6:8008870:3257:1:2234:303.87
86 85 27 7 6:9076634:4118:1:2043:240.35
86 85 27 11:6923067:3852:1:2234:256.94
86 85 27 11 6:6378754:3272:1:2234:302.48
86 85 27 6:6972733:4133:1:2043:239.48
86 85 7:11882727:7470:1:1490:132.51
86 85 7 3:5969645:3120:1:2919:317.21
86 85 7 3 6:5424943:2667:1:2919:371.07
86 85 7 11:10753446:5788:1:2024:171.01
86 85 7 11 6:10085544:5074:1:2024:195.07
86 85 7 6:11216362:6499:1:1767:152.31
86 85 11:7631692:5818:1:2024:170.13
86 85 11 6:7491004:5102:1:2024:194.0
86 85 6:7835692:6530:1:1767:151.59
86 83 27 7:7297220:4202:1:2276:235.55
86 83 27 7 11:6597966:3310:1:2315:299.0
86 83 27 7 11 6:5959908:2820:1:2315:350.94
86 83 27 7 6:6693058:3593:1:2276:275.46
86 83 7:8115219:6436:1:1490:153.8
86 83 7 11:7627465:4998:1:2024:198.04
86 83 7 11 6:7269716:4387:1:2024:225.62
86 83 7 6:7931690:5676:1:1767:174.39
86 83 11 6:5039678:4432:1:2024:223.33
86 27 7:7692742:5019:1:1835:197.21
86 27 7 11:7043482:3933:1:2108:251.65
86 27 7 11 6:6387959:3344:1:2108:295.96
86 27 7 6:7013633:4230:1:2043:233.99
86 7:8005718:7696:1:1490:128.62
86 7 11:7760827:5942:1:1898:166.58
86 7 11 6:7497507:5216:1:1898:189.76
86 7 6:7863124:6684:1:1767:148.09
86 11 6:5087286:5534:1:1816:178.86
494 11 6:5100375:5839:1:1530:169.52
321 27:5439544:7075:1:1210:139.91
321 27 7:8488312:6462:1:1210:153.18
321 27 7 11:7908803:5025:1:1814:196.98
321 27 7 11 6:7294024:4296:1:1938:230.39
321 27 7 6:7618010:5279:1:1569:187.5
321 27 11:5627601:5452:1:1384:181.55
321 27 11 6:5599842:4712:1:1630:210.06
321 27 6:5391945:5802:1:1569:170.6
321 7:6172700:8069:1:1068:122.68
321 7 11:6446512:6242:1:1242:158.58
321 7 11 6:6304120:5427:1:1521:182.39
321 7 6:5999557:6670:1:1186:148.4
85 83:5269274:6853:1:1290:144.44
85 83 27:5752068:4512:1:2276:219.37
85 83 27 7:8215384:4494:1:2276:220.25
85 83 27 7 11:7374990:3534:1:2750:280.06
85 83 27 7 11 6:6635359:3008:1:2750:329.01
85 83 27 7 6:7504717:3843:1:2276:257.54
85 83 27 11:5472608:3551:1:2750:278.72
85 83 27 11 6:5124382:3024:1:2750:327.27
85 83 27 6:5534791:3860:1:2276:256.41
85 83 7:9014792:6819:1:1290:145.16
85 83 7 11:8393195:5283:1:1980:187.36
85 83 7 11 6:7961941:4633:1:1980:213.64
85 83 7 6:8765245:6015:1:1461:164.56
85 83 11:5534584:5312:1:1980:186.34
85 83 11 6:5587949:4661:1:1980:212.36
85 83 6:5629159:6047:1:1461:163.69
85 27:5947970:5566:1:1835:177.83
85 27 7:8939440:5520:1:1835:179.32
85 27 7 11:8052160:4280:1:1980:231.25
85 27 7 11 6:7250431:3628:1:2043:272.8
85 27 7 6:8092717:4641:1:1835:213.27
85 27 11:5771845:4316:1:1980:229.33
85 27 11 6:5447782:3659:1:2043:270.49
85 27 6:5742923:4681:1:1835:211.45
85 7:9321330:8472:1:1077:116.84
85 7 3:5042056:3553:1:2919:278.56
85 7 11:8812365:6437:1:1980:153.77
85 7 11 6:8445392:5635:1:1980:175.66
85 7 6:9079900:7348:1:1253:134.71
85 11:5395570:6562:1:1980:150.85
85 11 6:5628127:5750:1:1980:172.14
85 6:5372718:7568:1:1253:130.8
339 338 324 11:5249791:4398:1:2128:225.05
339 338 324 11 6:5812415:4283:1:2128:231.09
378 11 6:5376138:8165:1:1138:121.23
916 11 6:5942962:7256:1:1202:136.42
28 32 87 7:5026270:3837:1:1934:257.95
28 32 27:7665680:7347:1:1171:134.73
28 32 27 7:11212077:7033:1:1366:140.75
28 32 27 7 3:5725987:2992:1:2703:330.77
28 32 27 7 11:10086118:5446:1:1449:181.75
28 32 27 7 11 6:7680015:4024:1:1968:245.96
28 32 27 7 6:8540771:5076:1:1805:195.0
28 32 27 11:7419982:5665:1:1449:174.73
28 32 27 11 6:5910032:4219:1:1968:234.6
28 32 27 6:6215039:5334:1:1721:185.57
28 32 7:9552549:9102:1:997:108.76
28 32 7 3:5320702:3894:1:2281:254.17
28 32 7 11:9227001:7008:1:1425:141.25
28 32 7 11 6:7265206:5274:1:1623:187.68
28 32 7 6:7648586:6688:1:1461:148.0
28 32 11:5658712:7329:1:1425:135.06
28 27 7:8153137:7088:1:1366:139.65
28 27 7 11:7720336:5485:1:1449:180.46
28 27 7 11 6:6124136:4059:1:1968:243.84
28 27 7 6:6534108:5123:1:1805:193.21
28 7:5565308:9190:1:997:107.71
28 7 11:6155564:7064:1:1425:140.13
28 7 11 6:5197698:5325:1:1623:185.88
32 87 7:5118926:4078:1:1934:242.71
32 27:7879216:7971:1:1171:124.18
32 27 7:11687648:7595:1:1366:130.33
32 27 7 3:5965638:3217:1:2703:307.65
32 27 7 11:10553159:5874:1:1449:168.51
32 27 7 11 6:8078682:4359:1:1968:227.06
32 27 7 6:8950013:5500:1:1800:179.97
32 27 11:7680946:6126:1:1449:161.58
32 27 11 6:6159116:4580:1:1968:216.11
32 27 6:6437785:5800:1:1721:170.66
32 7:9827804:9894:1:997:100.05
32 7 3:5508460:4214:1:2281:234.88
32 7 3 11:5097112:3252:1:2892:304.34
32 7 11:9578764:7601:1:1162:130.23
32 7 11 6:7589903:5742:1:1623:172.38
32 7 6:7926143:7285:1:1461:135.88
32 11:5834269:8154:1:1058:121.4
644 11 6:5674685:6088:1:1730:162.59
644 6:5014710:7581:1:1221:130.57
737:6773312:17645:1:818:56.1
737 3:5407933:7569:1:1101:130.78
737 3 11:5224507:5278:1:1805:187.54
737 3 11 6:5840713:5057:1:1805:195.73
737 3 6:5682500:6466:1:1323:153.09
737 11:8251834:12504:1:818:79.17
737 11 6:9889555:12002:1:846:82.48
737 6:8300272:15139:1:818:65.39
255 148 218 11 6:5554672:6753:1:1294:146.58
255 148 11 6:5186734:6760:1:1294:146.43
278:5518460:20114:1:590:49.22
278 27:8831960:10747:1:1085:92.11
278 27 7:11663245:8501:1:1085:116.44
278 27 7 3:5942889:3530:1:2680:280.37
278 27 7 3 11:5238552:2706:1:2879:365.72
278 27 7 11:10782335:6612:1:1875:149.71
278 27 7 6:6522163:4839:1:2569:204.55
278 27 3:5175990:4500:1:2041:219.95
278 27 11:8991510:8260:1:1307:119.84
278 27 11 6:6887425:5631:1:1628:175.78
278 27 6:6535875:6833:1:1363:144.86
278 7:8919245:10785:1:754:91.79
278 7 3:5210662:4553:1:1923:217.39
278 7 11:9063225:8304:1:1028:119.21
278 7 11 6:5341842:5008:1:1863:197.64
278 3:5232140:8675:1:1064:114.11
278 11:6778370:12401:1:647:79.83
278 11 6:6039076:8789:1:908:112.63
278 6:5068504:12090:1:730:81.88
361 11:5651505:8600:1:926:115.1
361 11 6:6798350:8301:1:1099:119.25
361 6:5104986:9355:1:926:105.81
14:5744412:11607:1:798:85.29
14 64 11 6:5048937:3835:1:2987:258.08
14 11:6349993:8244:1:1126:120.07
14 11 6:7386896:7903:1:1126:125.25
14 6:6673785:10091:1:1086:98.1
897 87 27 7:7085213:4628:1:2322:213.87
897 87 27 7 11:6448067:3606:1:2322:274.47
897 87 27 7 11 6:5538257:2931:1:2643:337.65
897 87 27 7 6:5918263:3608:1:2322:274.31
897 87 7:5493552:5580:1:1931:177.39
897 87 7 11:5413568:4338:1:1931:228.16
897 27:7196255:10129:1:1018:97.73
897 27 7:12103325:9599:1:1193:103.13
897 27 7 3:6376267:4045:1:2036:244.69
897 27 7 3 11:5586355:3061:1:2309:323.32
897 27 7 11:11123772:7326:1:1558:135.12
897 27 7 11 6:9906964:6089:1:1558:162.56
897 27 7 6:10504531:7627:1:1269:129.79
897 27 11:7534432:7706:1:1270:128.45
897 27 11 6:7280212:6460:1:1270:153.23
897 27 6:7013972:8102:1:1179:122.18
897 7:9136664:12748:1:849:77.65
897 7 3:5547998:5361:1:1355:184.63
897 7 3 11:5234065:4055:1:1989:244.08
897 7 11:9528801:9696:1:1128:102.09
897 7 11 6:9027895:8207:1:1155:120.61
897 7 6:8693670:10291:1:899:96.19
897 11 6:5316019:8974:1:1130:110.31
314:6517016:14842:1:685:66.7
314 3 11 6:5309357:4401:1:1836:224.9
314 3 6:5125774:5477:1:1836:180.72
314 11:7762074:10894:1:866:90.87
314 11 6:9216073:10518:1:866:94.12
314 6:7851369:13010:1:685:76.09
49 27:6333988:9637:1:867:102.72
49 27 7:6067454:5058:1:1430:195.69
49 27 7 11:6244727:4279:1:1813:231.31
49 27 7 11 6:5618703:3586:1:2357:276.0
49 27 7 6:5416383:4128:1:2026:239.77
49 27 11:7761483:8353:1:1033:118.51
49 27 11 6:8317966:7645:1:1367:129.48
49 27 6:7047975:8616:1:867:114.89
49 11 6:5411241:9938:1:921:99.61
521 90 11 6:5237239:3556:1:2528:278.32
521 11:5492600:6732:1:1035:147.04
521 11 6:6399144:6529:1:1160:151.61
521 6:5227236:7362:1:1130:134.46
260 11 6:5623512:6098:1:1538:162.32
423:5444154:10967:1:862:90.26
423 11:7340446:9559:1:1075:103.56
423 11 6:8625925:9266:1:1075:106.83
423 6:6827352:10346:1:970:95.68
1644 148 218 11 6:5063473:4001:1:2177:247.38
1644 11:5795390:7062:1:1188:140.17
1644 11 6:6754689:6861:1:1188:144.27
1644 6:5674262:7984:1:1040:123.98
46 11 6:5859194:7107:1:1240:139.28
215 27 11 6:5220932:4596:1:2124:215.36
215 3 11:5193073:6749:1:1249:146.67
215 3 11 6:5942303:6377:1:1385:155.22
215 3 6:5196726:7888:1:1160:125.49
215 11:6744305:15375:1:815:64.39
215 11 6:8775705:14588:1:815:67.86
215 6:5968503:18196:1:588:54.4
4:38607138:78097:1:163:12.68
4 27:5623000:5370:1:1548:184.32
4 7:6998907:6693:1:1528:147.89
4 7 11:5717183:4335:1:2105:228.32
4 7 11 6:5665310:3872:1:2201:255.62
4 7 6:6276239:5254:1:2017:188.39
4 1:8879284:14645:1:649:67.6
4 1 3:6146688:6552:1:1196:151.08
4 1 11:5949992:6754:1:1217:146.56
4 1 11 6:6472079:6183:1:1296:160.09
4 1 6:7473934:9659:1:1282:102.48
4 3:29121168:35315:1:327:28.03
4 3 11:14002842:12717:1:799:77.84
4 3 11 6:14128495:11158:1:799:88.72
4 3 6:20609379:20773:1:465:47.66
4 11:21067782:27362:1:444:36.18
4 11 6:22421313:23957:1:444:41.32
4 6:29680305:44932:1:236:22.03
379 11 6:6178927:8100:1:1207:122.21
21 148 218 11 6:5017169:3990:1:1962:248.06
21 11:6029495:7374:1:1231:134.24
21 11 6:7029907:7161:1:1231:138.23
21 6:5808026:8175:1:1211:121.09
269 11:5151593:11725:1:736:84.43
269 11 6:6758505:11183:1:742:88.52
254 148 218 11 6:5544298:5942:1:1360:166.58
254 148 11 6:5308077:6043:1:1360:163.8
254 11 6:5557504:8430:1:1089:117.42
504 11 6:6315358:9601:1:984:103.1
230 148 218 11 6:5156536:4254:1:1909:232.67
230 148 11 6:5011004:4332:1:1909:228.48
230 11:5335992:6924:1:1222:142.96
230 11 6:6298377:6742:1:1222:146.82
230 6:5061624:7662:1:1152:129.19
87:5045835:18484:1:533:53.56
87 205 27 7:6103373:3846:1:2068:257.34
87 205 27 7 11:5702797:3089:1:2604:320.39
87 83 27 7:6532166:4175:1:2241:237.07
87 83 27 7 11:6132275:3368:1:2532:293.86
87 83 27 7 6:5909462:3501:1:2331:282.7
87 83 7:5605208:5407:1:2016:183.06
87 83 7 11:5633278:4323:1:2531:228.96
87 83 7 11 6:5275757:3688:1:2531:268.37
87 83 7 6:5407881:4625:1:2016:214.01
87 27:10849445:13280:1:624:74.54
87 27 7:17140765:12565:1:624:78.78
87 27 7 1:5914702:3999:1:2436:247.5
87 27 7 1 11:5682294:3276:1:2436:302.11
87 27 7 1 11 6:5138988:2772:1:2656:357.01
87 27 7 1 6:5232626:3271:1:2509:302.57
87 27 7 3:8924297:5319:1:1812:186.09
87 27 7 3 11:7810156:4041:1:1998:244.93
87 27 7 3 11 6:6798041:3345:1:2587:295.88
87 27 7 3 6:7448940:4182:1:2587:236.67
87 27 7 11:15703675:9656:1:840:102.52
87 27 7 11 6:14292491:8182:1:1011:120.98
87 27 7 6:15150463:10175:1:993:97.29
87 27 3:6457307:5644:1:1812:175.38
87 27 3 11:6018217:4272:1:1998:231.69
87 27 3 11 6:5529121:3567:1:2069:277.47
87 27 3 6:5747616:4459:1:2069:221.97
87 27 11:11023935:10165:1:840:97.38
87 27 11 6:10732244:8675:1:1011:114.11
87 27 6:10500450:10791:1:806:91.73
87 7:13529680:16499:1:539:60.0
87 7 3:7913936:6958:1:1230:142.26
87 7 3 11:7366537:5251:1:1574:188.5
87 7 3 11 6:6726387:4431:1:1980:223.38
87 7 3 6:7016278:5570:1:1713:177.71
87 7 11:13637945:12514:1:739:79.11
87 7 11 6:13177278:10807:1:746:91.6
87 7 6:12958834:13561:1:687:73.0
87 3 11:5019851:5728:1:1574:172.81
87 3 11 6:5016205:4878:1:1713:202.91
87 11:7408835:13548:1:739:73.07
87 11 6:8300684:11787:1:746:83.98
87 6:6516989:14990:1:642:66.04
69:6241860:22631:1:437:43.74
69 7 11:5099975:4691:1:2126:211.0
69 7 11 6:5178833:4225:1:2126:234.26
69 1 11 6:5251508:6373:1:1170:155.32
69 3:5885524:9741:1:1242:101.62
69 3 11:6383805:7285:1:1242:135.88
69 3 11 6:7267096:6991:1:1242:141.59
69 3 6:6600046:8592:1:1242:115.21
69 11:9267745:16879:1:598:58.65
69 11 6:11545994:16203:1:598:61.1
69 6:8772153:19916:1:469:49.71
747 148 218 11:5123074:4916:1:2097:201.34
747 148 218 11 6:5762368:4783:1:2097:206.94
747 148 11 6:5624862:4890:1:2097:202.41
747 11:6033810:7906:1:1111:125.21
747 11 6:7118639:7679:1:1339:128.91
747 6:5746983:8785:1:1339:112.68
229 148 218 11:5629384:5380:1:1600:183.98
229 148 218 11 6:6350701:5251:1:1600:188.5
229 148 218 6:5318636:5664:1:1483:174.76
229 148 11:5453266:5501:1:1600:179.93
229 148 11 6:6198320:5370:1:1600:184.32
229 148 6:5117713:5793:1:1483:170.87
229 218 11 6:5465449:5532:1:1600:178.93
229 11:6480560:8409:1:1354:117.72
229 11 6:7644087:8188:1:1354:120.89
229 6:6262545:9469:1:1212:104.54
55:35867410:65365:1:154:15.15
55 27:5311790:4840:1:1849:204.5
55 7:6613960:6032:1:1357:164.1
55 7 11:5584370:4080:1:2486:242.59
55 7 11 6:5514599:3645:1:2486:271.53
55 7 6:6015152:4829:1:2025:204.97
55 148 11 6:5052695:4182:1:1807:236.67
55 1:8555924:12955:1:875:76.41
55 1 3:5528312:5627:1:1849:175.91
55 1 11:6134216:6553:1:1241:151.05
55 1 11 6:6652581:6042:1:1241:163.83
55 1 6:7374361:8923:1:1069:110.94
55 3:25910388:29509:1:379:33.55
55 3 11:12871136:11162:1:1121:88.69
55 3 11 6:12971015:9832:1:1121:100.68
55 3 6:18375601:17595:1:592:56.26
55 11:19918720:24236:1:442:40.85
55 11 6:21210919:21481:1:535:46.09
55 6:27435320:38415:1:302:25.77
316 3:6019659:12172:1:774:81.33
316 3 11:5819870:7608:1:1111:130.11
316 3 11 6:6708776:7220:1:1111:137.1
316 3 6:6334926:9620:1:873:102.9
316 11:7744723:17706:1:536:55.91
316 11 6:10108376:16821:1:542:58.85
316 6:7258020:22055:1:508:44.89
136:7790034:23679:1:397:41.81
136 7 11 6:5013663:3896:1:2175:254.04
136 148 218 11 6:5039488:4858:1:1589:203.75
136 148 11 6:5209872:5301:1:1491:186.72
136 1 11:5422519:7620:1:1045:129.9
136 1 11 6:6409166:7330:1:1046:135.04
136 1 6:5184750:8615:1:1017:114.9
136 3:6781284:10295:1:914:96.15
136 3 11:6857621:7357:1:1096:134.55
136 3 11 6:7711481:7040:1:1165:140.61
136 3 6:7390851:8985:1:1027:110.17
136 11:10267605:17046:1:580:58.07
136 11 6:12512546:16359:1:660:60.51
136 6:10188807:20680:1:466:47.87
273:5688726:17177:1:496:57.63
273 148 218 11 6:5717022:5500:1:1427:179.97
273 148 11 6:5751256:5836:1:1394:169.61
273 218 11 6:5025397:6116:1:1292:161.84
273 1 11 6:5315678:6048:1:1441:163.66
273 3 11 6:5503890:5043:1:1920:196.27
273 3 6:5219661:6368:1:1424:155.44
273 11:7520475:12427:1:786:79.66
273 11 6:9186392:11959:1:786:82.78
273 6:7390221:14945:1:542:66.24
205 27:11010862:14390:1:697:68.79
205 27 7:14640248:11146:1:779:88.81
205 27 7 1:5272064:3697:1:2231:267.71
205 27 7 3:7582776:4670:1:1611:211.95
205 27 7 3 11:6737327:3587:1:2117:275.92
205 27 7 11:13607366:8646:1:929:114.49
205 27 7 11 6:11806395:7060:1:1070:140.21
205 27 7 6:12244144:8660:1:963:114.31
205 27 3:6643030:6084:1:1427:162.7
205 27 3 11:6290253:4632:1:1835:213.68
205 27 3 11 6:5563001:3769:1:2373:262.6
205 27 3 6:5647942:4669:1:2373:211.99
205 27 11:11432413:11049:1:899:89.59
205 27 11 6:11165605:9443:1:977:104.83
205 27 6:10676161:11686:1:721:84.71
205 7:10995104:14246:1:655:69.49
205 7 3:6498124:5996:1:1427:165.08
205 7 3 11:6128457:4562:1:2116:216.96
205 7 11:11337203:10938:1:817:90.5
205 7 11 6:10612436:9189:1:919:107.73
205 7 6:10148457:11351:1:919:87.21
205 3:5008742:9110:1:1427:108.66
205 3 11:5409018:6581:1:1499:150.41
205 3 11 6:5421794:5590:1:1852:177.07
205 11:7681446:15591:1:655:63.49
205 11 6:8936220:13735:1:656:72.07
205 6:6620880:17447:1:604:56.74
40 148 218 11 6:5097919:5808:1:1768:170.43
40 148 11 6:5232804:6357:1:1190:155.71
40 1 11 6:5209846:7319:1:1219:135.25
40 3:5076180:10312:1:1027:96.0
40 3 11:5822474:7634:1:1027:129.67
40 3 11 6:6849558:7395:1:1120:133.86
40 3 6:6132117:9348:1:1027:105.89
40 11:7858000:17893:1:649:55.33
40 11 6:10467903:17363:1:726:57.01
40 6:7213413:21842:1:639:45.32
512 11 6:5275351:10696:1:1062:92.55
138 7 11 6:5219540:5201:1:1882:190.31
138 1 11 6:5161037:8567:1:1620:115.55
138 3:5834688:15257:1:733:64.88
138 3 11:6066837:9291:1:897:106.54
138 3 11 6:7159233:8760:1:897:113.0
138 3 6:6674220:12228:1:733:80.96
138 11:7011499:21310:1:514:46.45
138 11 6:9936518:20180:1:514:49.06
138 6:6143634:28067:1:472:35.27
364 11 6:6035954:10040:1:993:98.6
987 148 218 11 6:5984098:7813:1:1470:126.7
987 148 11:6180789:11273:1:1132:87.81
987 148 11 6:7812139:10968:1:1132:90.25
987 148 6:5566502:12679:1:751:78.08
987 11 6:6214733:12617:1:919:78.46
446:12833360:23270:1:431:42.54
446 7:5036180:4546:1:2170:217.73
446 7 11:5105500:3737:1:2170:264.85
446 7 11 6:5064558:3370:1:2170:293.68
446 148 218 11:5258058:4755:1:2108:208.16
446 148 218 11 6:5839677:4607:1:2108:214.84
446 148 218 6:5068227:5094:1:1918:194.31
446 148 11:5372955:5104:1:2045:193.93
446 148 11 6:5997961:4939:1:2045:200.41
446 148 6:5168987:5489:1:1533:180.33
446 218 11 6:5480715:5242:1:1733:188.82
446 1:5395638:8119:1:1271:121.92
446 1 11:5873365:6246:1:1391:158.48
446 1 11 6:6583207:5979:1:1391:165.55
446 1 6:5955297:7199:1:1271:137.5
446 3:8883460:10104:1:840:97.97
446 3 11:7379161:6426:1:1258:154.04
446 3 11 6:7971497:6084:1:1423:162.7
446 3 6:8488614:8151:1:1258:121.44
446 11:12268990:14844:1:686:66.69
446 11 6:13978179:14140:1:686:70.01
446 6:13445022:18818:1:480:52.61
155:5722245:11494:1:954:86.12
155 148 218 11:6093855:5837:1:2563:169.58
155 148 218 11 6:6866616:5689:1:2563:173.99
155 148 218 6:5669137:6065:1:2563:163.21
155 148 11:5908647:5976:1:2563:165.64
155 148 11 6:6705831:5823:1:2563:169.99
155 148 6:5465999:6218:1:2563:159.19
155 218 11:5089949:6162:1:1445:160.64
155 218 11 6:5941296:6007:1:1445:164.78
155 1 11 6:5689248:5446:1:1637:181.75
155 3 11 6:5031223:3977:1:2084:248.87
155 11:7567518:9811:1:1058:100.9
155 11 6:8923600:9550:1:1058:103.65
155 6:7160166:10819:1:954:91.5
25 148 218 11 6:5684031:6904:1:1228:143.37
25 148 11 6:5401566:7030:1:1228:140.81
25 11 6:5690173:10388:1:795:95.29
438 1 11 6:5581378:7313:1:1195:135.36
438 3 11:5732965:6983:1:1701:141.75
438 3 11 6:6711471:6810:1:1863:145.35
438 3 6:5432624:7613:1:1207:130.02
438 11:8116705:16484:1:606:60.05
438 11 6:10519007:16049:1:606:61.68
438 6:6881842:17937:1:530:55.19
303 148 218 11 6:5259780:6864:1:1127:144.21
303 148 11 6:5282181:7418:1:1070:133.44
303 3 11 6:5166782:6320:1:1290:156.62
303 11:5143890:15640:1:610:63.3
303 11 6:7453904:15126:1:642:65.45
83:7095512:32212:1:386:30.73
83 27:9378826:12395:1:923:79.86
83 27 7:13634262:10486:1:923:94.4
83 27 7 1:5301518:3741:1:2418:264.56
83 27 7 3:6950388:4318:1:2077:229.22
83 27 7 3 11:6367613:3413:1:2678:289.98
83 27 7 3 6:6214410:3617:1:2405:273.63
83 27 7 11:12930939:8293:1:1226:119.36
83 27 7 11 6:11955145:7103:1:1229:139.36
83 27 7 6:12816504:8972:1:923:110.33
83 27 3:5596202:5163:1:1472:191.71
83 27 3 11:5567183:4123:1:1961:240.06
83 27 3 6:5471566:4432:1:2320:223.33
83 27 11:10116350:9883:1:1226:100.16
83 27 11 6:10252863:8679:1:1226:114.06
83 27 6:9917551:10807:1:923:91.6
83 7:12460724:16171:1:669:61.22
83 7 1 11:5342906:4663:1:1836:212.26
83 7 1 11 6:5282297:4119:1:2416:240.29
83 7 1 6:5008254:4907:1:1969:201.71
83 7 3:7281178:6745:1:1306:146.75
83 7 3 11:7081538:5266:1:1870:187.96
83 7 3 11 6:6736636:4594:1:1870:215.45
83 7 3 6:7056682:5850:1:1842:169.2
83 7 11:13152016:12664:1:720:78.17
83 7 11 6:13195283:11229:1:827:88.16
83 7 6:12998488:14273:1:719:69.36
83 148 218 11 6:5182816:5554:1:1691:178.22
83 148 11 6:5353276:6095:1:1691:162.4
83 1 11:5198556:8634:1:1126:114.65
83 1 11 6:6165215:8054:1:1196:122.91
83 3:7545068:13770:1:844:71.89
83 3 11:8297043:10102:1:1036:97.99
83 3 11 6:9150068:9340:1:1036:105.98
83 3 6:8501859:11989:1:844:82.57
83 11:11743622:23747:1:529:41.69
83 11 6:14532808:22119:1:529:44.76
83 6:10873947:28273:1:386:35.01
56 148 218 11 6:5226777:5306:1:1450:186.55
56 148 11 6:5205082:5604:1:1450:176.63
56 1 11 6:5461478:6673:1:1190:148.34
56 3 11 6:5633208:5418:1:1394:182.69
56 11:7311490:13362:1:655:74.09
56 11 6:9178380:12922:1:730:76.61
56 6:6465871:14721:1:673:67.25
135:9039519:18313:1:508:54.06
135 7 11:5320869:4077:1:2414:242.77
135 7 11 6:5314363:3680:1:2414:268.95
135 148 218:5015366:6508:1:1710:152.1
135 148 218 11:6386037:6105:1:1710:162.14
135 148 218 11 6:7146595:5910:1:1710:167.48
135 148 218 6:5851375:6262:1:1710:158.07
135 148 11:6387281:6440:1:1710:153.7
135 148 11 6:7193041:6229:1:1710:158.91
135 148 6:5808870:6609:1:1710:149.77
135 218 11:5529207:6707:1:1710:147.59
135 218 11 6:6413383:6492:1:1710:152.47
135 218 6:5108478:7157:1:1710:138.31
135 1:5236272:8660:1:1047:114.31
135 1 11:6792478:7744:1:1052:127.82
135 1 11 6:7801216:7504:1:1052:131.91
135 1 6:6357927:8279:1:1047:119.57
135 3:6371037:7759:1:1136:127.58
135 3 11:7206776:6577:1:1509:150.5
135 3 11 6:8042571:6391:1:1509:154.88
135 3 6:7187337:7295:1:1314:135.69
135 11:12035281:15666:1:621:63.19
135 11 6:14155194:15200:1:621:65.13
135 6:11339112:17237:1:519:57.43
77 27 7:5539328:4584:1:1549:215.92
77 27 7 11:5735562:3940:1:1806:251.21
77 27 7 11 6:5398057:3418:1:2413:289.56
77 27 7 6:5215403:3912:1:2413:253.0
77 27 11:5244480:5694:1:1569:173.84
77 27 11 6:5569240:5159:1:2146:191.86
77 7:5633174:8532:1:927:116.02
77 7 11:6609965:7156:1:1387:138.33
77 7 11 6:6893284:6484:1:1413:152.66
77 7 6:6053050:7542:1:977:131.25
77 148 218 11:5485674:8335:1:1107:118.76
77 148 218 11 6:6650067:8083:1:1107:122.46
77 148 11:5533511:9171:1:1088:107.94
77 148 11 6:6828671:8891:1:1088:111.34
77 218 11 6:5608526:9287:1:1107:106.59
77 1 11:5586307:11284:1:921:87.73
77 1 11 6:7149799:10860:1:921:91.15
77 3:8323932:18974:1:547:52.17
77 3 11:9321000:13104:1:768:75.54
77 3 11 6:10957543:12528:1:768:79.02
77 3 6:9701939:16083:1:620:61.55
77 11:11606153:30166:1:395:32.82
77 11 6:15871639:28921:1:395:34.23
77 6:10149424:36880:1:280:26.84
90:10921995:22062:1:417:44.87
90 27:5015638:4828:1:1767:205.01
90 27 7:5084797:3217:1:2678:307.65
90 27 7 11:5314795:2903:1:2886:340.91
90 27 11:5722254:4374:1:1953:226.29
90 27 11 6:5803750:3959:1:1953:250.0
90 27 6:5199764:4340:1:1767:228.06
90 7:5558127:5320:1:2098:186.06
90 7 11:6267648:4802:1:2098:206.12
90 7 11 6:6225031:4313:1:2098:229.49
90 7 6:5632078:4750:1:2098:208.38
90 148:6859684:9616:1:890:102.94
90 148 218:7056465:9187:1:890:107.75
90 148 218 1:5074205:5763:1:1452:171.76
90 148 218 1 11:6228690:5408:1:1808:183.03
90 148 218 1 11 6:6862127:5219:1:1808:189.66
90 148 218 1 6:5764709:5520:1:1606:179.32
90 148 218 11:8916069:8573:1:890:115.47
90 148 218 11 6:9972264:8295:1:890:119.33
90 148 218 6:8203466:8804:1:890:112.44
90 148 1 11:6151830:5611:1:1808:176.41
90 148 1 11 6:6818278:5414:1:1808:182.83
90 148 1 6:5667167:5733:1:1606:172.65
90 148 11:8837514:8963:1:890:110.44
90 148 11 6:9949241:8666:1:890:114.23
90 148 6:8073877:9207:1:890:107.52
90 218:5581023:10198:1:886:97.07
90 218 1 11:5369121:5761:1:1606:171.82
90 218 1 11 6:6089678:5559:1:1629:178.06
90 218 11:7564629:9229:1:890:107.26
90 218 11 6:8771560:8930:1:890:110.85
90 218 6:6952293:9775:1:886:101.27
90 1:6719886:11087:1:770:89.29
90 1 3 11 6:5283508:3880:1:2619:255.09
90 1 11:8718423:9923:1:849:99.76
90 1 11 6:10014506:9596:1:849:103.16
90 1 6:8163253:10577:1:774:93.59
90 3:7474566:9113:1:1051:108.62
90 3 11:8523711:7806:1:1051:126.81
90 3 11 6:9519402:7572:1:1199:130.73
90 3 6:8454546:8572:1:1051:115.48
90 11:14531373:18904:1:479:52.37
90 11 6:17109835:18339:1:479:53.98
90 6:13693488:20744:1:429:47.72
64:18613434:48262:1:197:20.51
64 27:6363544:6845:1:1403:144.61
64 27 7:6811899:4594:1:1881:215.45
64 27 7 11:6718382:3882:1:2074:254.96
64 27 7 6:6231250:3873:1:2466:255.55
64 27 11:6690429:5602:1:1547:176.69
64 27 11 6:6817122:5032:1:1711:196.7
64 27 6:6459210:5924:1:1528:167.09
64 7:7993649:8498:1:1230:116.48
64 7 11:8329223:6906:1:1306:143.33
64 7 11 6:8373779:6221:1:1321:159.11
64 7 6:8023656:7407:1:1238:133.64
64 148:6474576:10683:1:843:92.66
64 148 218:6430369:9744:1:1134:101.59
64 148 218 1 11 6:5530403:4570:1:2626:216.58
64 148 218 11:8067338:8623:1:1206:114.8
64 148 218 11 6:9162298:8332:1:1206:118.8
64 148 218 6:7648352:9279:1:1134:106.68
64 148 1 11:5017355:5063:1:2004:195.5
64 148 1 11 6:5633002:4875:1:2626:203.04
64 148 11:8244962:9348:1:933:105.89
64 148 11 6:9453140:9034:1:933:109.57
64 148 6:7801665:10122:1:897:97.8
64 218:5256871:11921:1:893:83.04
64 218 11:7063977:9873:1:893:100.26
64 218 11 6:8381316:9529:1:893:103.88
64 218 6:6798446:11224:1:893:88.2
64 1:7650313:15390:1:609:64.32
64 1 3:5312916:6452:1:1814:153.42
64 1 3 11:5350330:4875:1:1986:203.04
64 1 3 11 6:5898193:4670:1:1986:211.95
64 1 3 6:5626008:5681:1:1814:174.23
64 1 11:9024580:11661:1:779:84.89
64 1 11 6:10501509:11172:1:783:88.61
64 1 6:9029730:13599:1:774:72.79
64 3:14898363:20855:1:639:47.47
64 3 11:12984443:13149:1:803:75.29
64 3 11 6:14391229:12484:1:803:79.3
64 3 6:14768573:16798:1:696:58.93
64 11:20143478:30476:1:407:32.48
64 11 6:23965024:29007:1:407:34.13
64 6:21445625:38937:1:269:25.43
27:39304350:71657:1:198:13.82
27 7:43455680:39761:1:280:24.9
27 7 148:10865836:8236:1:984:120.19
27 7 148 218:10327502:7507:1:1550:131.86
27 7 148 218 1:5934756:3980:1:2059:248.68
27 7 148 218 1 11:6173511:3542:1:2613:279.42
27 7 148 218 1 6:5536899:3419:1:2669:289.47
27 7 148 218 11:10810709:6635:1:1550:149.19
27 7 148 218 11 6:10226329:5811:1:1550:170.34
27 7 148 218 6:9795623:6500:1:1550:152.28
27 7 148 1:6119076:4268:1:2059:231.9
27 7 148 1 11:6396288:3795:1:2613:260.8
27 7 148 1 6:5716094:3660:1:2669:270.42
27 7 148 11:11380031:7235:1:1039:136.82
27 7 148 11 6:10782045:6329:1:1328:156.4
27 7 148 6:10316284:7112:1:1091:139.18
27 7 218:10441924:9065:1:1181:109.2
27 7 218 1:5725331:4510:1:2059:219.46
27 7 218 1 11:5984196:3927:1:2066:252.04
27 7 218 1 6:5406489:3869:1:2669:255.81
27 7 218 11:10900697:7744:1:1409:127.82
27 7 218 11 6:10380426:6758:1:1409:146.47
27 7 218 6:9986201:7790:1:1196:127.07
27 7 1:14680216:12187:1:822:81.23
27 7 1 3:7530080:4995:1:2204:198.16
27 7 1 3 11:7047518:4006:1:2266:247.07
27 7 1 3 11 6:6371352:3405:1:2266:290.66
27 7 1 3 6:6631651:4091:1:2266:241.94
27 7 1 11:14484728:9883:1:917:100.16
27 7 1 11 6:13609999:8543:1:1046:115.87
27 7 1 6:13588078:10182:1:1046:97.22
27 7 3:23703628:16833:1:668:58.81
27 7 3 11:20751414:12473:1:772:79.37
27 7 3 11 6:18681387:10558:1:801:93.76
27 7 3 6:20356728:13408:1:668:73.83
27 7 11:40258525:29694:1:316:33.34
27 7 11 6:38018588:25663:1:431:38.58
27 7 6:39679866:32445:1:310:30.51
27 148:9119048:11854:1:853:83.51
27 148 218:8832548:10713:1:853:92.4
27 148 218 1:5217201:5580:1:1817:177.39
27 148 218 1 11:6040211:5027:1:1817:196.9
27 148 218 1 11 6:6218468:4565:1:1817:216.82
27 148 218 1 6:5474626:4993:1:1817:198.24
27 148 218 11:10402936:9529:1:853:103.88
27 148 218 11 6:10884647:8696:1:1091:113.83
27 148 218 6:9490958:9630:1:1091:102.79
27 148 1:5267500:5988:1:1817:165.3
27 148 1 11:6156137:5372:1:1817:184.25
27 148 1 11 6:6365900:4872:1:1817:203.16
27 148 1 6:5561759:5342:1:1817:185.29
27 148 3 11:5101876:3835:1:2317:258.08
27 148 3 11 6:5332039:3565:1:2317:277.62
27 148 11:10769483:10389:1:853:95.28
27 148 11 6:11334906:9468:1:1091:104.55
27 148 6:9848214:10577:1:1091:93.59
27 218:8004826:13319:1:795:74.32
27 218 1 11:5487171:5594:1:1585:176.94
27 218 1 11 6:5784026:5070:1:1585:195.23
27 218 3 11 6:5200168:3894:1:1889:254.17
27 218 11:9708072:11173:1:853:88.6
27 218 11 6:10431331:10151:1:1091:97.52
27 218 6:8958656:11770:1:1091:84.11
27 1:12899958:19628:1:521:50.44
27 1 3:8153462:8257:1:976:119.88
27 1 3 11:7633355:6093:1:1632:162.46
27 1 3 11 6:7634890:5420:1:1632:182.62
27 1 3 6:7665179:6696:1:1426:147.83
27 1 11:13495008:14573:1:664:67.93
27 1 11 6:14210606:13087:1:735:75.64
27 1 6:13180781:16103:1:582:61.48
27 3:27266864:31028:1:338:31.91
27 3 11:22268340:19411:1:592:51.0
27 3 11 6:22153398:17058:1:592:58.03
27 3 6:24114904:23338:1:459:42.42
27 11:36780130:44950:1:248:22.02
27 11 6:39027296:39983:1:251:24.76
27 6:38562193:54436:1:224:18.19
7:47800270:86898:1:126:11.39
7 148:11452956:14851:1:678:66.66
7 148 218:11059480:13366:1:852:74.06
7 148 218 1:6387326:6801:1:1386:145.55
7 148 218 1 11:7309368:6070:1:1386:163.07
7 148 218 1 11 6:7410231:5514:1:1386:179.51
7 148 218 1 6:6597151:6107:1:1386:162.08
7 148 218 11:12856896:11744:1:852:84.29
7 148 218 11 6:13274124:10735:1:936:92.21
7 148 218 6:11712903:12061:1:852:82.08
7 148 1:6468606:7332:1:1076:135.01
7 148 1 11:7482356:6524:1:1332:151.72
7 148 1 11 6:7623056:5922:1:1332:167.15
7 148 1 6:6733774:6577:1:1134:150.5
7 148 3:5140296:5141:1:1622:192.53
7 148 3 11:5416878:4372:1:1779:226.39
7 148 3 6:5343316:4667:1:2312:212.08
7 148 11:13403943:12904:1:731:76.71
7 148 11 6:13914369:11782:1:936:84.02
7 148 6:12200389:13331:1:801:74.26
7 218:10223546:16864:1:769:58.7
7 218 1:5707979:7930:1:1109:124.83
7 218 1 11:6724469:6833:1:1386:144.86
7 218 1 11 6:6956328:6190:1:1386:159.91
7 218 1 6:6107501:7090:1:1257:139.61
7 218 3:5251498:6081:1:1204:162.78
7 218 3 11:5364777:4866:1:1646:203.41
7 218 3 11 6:5573938:4472:1:2202:221.33
7 218 3 6:5447155:5416:1:1729:182.76
7 218 11:12188051:13949:1:769:70.97
7 218 11 6:12899887:12705:1:803:77.92
7 218 6:11248253:14992:1:769:66.03
7 1:15767290:23817:1:452:41.57
7 1 3:9511356:9828:1:1048:100.72
7 1 3 11:8873716:7253:1:1048:136.48
7 1 3 11 6:8738118:6444:1:1135:153.61
7 1 3 6:8894630:8067:1:1135:122.71
7 1 11:16582372:17823:1:536:55.54
7 1 11 6:17156815:16015:1:637:61.81
7 1 6:15981860:19825:1:557:49.93
7 3:32394850:37295:1:313:26.54
7 3 11:27017819:23895:1:435:41.43
7 3 11 6:26592813:21059:1:483:47.01
7 3 6:28948768:28801:1:347:34.37
7 11:46145720:56241:1:216:17.6
7 11 6:48327250:50249:1:216:19.7
7 6:47323909:67981:1:155:14.56
148:15389848:69922:1:187:14.16
148 218:16180358:58823:1:207:16.83
148 218 1:9743092:25267:1:358:39.18
148 218 1 3:7164005:10165:1:1046:97.38
148 218 1 3 11:8681398:8916:1:1046:111.02
148 218 1 3 11 6:9948434:8736:1:1046:113.31
148 218 1 3 6:8467917:9740:1:1046:101.63
148 218 1 11:14683887:22264:1:423:44.46
148 218 1 11 6:17818272:21648:1:563:45.73
148 218 1 6:13236616:24063:1:495:41.14
148 218 3:14351135:23999:1:411:41.25
148 218 3 11:17516977:20193:1:530:49.02
148 218 3 11 6:20485689:19831:1:530:49.92
148 218 3 6:17445409:22852:1:432:43.32
148 218 11:27332182:49743:1:261:19.9
148 218 11 6:34589277:48507:1:261:20.41
148 218 6:24472603:55686:1:207:17.78
148 1:9266512:28049:1:356:35.29
148 1 3:7447318:11445:1:1046:86.49
148 1 3 11:8986251:9770:1:1046:101.32
148 1 3 11 6:10356269:9548:1:1046:103.68
148 1 3 6:8793362:10786:1:1046:91.78
148 1 11:14563671:24099:1:423:41.08
148 1 11 6:17965900:23396:1:563:42.31
148 1 6:13027310:26329:1:495:37.6
148 3:15759610:28966:1:306:34.18
148 3 11:18527941:22764:1:368:43.49
148 3 11 6:21752801:22213:1:368:44.57
148 3 6:18693949:26366:1:324:37.55
148 11:27397190:55389:1:204:17.87
148 11 6:35392404:53757:1:209:18.42
148 6:24414475:63487:1:204:15.59
218 1:5302865:32127:1:356:30.81
218 1 3:6471360:13208:1:672:74.95
218 1 3 11:7904883:10403:1:856:95.16
218 1 3 11 6:9343547:10118:1:856:97.84
218 1 3 6:7911047:12103:1:734:81.79
218 1 11:11208950:25542:1:364:38.76
218 1 11 6:14882707:24718:1:456:40.05
218 1 6:9695978:29439:1:449:33.63
218 3:14241766:37309:1:294:26.53
218 3 11:16654981:25520:1:376:38.79
218 3 11 6:20163906:24668:1:376:40.13
218 3 6:17566651:32159:1:308:30.78
218 11:20173150:61268:1:210:16.16
218 11 6:29098580:59026:1:210:16.77
218 6:16729541:76266:1:148:12.98
1:21710428:197522:1:58:5.01
1 3:36850224:83940:1:144:11.79
1 3 11:28042261:39420:1:247:25.11
1 3 11 6:31628171:36157:1:359:27.38
1 3 6:33897524:56209:1:201:17.61
1 11:35154070:91451:1:129:10.83
1 11 6:46068492:84011:1:156:11.78
1 6:35737081:130178:1:86:7.6
3:147992124:448667:1:23:2.21
3 11:96413323:159622:1:72:6.2
3 11 6:107254605:139714:1:72:7.09
3 6:128986461:261056:1:41:3.79
11:99731330:363173:1:25:2.73
11 6:139668290:318296:1:38:3.11
6:98087292:595673:1:13:1.66
