31 1 88 41 36 94 90:5020270:1887:1:1977:4.46
31 1 71 67 41:5038945:2472:1:1969:3.4
31 1 71 67 41 36:5446363:2167:1:1969:3.88
31 1 71 67 41 36 94:5682179:2167:1:1969:3.88
31 1 71 67 41 36 94 90:6403325:2167:1:1969:3.88
31 1 71 67 41 36 90:6167509:2167:1:1969:3.88
31 1 71 67 41 94 90:5664867:2280:1:1969:3.69
31 1 71 67 41 90:5860471:2472:1:1969:3.4
31 1 71 67 36 94 90:5675352:2261:1:1901:3.72
31 1 71 67 36 90:5430374:2261:1:1901:3.72
31 1 71 41 36:5526672:2468:1:1969:3.41
31 1 71 41 36 94:5794566:2468:1:1969:3.41
31 1 71 41 36 94 90:6613398:2468:1:1969:3.41
31 1 71 41 36 90:6345504:2468:1:1969:3.41
31 1 71 41 94 90:5756661:2608:1:1969:3.23
31 1 71 41 90:5860253:2800:1:1969:3.0
31 1 71 36 94 90:5765985:2578:1:1899:3.26
31 1 71 36 90:5487305:2578:1:1899:3.26
31 1 67 41 36:5246308:2471:1:1969:3.4
31 1 67 41 36 94:5515872:2471:1:1969:3.4
31 1 67 41 36 94 90:6342318:2471:1:1969:3.4
31 1 67 41 36 90:6072754:2471:1:1969:3.4
31 1 67 41 94 90:5454522:2608:1:1969:3.23
31 1 67 41 90:5544724:2800:1:1969:3.0
31 1 67 36 94 90:5573509:2625:1:1825:3.2
31 1 67 36 90:5288001:2625:1:1825:3.2
31 1 41 36:5701876:3093:1:1969:2.72
31 1 41 36 94:6037268:3093:1:1969:2.72
31 1 41 36 94 90:7067252:3093:1:1969:2.72
31 1 41 36 90:6731860:3093:1:1969:2.72
31 1 41 94 90:5936937:3280:1:1969:2.57
31 1 41 90:5898517:3472:1:1969:2.42
31 1 36 94 90:6056508:3279:1:1825:2.57
31 1 36 90:5701848:3279:1:1825:2.57
31 71 67 41 36 94 90:5502075:2238:1:1825:3.76
31 71 67 41 36 90:5258527:2238:1:1825:3.76
31 71 41 36 94 90:5551148:2539:1:1825:3.31
31 71 41 36 90:5275522:2539:1:1825:3.31
31 67 41 36 94 90:5263724:2542:1:1825:3.31
31 41 36 94 90:5674037:3164:1:1825:2.66
31 41 36 90:5330913:3164:1:1825:2.66
120 38 36 97 94 90:5583963:3338:1:1026:2.52
120 38 36 97 90:5223325:3338:1:1026:2.52
120 36 97 94 90:5525636:3540:1:1026:2.38
120 36 97 90:5143522:3540:1:1026:2.38
104 71 67 36 94 90:5932850:2971:1:1817:2.83
104 71 67 36 90:5614800:2971:1:1817:2.83
104 71 36 94 90:5378779:3115:1:1817:2.7
104 71 36 90:5044185:3115:1:1817:2.7
104 67 36 94 90:5361105:3307:1:1817:2.54
104 67 36 90:5006045:3307:1:1817:2.54
1 88 41 36 94 90:5716672:2569:1:1977:3.27
1 88 41 36 90:5442474:2569:1:1977:3.27
1 79 41 36 94 90:5427139:2570:1:1993:3.27
1 79 41 36 90:5151541:2570:1:1993:3.27
1 71 67 41 36:5508128:2657:1:1969:3.17
1 71 67 41 36 94:5795464:2657:1:1969:3.17
1 71 67 41 36 94 90:6676720:2657:1:1969:3.17
1 71 67 41 36 90:6389384:2657:1:1969:3.17
1 71 67 41 94 90:5690817:2792:1:1969:3.01
1 71 67 41 90:5750207:2984:1:1969:2.82
1 71 67 36 94 90:5884831:2845:1:1901:2.96
1 71 67 36 90:5578159:2845:1:1901:2.96
1 71 41 36:5323806:2958:1:1969:2.84
1 71 41 36 94:5643220:2958:1:1969:2.84
1 71 41 36 94 90:6622162:2958:1:1969:2.84
1 71 41 36 90:6302748:2958:1:1969:2.84
1 71 41 94 90:5496205:3120:1:1969:2.7
1 71 41 90:5463583:3312:1:1969:2.54
1 71 36 94 90:5678135:3162:1:1899:2.66
1 71 36 90:5337761:3162:1:1899:2.66
1 67 41 36:5318904:3153:1:1969:2.67
1 67 41 36 94:5661098:3153:1:1969:2.67
1 67 41 36 94 90:6711932:3153:1:1969:2.67
1 67 41 36 90:6369738:3153:1:1969:2.67
1 67 41 94 90:5453888:3312:1:1969:2.54
1 67 41 90:5386766:3504:1:1969:2.4
1 67 36 94 90:5732229:3401:1:1825:2.47
1 67 36 90:5363917:3401:1:1825:2.47
1 41 36:5313082:3775:1:1969:2.23
1 41 36 94:5721104:3775:1:1969:2.23
1 41 36 94 90:6975476:3775:1:1969:2.23
1 41 36 90:6567454:3775:1:1969:2.23
1 41 94 90:5442362:3984:1:1969:2.11
1 41 90:5246618:4176:1:1969:2.01
1 36 94 90:5714284:4055:1:1825:2.07
1 36 90:5276820:4055:1:1825:2.07
88 79 41 36 94 90:5041084:2512:1:1828:3.35
88 79 36 97 94 90:5552733:3108:1:1297:2.71
88 79 36 97 90:5219817:3108:1:1297:2.71
88 79 36 94 90:5572529:3540:1:1297:2.38
88 79 36 90:5192421:3540:1:1297:2.38
88 67 36 97 94 90:5133185:2872:1:1297:2.93
88 67 36 94 90:5051060:3208:1:1297:2.62
88 41 36 94 90:5071802:2925:1:1826:2.88
88 36 97 94 90:5832536:3863:1:1297:2.18
88 36 97 90:5419896:3863:1:1297:2.18
88 36 94 90:5631608:4343:1:1297:1.94
88 36 90:5166700:4343:1:1297:1.94
79 36 97 94 90:5535220:3949:1:1297:2.13
79 36 97 90:5112868:3949:1:1297:2.13
79 36 94 90:5254761:4429:1:1297:1.9
56 71 36 97 94 90:5242320:3125:1:1537:2.69
56 36 97 94 90:5806722:4494:1:1537:1.87
56 36 97 90:5320316:4494:1:1537:1.87
24 36 97 94 90:6329352:4003:1:1729:2.1
24 36 97 90:5908877:4011:1:1729:2.1
24 36 94 90:5928353:4325:1:1729:1.95
24 36 90:5469912:4333:1:1729:1.94
24 97 94 90:5205421:4488:1:1729:1.87
71 67 41 36 94 90:5640984:2797:1:1825:3.01
71 67 41 36 90:5338432:2797:1:1825:3.01
71 67 38 36 97 94 90:5741308:3008:1:1361:2.8
71 67 38 36 97 90:5419386:3008:1:1361:2.8
71 67 38 36 94 90:5583463:3302:1:1361:2.55
71 67 38 36 90:5228615:3302:1:1361:2.55
71 67 36 97 94:5033456:3445:1:1345:2.44
71 67 36 97 94 90:6171098:3445:1:1345:2.44
71 67 36 97 90:5801336:3445:1:1345:2.44
71 67 36 94 90:5990945:3805:1:1345:2.21
71 67 36 90:5581345:3805:1:1345:2.21
71 41 36 94 90:5530587:3170:1:1825:2.65
71 41 36 90:5187465:3170:1:1825:2.65
71 38 36 97 94 90:5667111:3469:1:1361:2.43
71 38 36 97 90:5293493:3469:1:1361:2.43
71 38 36 94 90:5334181:3763:1:1361:2.24
71 36 97 94 90:6292324:4151:1:1345:2.03
71 36 97 90:5845216:4151:1:1345:2.03
71 36 94 90:5960267:4583:1:1345:1.84
71 36 90:5465269:4583:1:1345:1.84
67 41 36 94 90:5500324:3365:1:1825:2.5
67 41 36 90:5135290:3365:1:1825:2.5
67 38 36 97 94 90:5636448:3697:1:1313:2.28
67 38 36 97 90:5240006:3697:1:1313:2.28
67 38 36 94 90:5214179:3991:1:1313:2.11
67 36 97 94 90:6163214:4379:1:1297:1.92
67 36 97 90:5692116:4379:1:1297:1.92
67 36 94 90:5731722:4811:1:1297:1.75
67 36 90:5212510:4811:1:1297:1.75
41 38 36 94 90:6035175:4098:1:1769:2.05
41 38 36 90:5591995:4098:1:1769:2.05
41 36 94:5429266:5306:1:1769:1.59
41 36 94 90:7185898:5306:1:1769:1.59
41 36 90:6612322:5306:1:1769:1.59
38 36 97 94:5281069:5789:1:1026:1.45
38 36 97 94 90:7201189:5789:1:1026:1.45
38 36 97 90:6576017:5789:1:1026:1.45
38 36 94 90:6293593:6123:1:1026:1.37
38 36 90:5630877:6123:1:1026:1.37
36 97 94:5552920:6965:1:584:1.21
36 97 94 90:7859992:6965:1:584:1.21
36 97 90:7117925:6973:1:528:1.21
36 94 90:6923629:7581:1:192:1.11
36 90:6110670:7589:1:192:1.11
97 94 90:5006386:7568:1:584:1.11
