490:12801440:23225:1:443:42.62
490 3:8978314:10231:1:886:96.76
490 3 6:6264711:6012:1:1535:164.64
490 11:6729460:8134:1:1188:121.7
490 11 6:7025604:7086:1:1338:139.69
490 6:9550189:13333:1:641:74.25
211 87 27 7:6155834:3404:1:2631:290.75
73:7165074:18749:1:591:52.8
73 6:6183251:11311:1:860:87.52
333 329 332 330 331 339 338 324:6457012:2563:1:2490:386.12
333 329 332 330 331 339 338 324 11:6838522:2449:1:2720:404.08
333 329 332 330 331 339 338 11:6318071:2455:1:2720:403.1
333 329 332 330 331 338 324 11:6041008:2453:1:2720:403.42
333 329 332 330 339 338 324 11:6188329:2456:1:2720:402.93
333 329 332 331 339 338 324 11:6232115:2476:1:2720:399.68
333 332 330 331 339 338 324 11:6170499:2623:1:2490:377.29
294:8829430:32247:1:310:30.7
294 3:8942331:14830:1:703:66.75
294 3 6:6613419:8668:1:947:114.2
294 11 6:6876043:9758:1:852:101.45
294 6:8187623:18701:1:485:52.94
329 332 330 331 339 338 324:6353456:2696:1:2490:367.08
329 332 330 331 339 338 324 11:6764907:2573:1:2490:384.62
329 332 330 331 339 338 11:6218341:2579:1:2490:383.72
329 332 330 339 338 324 11:6077850:2580:1:2490:383.57
329 332 331 339 338 324 11:6128708:2604:1:2490:380.04
329 330 331 339 338 324 11 6:6082265:2581:1:2338:383.42
332 330 331 339 338 324 11:6089894:2781:1:2490:355.86
1956 205 27 7:6504018:3494:1:2702:283.26
86 85:7794132:7506:1:1490:131.88
86 85 83:7997668:6358:1:1490:155.69
86 85 83 27:8323855:4617:1:1835:214.38
86 85 83 27 7:10850659:4604:1:1835:214.98
86 85 83 27 7 11:9437346:3606:1:2750:274.47
86 85 83 27 7 6:8873376:3614:1:2636:273.86
86 85 83 27 11:7463464:3618:1:2750:273.56
86 85 83 27 6:7093681:3626:1:2636:272.95
86 85 83 7:11480147:6339:1:1490:156.15
86 85 83 7 11:10226184:4909:1:2024:201.63
86 85 83 7 11 6:8667918:3951:1:2500:250.51
86 85 83 7 6:9841046:5116:1:2500:193.47
86 85 83 11:7536285:4926:1:2024:200.93
86 85 83 11 6:6703290:3968:1:2500:249.43
86 85 83 6:7281873:5134:1:2500:192.79
86 85 27:8508663:5370:1:1835:184.32
86 85 27 7:11432332:5350:1:1835:185.01
86 85 27 7 11:9969133:4156:1:2024:238.15
86 85 27 7 6:9282519:4149:1:2431:238.55
86 85 27 11:7707735:4174:1:2024:237.13
86 85 27 6:7253291:4166:1:2431:237.58
86 85 7:11882727:7470:1:1490:132.51
86 85 7 11:10712205:5749:1:2024:172.17
86 85 7 11 6:9160015:4636:1:2430:213.5
86 85 7 6:10136639:5951:1:1490:166.33
86 85 11:7578051:5779:1:2024:171.28
86 85 11 6:6868922:4665:1:2430:212.17
86 85 6:7176236:5983:1:1490:165.44
86 83 27 7:8454244:4676:1:1835:211.67
86 83 27 7 11:7550922:3654:1:2315:270.86
86 83 27 7 6:7010605:3671:1:2636:269.61
86 83 7:8115219:6436:1:1490:153.8
86 83 7 11:7619525:4975:1:2024:198.96
86 83 7 11 6:6593701:4011:1:2500:246.76
86 83 7 6:7144499:5195:1:2500:190.53
86 27 7:8719754:5493:1:1835:180.2
86 27 7 11:7864380:4259:1:1898:232.39
86 27 7 6:7192009:4257:1:2431:232.5
86 7:8005718:7696:1:1490:128.62
86 7 11:7742090:5903:1:1898:167.68
86 7 11 6:6790410:4768:1:2308:207.59
86 7 6:7064776:6124:1:1490:161.63
321 27 7:8600408:6530:1:1210:151.59
321 27 7 11:7850765:4990:1:1825:198.36
321 27 7 11 6:6875702:4065:1:2279:243.48
321 27 7 6:7221444:5039:1:1575:196.43
321 7:6172700:8069:1:1068:122.68
321 7 11:6371166:6152:1:1149:160.9
85 83 27:6542732:4981:1:1835:198.72
85 83 27 7:9262834:4961:1:1835:199.52
85 83 27 7 11:8238226:3872:1:2750:255.62
85 83 27 7 6:7703939:3913:1:2620:252.94
85 83 27 11:6121542:3889:1:2750:254.5
85 83 7:9014792:6819:1:1290:145.16
85 83 7 11:8388651:5261:1:1980:188.14
85 83 7 11 6:7263042:4258:1:2500:232.45
85 83 7 6:7940023:5531:1:2500:178.96
85 27:6609810:6035:1:1835:164.02
85 27 7:9858650:5987:1:1835:165.33
85 27 7 11:8774195:4597:1:1980:215.31
85 27 7 6:8140115:4652:1:2009:212.77
85 27 11:6286330:4633:1:1980:213.64
85 7:9321330:8472:1:1077:116.84
85 7 11:8787325:6395:1:1980:154.78
85 7 11 6:7715698:5186:1:2430:190.86
85 7 6:8224119:6769:1:1253:146.23
28 32 27:7781839:7435:1:1171:133.14
28 32 27 7:11376116:7121:1:1366:139.01
28 32 27 7 11:8189596:4668:1:1968:212.04
28 32 27 7 11 6:6693444:3605:1:2559:274.54
28 32 27 7 6:8878308:5227:1:2084:189.37
28 32 27 6:6640458:5508:1:2084:179.71
28 32 7:9552549:9102:1:997:108.76
28 32 7 11:7912325:6164:1:1425:160.58
28 32 7 11 6:6808127:4886:1:1691:202.58
28 32 7 6:7915059:6831:1:1377:144.91
28 27 7:8280784:7176:1:1366:137.94
28 27 7 11:6358036:4709:1:1968:210.19
28 27 7 6:6636951:5275:1:2084:187.64
32 27:8002530:8068:1:1171:122.69
32 27 7:11862762:7692:1:1366:128.69
32 27 7 11:8520956:5022:1:1968:197.09
32 27 7 11 6:6996388:3891:1:2559:254.37
32 27 7 6:9312204:5666:1:2084:174.7
32 27 6:6892089:5993:1:2084:165.17
32 7:9827804:9894:1:997:100.05
32 7 11:8183200:6674:1:1162:148.31
32 7 11 6:7101067:5314:1:1518:186.27
32 7 6:8219564:7449:1:1069:132.89
737:6773312:17645:1:818:56.1
737 11:8271338:12525:1:818:79.04
737 11 6:9810754:11904:1:818:83.16
737 6:8226619:15004:1:818:65.98
361 11 6:6651882:8130:1:926:121.76
14 11:6348746:8249:1:1126:120.0
14 11 6:7279936:7790:1:1126:127.07
14 6:6597951:9973:1:879:99.26
278 27:8946950:10850:1:1085:91.24
278 27 7:11836455:8604:1:1085:115.05
278 27 7 11:10750435:6585:1:1875:150.32
278 27 7 11 6:9422964:5375:1:1875:184.15
278 27 7 6:9966634:6654:1:1370:148.76
278 27 11:8919460:8230:1:1307:120.28
278 27 11 6:8734270:6999:1:1363:141.43
278 27 6:8549517:8648:1:1113:114.46
278 7:8919245:10785:1:754:91.79
278 7 11:8994145:8203:1:1028:120.67
278 7 11 6:8379757:6857:1:1299:144.36
278 7 6:8087107:8473:1:1039:116.83
278 11:6710385:12295:1:647:80.51
278 11 6:7536758:10631:1:991:93.12
278 6:6351238:14489:1:732:68.32
897 87 27 7:7249039:4716:1:2322:209.88
897 87 27 7 11:6323473:3548:1:2322:278.95
897 27:7339159:10270:1:1018:96.39
897 27 7:12323239:9740:1:1193:101.63
897 27 7 3:6009643:3836:1:2683:258.01
897 27 7 11:11002665:7256:1:1558:136.42
897 27 7 11 6:8932192:5538:1:1655:178.73
897 27 7 6:9544974:7031:1:1436:140.79
897 27 11:7394026:7628:1:1270:129.77
897 27 11 6:6673655:5905:1:1655:167.63
897 27 6:6548649:7510:1:1436:131.81
897 7:9136664:12748:1:849:77.65
897 7 11:9383614:9514:1:1128:104.05
897 7 11 6:8137001:7456:1:1469:132.76
897 7 6:7735783:9414:1:981:105.15
314:6517016:14842:1:685:66.7
314 11:7785472:10924:1:866:90.62
314 11 6:9121364:10413:1:866:95.06
314 6:7768248:12870:1:687:76.92
49 27:6389412:9695:1:867:102.1
49 27 7:6154508:5116:1:1430:193.47
49 27 7 11:6346448:4327:1:2176:228.74
49 27 11:7786504:8388:1:1033:118.01
49 27 11 6:8423829:7708:1:1033:128.42
49 27 6:7162042:8696:1:867:113.83
521 11 6:6285880:6416:1:1169:154.28
423 11:7373094:9598:1:1025:103.14
423 11 6:8515584:9142:1:1073:108.28
423 6:6729240:10186:1:970:97.18
215 11:6775417:15439:1:815:64.12
215 11 6:8774028:14552:1:815:68.03
4:38607138:78097:1:163:12.68
4 7:6998907:6693:1:1528:147.89
4 7 6:6078465:5115:1:2191:193.51
4 1:8879284:14645:1:649:67.6
4 1 11 6:6414445:6128:1:1442:161.53
4 1 6:7423084:9598:1:829:103.14
4 3:28276416:34432:1:422:28.75
4 3 11:13094754:11975:1:799:82.67
4 3 11 6:13098617:10410:1:799:95.09
4 3 6:19623933:19893:1:465:49.76
4 11:21027817:27318:1:444:36.24
4 11 6:22270772:23800:1:444:41.59
4 6:29560173:44759:1:236:22.12
21 11:6050255:7398:1:1231:133.8
21 11 6:6844747:6987:1:1470:141.67
269 11 6:6668919:11046:1:742:89.62
504 11 6:6221430:9476:1:921:104.46
230 11 6:6117687:6580:1:1838:150.43
87 205 27 7:6234892:3915:1:2068:252.81
87 83 27 7:6943342:4385:1:2241:225.72
87 83 27 7 11:6325508:3449:1:2532:286.96
87 27:11089960:13491:1:624:73.38
87 27 7:17495105:12775:1:624:77.49
87 27 7 1:6053915:4075:1:2436:242.89
87 27 7 3:8536002:5075:1:1893:195.04
87 27 7 3 11:7217572:3734:1:1998:265.06
87 27 7 11:15608355:9601:1:946:103.1
87 27 7 11 6:7703910:4972:1:1535:199.08
87 27 7 6:8107702:6274:1:1314:157.77
87 27 3:6110527:5375:1:1893:184.15
87 27 11:10886820:10097:1:946:98.04
87 27 11 6:6534408:5459:1:1400:181.32
87 27 6:6489436:6897:1:1314:143.52
87 7:13529680:16499:1:539:60.0
87 7 3:7462238:6557:1:1408:150.96
87 7 3 11:6776654:4811:1:1574:205.74
87 7 11:13439595:12299:1:643:80.49
87 7 11 6:6464363:6361:1:1400:155.61
87 11:7263650:13319:1:621:74.32
69:6241860:22631:1:437:43.74
69 3 11 6:6229230:6082:1:1570:162.75
69 11:9291700:16914:1:598:58.53
69 11 6:11425944:16030:1:598:61.76
69 6:8668659:19680:1:469:50.3
747 11:6065248:7942:1:1111:124.64
747 11 6:6944876:7515:1:1339:131.72
229 148 218 11 6:6177950:5126:1:2371:193.1
229 148 11 6:6035277:5247:1:2371:188.64
229 11:6510000:8448:1:1354:117.17
229 11 6:7469058:8015:1:1354:123.5
229 6:6114750:9248:1:1212:107.04
55:35912470:65412:1:154:15.13
55 7:6618240:6035:1:1357:164.02
55 1:8564284:12963:1:875:76.37
55 1 11:6153684:6568:1:1241:150.71
55 1 11 6:6570054:5965:1:1326:165.94
55 1 6:7296215:8828:1:1069:112.13
55 3:25118560:28725:1:379:34.46
55 3 11:11955636:10455:1:1121:94.68
55 3 11 6:11956557:9135:1:1121:108.36
55 3 6:17458448:16814:1:599:58.88
55 11:19910700:24221:1:442:40.87
55 11 6:21050429:21319:1:535:46.44
55 6:27323258:38251:1:302:25.88
316 11:7758243:17748:1:536:55.78
316 11 6:9996857:16654:1:542:59.44
316 6:7180248:21838:1:508:45.33
273 11:7558356:12490:1:588:79.26
273 11 6:9072064:11840:1:735:83.61
273 6:7294548:14767:1:632:67.04
136:7790034:23679:1:397:41.81
136 1 11 6:6367915:7291:1:1045:135.77
136 3 11 6:6644364:6152:1:1199:160.9
136 3 6:6460845:7990:1:1199:123.89
136 11:10292203:17092:1:580:57.92
136 11 6:12443568:16276:1:596:60.82
136 6:10118355:20537:1:410:48.2
205 27:11140080:14511:1:697:68.22
205 27 7:14836110:11266:1:779:87.87
205 27 7 3:7270210:4460:1:1611:221.92
205 27 7 3 11:6346015:3358:1:2843:294.73
205 27 7 3 6:6143474:3502:1:2116:282.62
205 27 7 11:13612024:8637:1:817:114.61
205 27 7 11 6:12056281:7104:1:1083:139.34
205 27 7 6:12639812:8802:1:837:112.46
205 27 3:6242248:5751:1:1537:172.11
205 27 11:11359454:11025:1:714:89.79
205 27 11 6:11301868:9470:1:933:104.53
205 27 6:10985081:11826:1:796:83.71
205 7:10995104:14246:1:655:69.49
205 7 3:6142656:5655:1:1427:175.04
205 7 11:11279836:10834:1:817:91.37
205 7 11 6:10589711:9084:1:857:108.97
205 7 6:10139088:11309:1:753:87.53
205 11:7609354:15474:1:648:63.97
205 11 6:8905183:13615:1:670:72.71
205 6:6641859:17403:1:604:56.88
40 11:7875430:17934:1:649:55.2
40 11 6:10333096:17165:1:649:57.67
40 6:7128024:21589:1:639:45.85
138 3 11 6:6207613:7743:1:1354:127.84
138 11:7055340:21397:1:514:46.27
138 11 6:9900146:20080:1:514:49.3
138 6:6094371:27847:1:472:35.55
2:23634450:42927:1:248:23.06
2 27:6337310:5771:1:1482:171.52
2 27 7:6820040:4153:1:2021:238.32
2 27 7 11:6474640:3414:1:2170:289.9
2 27 11:6055910:4462:1:1914:221.82
2 7:8645530:7840:1:994:126.26
2 7 11:8255275:6000:1:1214:164.97
2 7 11 6:7814956:5189:1:1406:190.75
2 7 6:7810938:6326:1:1338:156.47
2 1:7085118:10708:1:871:92.45
2 1 11:6497495:6955:1:1356:142.32
2 1 11 6:7000025:6393:1:1615:154.83
2 1 6:6835640:8325:1:1186:118.9
2 3:15877558:18230:1:697:54.3
2 3 11:9530332:8338:1:1013:118.72
2 3 11 6:9766389:7483:1:1070:132.28
2 3 6:12364814:11984:1:735:82.6
2 11:17053550:20636:1:413:47.97
2 11 6:18416934:18622:1:494:53.16
2 6:20455195:28651:1:349:34.55
987 148 11:6212238:11329:1:1132:87.38
987 148 11 6:7531692:10686:1:1132:92.64
987 11 6:6018370:12326:1:919:80.31
446:12833360:23270:1:431:42.54
446 1 11 6:6507544:5898:1:1437:167.83
446 3:7945826:9194:1:933:107.67
446 3 11:6306933:5602:1:1451:176.69
446 3 11 6:6757153:5240:1:1451:188.9
446 3 6:7409979:7232:1:1258:136.87
446 11:12297280:14881:1:686:66.52
446 11 6:13808063:13962:1:835:70.9
446 6:13294596:18598:1:480:53.23
155 148 218 11:6132761:5869:1:2563:168.65
155 148 218 11 6:6665472:5542:1:2563:178.6
155 148 11 6:6513919:5677:1:2563:174.36
155 11:7597139:9842:1:1058:100.58
155 11 6:8720649:9353:1:1058:105.84
155 6:7001151:10593:1:954:93.45
438 11:8135735:16517:1:606:59.93
438 11 6:10350830:15801:1:606:62.65
438 6:6769656:17663:1:530:56.05
303 11 6:7330022:14920:1:610:66.35
83:7095512:32212:1:386:30.73
83 27:9917190:12872:1:847:76.91
83 27 7:14431574:10960:1:847:90.32
83 27 7 3:6829362:4203:1:2416:235.49
83 27 7 3 11:6130147:3256:1:2416:303.96
83 27 7 11:13550265:8593:1:1041:115.2
83 27 7 11 6:11725061:6935:1:1322:142.73
83 27 7 6:12530676:8767:1:869:112.91
83 27 11:10476686:10166:1:847:97.37
83 27 11 6:10144710:8497:1:1057:116.5
83 27 6:9896954:10606:1:847:93.33
83 7:12460724:16171:1:669:61.22
83 7 3:6824968:6308:1:1306:156.92
83 7 3 11:6563653:4847:1:1960:204.21
83 7 3 11 6:6016745:4067:1:1960:243.36
83 7 3 6:6318066:5233:1:1851:189.15
83 7 11:13158761:12607:1:720:78.52
83 7 11 6:12281201:10522:1:808:94.08
83 7 6:11939715:13352:1:696:74.14
83 3:6828252:12717:1:844:77.84
83 3 11:7370342:9121:1:1036:108.53
83 3 11 6:8017369:8251:1:1036:119.97
83 3 6:7546412:10769:1:902:91.92
83 11:11692874:23674:1:488:41.82
83 11 6:14054732:21373:1:488:46.32
83 6:10508305:27328:1:386:36.23
56 11:7323850:13377:1:655:74.0
56 11 6:9046373:12747:1:655:77.66
56 6:6376472:14524:1:576:68.16
135:9039519:18313:1:508:54.06
135 148 218 11:6442191:6152:1:1741:160.9
135 148 218 11 6:6969180:5777:1:1741:171.34
135 148 11:6444966:6491:1:1710:152.5
135 148 11 6:7040915:6110:1:1710:162.0
135 218 11 6:6272828:6360:1:1710:155.64
135 1 11:6839064:7789:1:1052:127.09
135 1 11 6:7670607:7380:1:1132:134.13
135 1 6:6231591:8114:1:1132:122.0
135 3 11 6:6510746:5271:1:1466:187.78
135 11:12071569:15705:1:621:63.03
135 11 6:13947522:14983:1:635:66.07
135 6:11162370:16973:1:621:58.32
77 7 11:6751595:7248:1:1310:136.57
77 7 11 6:6768022:6352:1:1413:155.83
77 148 218 11 6:6518035:7947:1:1134:124.56
77 148 11 6:6710616:8762:1:1088:112.98
77 1 11 6:7080722:10755:1:921:92.04
77 3:7403370:17360:1:547:57.02
77 3 11:8129394:11685:1:770:84.72
77 3 11 6:9539327:11093:1:770:89.24
77 3 6:8542225:14473:1:620:68.4
77 11:11644431:30256:1:395:32.72
77 11 6:15745193:28699:1:395:34.49
77 6:10050631:36543:1:280:27.09
90:10921995:22062:1:417:44.87
90 7 11:6322897:4812:1:2098:205.69
90 7 11 6:6044349:4174:1:2098:237.13
90 148:6859684:9616:1:890:102.94
90 148 218:7056465:9187:1:890:107.75
90 148 218 1 11:6283805:5449:1:1452:181.65
90 148 218 1 11 6:6684128:5094:1:1785:194.31
90 148 218 11:8960540:8605:1:890:115.04
90 148 218 11 6:9704787:8091:1:1095:122.34
90 148 218 6:7968625:8569:1:1095:115.52
90 148 1 11:6207045:5653:1:1452:175.1
90 148 1 11 6:6650598:5291:1:1785:187.08
90 148 11:8881462:8996:1:890:110.04
90 148 11 6:9700378:8466:1:947:116.92
90 148 6:7856645:8976:1:910:110.28
90 218 11:7597220:9257:1:890:106.93
90 218 11 6:8540994:8712:1:898:113.62
90 218 6:6764968:9523:1:898:103.95
90 1:6719886:11087:1:770:89.29
90 1 11:8762293:9961:1:770:99.38
90 1 11 6:9828475:9421:1:807:105.07
90 1 6:7995365:10362:1:770:95.53
90 3 11:6747029:6351:1:1262:155.86
90 3 11 6:7453336:6066:1:1307:163.18
90 3 6:6695508:6982:1:1177:141.77
90 11:14547939:18913:1:435:52.34
90 11 6:16807163:18025:1:458:54.92
90 6:13462206:20406:1:429:48.51
64:18613434:48262:1:197:20.51
64 27:6453999:6918:1:1403:143.08
64 27 7:6945104:4667:1:1881:212.08
64 27 7 11:6923279:3972:1:2764:249.18
64 27 11:6800466:5689:1:1547:173.99
64 27 11 6:6684881:4925:1:1660:200.97
64 27 6:6318028:5776:1:1492:171.37
64 7:7993649:8498:1:1230:116.48
64 7 11:8407821:6941:1:1306:142.61
64 7 11 6:8087846:6014:1:1324:164.59
64 7 6:7670090:7128:1:1230:138.87
64 148:6474576:10683:1:843:92.66
64 148 218:6430369:9744:1:1134:101.59
64 148 218 11:8114653:8672:1:1206:114.15
64 148 218 11 6:8966471:8177:1:1206:121.06
64 148 218 6:7471189:9082:1:1134:109.0
64 148 11:8291790:9399:1:933:105.32
64 148 11 6:9264630:8879:1:933:111.49
64 148 6:7630893:9923:1:843:99.76
64 218 11:7097401:9919:1:893:99.8
64 218 11 6:8220865:9367:1:926:105.68
64 218 6:6666628:11016:1:893:89.86
64 1:7650313:15390:1:609:64.32
64 1 11:9067260:11710:1:779:84.54
64 1 11 6:10360028:11026:1:783:89.78
64 1 6:8904421:13410:1:774:73.82
64 3:13481358:19171:1:639:51.64
64 3 11:11328616:11661:1:758:84.89
64 3 11 6:12471226:10968:1:785:90.25
64 3 6:13081280:15098:1:723:65.57
64 11:20155189:30501:1:407:32.46
64 11 6:23686906:28692:1:407:34.5
64 6:21228128:38559:1:272:25.67
27:39711930:72134:1:198:13.72
27 7:44122980:40235:1:280:24.6
27 7 148:11044866:8346:1:984:118.61
27 7 148 218:10502592:7611:1:1550:130.06
27 7 148 218 1:6039918:4037:1:2059:245.17
27 7 148 218 1 11:6440091:3654:1:2613:270.86
27 7 148 218 11:11098578:6763:1:1550:146.36
27 7 148 218 11 6:9826099:5579:1:1749:177.42
27 7 148 218 6:9330589:6219:1:1749:159.16
27 7 148 1:6225652:4328:1:2059:228.69
27 7 148 1 11:6650859:3904:1:2613:253.52
27 7 148 11:11661831:7363:1:1328:134.44
27 7 148 11 6:10411027:6103:1:1488:162.19
27 7 148 6:9874262:6834:1:1082:144.84
27 7 218:10617336:9182:1:1181:107.81
27 7 218 1 11:6221654:4037:1:2059:245.17
27 7 218 11:11143554:7860:1:1409:125.94
27 7 218 11 6:9983737:6483:1:1749:152.68
27 7 218 6:9552315:7470:1:1322:132.51
27 7 1:14934588:12352:1:822:80.14
27 7 1 3:7065416:4657:1:2204:212.54
27 7 1 3 11:6531996:3679:1:2266:269.02
27 7 1 3 6:6060807:3703:1:2266:267.28
27 7 1 11:14747359:10002:1:876:98.97
27 7 1 11 6:13285216:8307:1:1331:119.16
27 7 1 6:13209724:9914:1:1076:99.85
27 7 3:22835374:16174:1:668:61.21
27 7 3 11:19493112:11690:1:978:84.68
27 7 3 11 6:17601237:9810:1:1129:100.91
27 7 3 6:19466135:12666:1:863:78.16
27 7 11:40308400:29684:1:329:33.35
27 7 11 6:36742900:24790:1:425:39.93
27 7 6:38541021:31563:1:310:31.36
27 148:9235928:11964:1:853:82.74
27 148 218:8948068:10817:1:853:91.51
27 148 218 1 11:6184965:5136:1:1817:192.72
27 148 218 1 11 6:6075852:4451:1:1880:222.37
27 148 218 11:10533915:9649:1:1010:102.59
27 148 218 11 6:10538472:8417:1:1103:117.61
27 148 218 6:9200244:9308:1:887:106.35
27 148 1 11:6290758:5478:1:1817:180.69
27 148 1 11 6:6231089:4758:1:1817:208.03
27 148 11:10893488:10509:1:853:94.2
27 148 11 6:11010972:9195:1:887:107.66
27 148 6:9578757:10258:1:887:96.5
27 218:8111788:13436:1:795:73.68
27 218 11:9794379:11280:1:853:87.76
27 218 11 6:10128203:9830:1:878:100.7
27 218 6:8746030:11411:1:853:86.75
27 1:13060510:19793:1:521:50.02
27 1 3:7400362:7590:1:1462:130.42
27 1 3 11:6746756:5459:1:1806:181.32
27 1 3 11 6:6675778:4761:1:1860:207.9
27 1 3 6:6802825:5978:1:1481:165.58
27 1 11:13584971:14677:1:664:67.45
27 1 11 6:13971540:12816:1:966:77.24
27 1 6:13021177:15814:1:552:62.6
27 3:25910894:29689:1:338:33.34
27 3 11:20414226:18001:1:592:54.99
27 3 11 6:20358600:15676:1:592:63.15
27 3 6:22695317:21919:1:539:45.16
27 11:36610740:44893:1:248:22.05
27 11 6:38191570:39033:1:293:25.36
27 6:38173402:53524:1:224:18.5
7:47800270:86898:1:126:11.39
7 148:11452956:14851:1:678:66.66
7 148 218:11059480:13366:1:852:74.06
7 148 218 1:6387326:6801:1:1386:145.55
7 148 218 1 11:7464913:6148:1:1386:161.0
7 148 218 1 11 6:7133546:5307:1:1453:186.51
7 148 218 1 6:6238095:5824:1:1421:169.96
7 148 218 11:13006981:11806:1:852:83.85
7 148 218 11 6:12664628:10271:1:852:96.38
7 148 218 6:11059619:11506:1:852:86.03
7 148 1:6468606:7332:1:1076:135.01
7 148 1 11:7630579:6598:1:1332:150.02
7 148 1 11 6:7357180:5714:1:1453:173.23
7 148 1 6:6388713:6293:1:1415:157.29
7 148 11:13545868:12960:1:731:76.38
7 148 11 6:13330357:11315:1:792:87.49
7 148 6:11568615:12767:1:792:77.54
7 218:10223546:16864:1:769:58.7
7 218 1 11:6856305:6905:1:1386:143.35
7 218 1 11 6:6714257:5970:1:1453:165.8
7 218 11:12309654:13991:1:769:70.75
7 218 11 6:12339856:12180:1:769:81.27
7 218 6:10647437:14356:1:769:68.96
7 1:15767290:23817:1:452:41.57
7 1 3:8880376:9116:1:1114:108.59
7 1 3 11:8232361:6634:1:1186:149.21
7 1 3 11 6:7946670:5776:1:1649:171.37
7 1 3 6:8072300:7284:1:1544:135.9
7 1 11:16686487:17835:1:557:55.51
7 1 11 6:16670596:15549:1:636:63.67
7 1 6:15385977:19241:1:563:51.45
7 3:31159350:35775:1:313:27.67
7 3 11:25602590:22456:1:436:44.08
7 3 11 6:25063763:19596:1:529:50.52
7 3 6:27385848:27108:1:508:36.52
7 11:46024270:55905:1:216:17.71
7 11 6:46744267:48665:1:216:20.34
7 6:45561136:66056:1:174:14.99
148:15389848:69922:1:187:14.16
148 218:16180358:58823:1:207:16.83
148 218 1:9743092:25267:1:358:39.18
148 218 1 11:14738820:22342:1:423:44.31
148 218 1 11 6:17401120:21210:1:443:46.67
148 218 1 6:12922347:23548:1:379:42.04
148 218 3 11:8207506:11259:1:1022:87.92
148 218 3 11 6:9611025:10780:1:1022:91.83
148 218 3 6:7606990:12308:1:699:80.43
148 218 11:27353313:49786:1:207:19.88
148 218 11 6:33848081:47622:1:207:20.79
148 218 6:23992766:54726:1:207:18.09
148 1:9266512:28049:1:356:35.29
148 1 11:14614200:24175:1:423:40.95
148 1 11 6:17573213:22958:1:423:43.12
148 1 6:12740462:25812:1:356:38.35
148 3:8030426:18179:1:570:54.46
148 3 11:9731927:13827:1:656:71.59
148 3 11 6:11405864:13165:1:1022:75.19
148 3 6:9461742:15818:1:639:62.58
148 11:27413699:55428:1:204:17.86
148 11 6:34696141:52868:1:204:18.73
148 6:23981624:62515:1:204:15.84
218 1 11:11240849:25611:1:364:38.65
218 1 11 6:14560707:24255:1:443:40.81
218 1 6:9500542:28887:1:358:34.27
218 3:8732523:26519:1:322:37.33
218 3 11:9687929:16572:1:518:59.74
218 3 11 6:11655310:15597:1:665:63.47
218 3 6:10490661:21594:1:417:45.84
218 11:20170334:61285:1:187:16.15
218 11 6:28543536:58065:1:187:17.05
218 6:16470707:75215:1:148:13.16
1:21710428:197522:1:58:5.01
1 3:34325700:79476:1:146:12.46
1 3 11:24784766:35509:1:312:27.88
1 3 11 6:27678427:32137:1:359:30.8
1 3 6:30667810:51708:1:219:19.15
1 11:35137840:91435:1:129:10.83
1 11 6:45610326:83213:1:129:11.9
1 6:35480224:129287:1:86:7.66
3:143053092:437772:1:23:2.26
3 11:89677469:150295:1:81:6.59
3 11 6:99083172:130292:1:84:7.6
3 6:122468796:250223:1:45:3.96
11:99506005:362627:1:25:2.73
11 6:138619455:315995:1:38:3.13
6:97666797:593211:1:14:1.67
