3 25 5 48 62 7 36 60 40 52 58:7063667:2025:1:58:1.58
64 42 3 25 48 66 56 62 7 36 60 29 52 58:7321924:1578:1:145:2.02
3 25 5 48 56 34 36 60 29 52 58:7023914:2022:1:58:1.58
72 64 42 3 5 48 66 56 34 7 36 60 40 52 58:7063874:1528:1:144:2.09
48 56 34 62 7 36 60 40 29 52 58:7014751:2445:1:43:1.31
42 25 5 66 56 34 62 36 60 40 29 52 58:7115109:1882:1:58:1.7
3 25 66 56 62 36 60 29 52 58:7119688:2148:1:58:1.49
64 42 3 25 48 66 56 62 36 60 40 29 58:7192300:1651:1:145:1.93
23 72 31 64 42 3 48 66 56 34 62 7 36 60 40 29 52 58:7091608:1284:1:179:2.49
3 9 5 66 56 34 62 36 60 29 52 58:7048835:2000:1:43:1.6
3 9 48 66 56 62 7 36 60 40 29 58:7173224:2026:1:74:1.58
31 64 42 3 5 48 66 62 36 60 29 52 58:7000186:1654:1:179:1.93
3 25 48 56 7 36 60 29 52 58:7130037:2182:1:58:1.46
64 42 3 25 5 48 66 56 34 62 7 36 60 40 29 52 58:7441264:1450:1:145:2.2
42 3 25 48 66 56 34 62 7 36 60 29 58:7223256:1655:1:58:1.93
3 48 66 56 62 7 36 60 29 52 58:7602941:2251:1:43:1.42
64 42 3 25 5 48 66 56 34 62 7 36 60 58:7127710:1451:1:145:2.2
42 3 25 5 48 66 34 62 7 36 60 40 58:7006349:1647:1:58:1.94
64 42 25 5 48 56 34 62 7 36 60 40 29 52 58:7168747:1632:1:145:1.96
64 42 3 5 66 56 34 62 7 36 60 29 58:7249647:1708:1:129:1.87
3 25 5 48 66 56 7 36 60 52 58:7209527:1948:1:58:1.64
64 42 3 5 48 66 34 62 36 60 29 58:7010439:1793:1:129:1.78
42 3 48 56 34 62 7 36 60 29 52 58:7253127:1903:1:46:1.68
42 3 5 48 66 56 34 62 7 36 60 40 58:7486164:1784:1:49:1.79
31 64 42 3 5 48 56 34 62 36 60 29 52 58:7086375:1555:1:179:2.05
42 3 5 56 34 62 7 36 60 40 52 58:7175476:1887:1:43:1.69
23 72 31 64 42 3 5 48 66 56 62 36 60 29 52 58:7056928:1322:1:179:2.42
42 48 66 56 34 62 7 36 60 29 52 58:7206760:2048:1:48:1.56
42 3 5 48 56 62 7 36 40 29 52 58:7029316:1872:1:49:1.71
42 3 5 48 56 62 36 60 29 52 58:7159254:1940:1:49:1.65
42 3 48 66 56 34 62 36 60 29 58:7164519:1939:1:46:1.65
3 48 66 56 62 36 60 40 29 58:7173138:2314:1:43:1.38
42 3 5 48 56 34 62 7 36 29 52 58:7075429:1832:1:49:1.74
