269 11 6:7005819:11558:1:736:85.65
86 85 7:11882727:7470:1:1490:132.51
27 148 11:11296997:10802:1:853:91.64
27 218 11 6:12055562:11562:1:853:85.62
28 32 7 11:9546174:7208:1:1425:137.33
737 11:8331800:12606:1:818:78.53
155 1 11 6:5919905:5654:1:1637:175.07
28 32 27 11:7827706:5929:1:1449:166.95
2 7 11:8499940:6170:1:1214:160.43
83 7 1 11 6:6393944:4829:1:1836:204.97
2 218 11:5078363:5747:1:1740:172.23
90 218 1 11:5467201:5854:1:1452:169.09
32 87 7:5118926:4078:1:1934:242.71
40 3 11:6030290:7866:1:1027:125.84
7 6:52625944:73610:1:150:13.45
135 1 6:6571874:8548:1:1047:115.8
90 1 3 11:5101165:4233:1:1790:233.82
