77 148 6:5032952:10178:1:1029:97.26
87 27 3:6941989:6008:1:1812:164.75
73:7165074:18749:1:591:52.8
138 7 6:5458426:7060:1:1693:140.21
49 27 11 6:9377752:8526:1:1033:116.1
273 148 11 6:6026214:6099:1:1394:162.3
148 1 3 6:9632317:11705:1:1046:84.57
7 3 11 6:32996353:24971:1:383:39.64
2 27 11 6:7065434:4602:1:1852:215.08
7 218 1 11 6:8179058:7055:1:1386:140.31
27 3 11 6:26593570:20086:1:526:49.29
205 27 7 3:8190496:4970:1:1526:199.16
136 3 11:7126895:7611:1:1096:130.06
90 27 6:5847782:4844:1:1767:204.33
87 27:11089960:13491:1:624:73.38
254 148 11 6:5522186:6272:1:1287:157.82
321 7 11 6:7659009:6359:1:1167:155.66
278:5518460:20114:1:590:49.22
229 148 218 11 6:6595631:5445:1:1600:181.79
86 85 27 6:9259925:5288:1:1835:187.18
90 148 11 6:10452848:9066:1:890:109.19
148 218 1 3 11 6:11129547:9657:1:1046:102.51
138 1 11 6:5469794:9028:1:1620:109.65
135 3 11 6:8590273:6792:1:1320:145.74
86 85 83 6:9022612:6336:1:1490:156.23
294:8829430:32247:1:310:30.7
205 27 11:11885703:11405:1:714:86.8
205 27 7 3 11:7597355:3952:1:1956:250.44
27 7 3 11:23320257:13689:1:668:72.32
230 6:5181486:7840:1:1152:126.26
28 7 6:6649881:8622:1:1010:114.81
364 148 218 11 6:5034574:5745:1:1699:172.29
55 7 6:6649346:5258:1:1691:188.25
77 148 11:5631058:9319:1:1088:106.22
446 1 11 6:6955065:6288:1:1391:157.42
