72 64 42 3 48 66 56 62 7 36 40 29 52 58:7040167:1615:1:144:1.98
72 31 64 42 3 5 48 66 56 36 60 29 52 58:7022065:1523:1:179:2.1
72 64 42 3 5 48 66 62 7 36 60 40 29 52 58:7111430:1594:1:144:2.0
3 25 5 66 56 34 62 7 36 60 40 29 58:7374601:1878:1:58:1.7
3 25 48 66 56 34 7 36 60 40 29 58:7131844:1982:1:58:1.61
72 64 42 3 5 48 66 56 34 36 60 40 29 52 58:7107852:1597:1:127:2.0
72 42 3 48 66 56 62 7 36 60 40 29 52 58:7106517:1671:1:144:1.91
72 31 64 42 3 5 48 66 56 34 62 7 36 60 58:7084298:1368:1:179:2.33
64 42 3 25 48 66 56 34 62 7 36 60 29 52 58:7269696:1514:1:145:2.11
3 25 48 56 34 62 7 36 60 29 58:7352065:2011:1:58:1.59
42 25 5 66 56 62 7 36 60 29 52 58:7031689:1858:1:58:1.72
64 42 3 25 5 48 66 56 34 62 7 36 60 52 58:7279658:1450:1:145:2.2
25 9 5 48 66 56 62 36 60 40 52 58:7019174:1965:1:58:1.63
64 42 3 48 56 34 62 36 60 40 29 58:7042031:1827:1:129:1.75
42 3 5 48 66 56 62 36 60 40 29 58:7333044:1900:1:49:1.68
31 64 42 3 66 56 62 7 36 60 29 52 58:7115070:1656:1:179:1.93
3 25 5 66 56 62 7 36 60 29 52 58:7394235:1939:1:58:1.65
64 42 3 48 66 56 34 62 36 60 58:7121953:1796:1:129:1.78
64 42 5 48 66 56 34 62 7 36 60 40 52 58:7394191:1796:1:129:1.78
72 31 64 42 3 5 48 66 34 62 36 60 52 58:7039027:1508:1:179:2.12
72 31 64 42 3 25 5 48 66 56 62 36 60 40 29 52 58:7023637:1292:1:179:2.47
64 42 48 66 56 34 62 36 60 40 52 58:7109798:1966:1:129:1.62
31 64 42 3 5 66 56 34 7 36 60 40 29 52 58:7012614:1573:1:179:2.03
3 5 56 34 62 7 36 60 40 58:7012818:2188:1:43:1.46
72 31 64 42 3 5 48 66 34 62 36 60 40 29 52 58:7207660:1508:1:179:2.12
64 42 3 48 66 34 62 7 36 60 29 52 58:7136960:1796:1:129:1.78
3 25 5 48 66 56 62 7 36 60 40 29 58:7624502:1887:1:58:1.69
42 3 5 48 56 62 36 60 52 58:7050895:1940:1:49:1.65
72 31 64 42 3 5 48 66 56 34 62 7 36 60 29 52 58:7309045:1368:1:179:2.33
25 5 48 66 56 34 62 7 36 60 29 58:7450141:2050:1:58:1.56
42 3 9 5 48 66 56 62 7 36 60 52 58:7135146:1659:1:91:1.93
23 72 31 64 42 3 48 66 56 62 7 36 60 40 29 58:7028989:1340:1:179:2.38
3 25 48 66 56 7 36 60 29 58:7093044:2100:1:58:1.52
3 9 5 66 56 34 62 7 36 60 29 52 58:7243830:1931:1:77:1.65
31 64 42 3 5 66 56 62 36 60 40 52 58:7069758:1630:1:179:1.96
42 3 25 5 48 66 56 62 36 60 29 58:7235919:1705:1:58:1.87
42 3 66 56 34 62 7 36 60 29 58:7028223:1929:1:46:1.66
42 3 25 48 66 56 34 62 7 36 60 29 58:7223256:1655:1:58:1.93
64 42 3 66 56 34 62 36 60 29 52 58:7135077:1852:1:129:1.72
72 64 42 3 66 56 62 7 36 60 40 52 58:7027737:1656:1:144:1.93
25 5 48 66 56 34 7 36 60 52 58:7083762:2113:1:58:1.51
42 25 5 48 56 34 62 7 36 60 40 58:7044913:1805:1:58:1.77
42 5 48 66 56 62 7 36 60 40 52 58:7284218:2008:1:43:1.59
72 42 3 5 48 66 56 34 62 7 36 60 40 29 52 58:7185358:1534:1:144:2.08
3 25 5 48 56 34 7 36 60 29 58:7021503:1955:1:58:1.63
42 25 5 48 66 56 62 7 36 60 40 52 58:7342297:1805:1:58:1.77
42 25 5 48 66 56 62 36 60 29 52 58:7277031:1895:1:58:1.69
64 42 48 66 56 62 36 60 40 52 58:7050344:2042:1:129:1.56
31 42 3 48 66 56 34 62 36 60 40 29 52 58:7133739:1684:1:104:1.9
64 42 3 5 48 66 56 34 36 60 29 52 58:7202573:1770:1:126:1.8
64 42 3 25 5 48 56 62 36 60 40 29 52 58:7178290:1590:1:145:2.01
42 3 9 5 48 66 56 34 62 7 36 60 40 58:7124770:1615:1:91:1.98
64 42 5 48 56 34 62 7 36 60 29 52 58:7140586:1833:1:129:1.74
72 31 64 42 3 5 48 66 56 34 62 7 36 40 52 58:7009492:1368:1:179:2.33
42 25 5 48 56 62 7 36 60 40 52 58:7126227:1852:1:58:1.72
72 31 64 42 3 48 66 62 36 60 29 52 58:7060381:1647:1:179:1.94
64 42 25 48 66 56 34 62 36 60 40 52 58:7126299:1757:1:145:1.82
64 42 3 48 66 56 62 7 36 40 29 52 58:7223450:1791:1:129:1.78
42 3 5 48 66 56 62 36 60 58:7148753:1908:1:49:1.67
31 64 42 3 48 66 56 7 36 60 40 52 58:7046867:1662:1:179:1.92
3 25 48 66 62 7 36 60 40 29 52 58:7335920:2102:1:58:1.52
64 42 3 5 48 66 56 34 62 36 29 52 58:7190848:1719:1:129:1.86
42 25 5 48 66 62 7 36 60 40 29 52 58:7093170:1894:1:58:1.69
64 42 25 5 48 56 62 36 60 40 29 52 58:7034332:1758:1:145:1.82
3 5 48 66 34 62 36 60 40 52 58:7016915:2189:1:43:1.46
64 42 3 25 5 48 66 34 62 36 60 40 52 58:7067788:1585:1:145:2.02
64 42 3 5 48 56 34 62 36 60 40 52 58:7314950:1750:1:129:1.83
5 48 66 56 34 62 7 36 60 58:7101220:2262:1:43:1.41
3 5 48 66 34 62 7 36 60 29 52 58:7307848:2130:1:43:1.5
3 25 5 48 66 56 34 62 7 36 52 58:7336167:1843:1:58:1.73
42 3 5 48 56 62 36 60 40 29 52 58:7239373:1932:1:49:1.65
42 3 25 48 66 56 62 7 36 60 29 52 58:7450942:1728:1:58:1.85
31 42 3 5 48 66 56 62 7 36 60 40 29 52 58:7262823:1588:1:159:2.01
3 25 5 66 56 62 36 60 52 58:7094904:2009:1:58:1.59
72 64 42 3 5 48 66 56 62 36 60 29 58:7053071:1584:1:129:2.02
3 25 48 56 62 7 36 60 40 58:7353457:2104:1:58:1.52
3 25 5 56 34 62 7 36 60 29 58:7120403:1953:1:58:1.64
3 48 66 56 62 36 60 40 52 58:7282445:2310:1:43:1.38
3 5 48 56 34 62 7 36 60 29 58:7352900:2111:1:43:1.51
42 25 5 48 66 56 34 62 7 36 60 40 58:7248099:1758:1:58:1.82
5 48 66 56 34 62 7 36 60 40 58:7195198:2251:1:43:1.42
42 3 25 48 66 56 62 7 36 60 52 58:7355564:1728:1:58:1.85
3 25 5 48 56 34 62 36 29 52 58:7127740:1987:1:44:1.61
23 72 31 64 42 3 48 66 56 62 36 60 40 29 52 58:7203613:1407:1:179:2.27
64 42 3 5 48 56 62 7 36 60 29 52 58:7308902:1722:1:129:1.85
25 9 5 48 66 56 34 62 7 36 60 40 29 58:7145640:1827:1:58:1.75
25 9 48 66 56 34 62 7 36 60 40 52 58:7049386:1911:1:58:1.67
64 42 25 5 48 66 56 34 62 7 36 60 29 52 58:7265156:1594:1:145:2.0
48 66 56 34 62 7 36 60 29 52 58:7181822:2370:1:43:1.35
42 3 5 66 56 62 7 36 60 40 58:7101028:1893:1:49:1.69
31 64 42 3 25 48 66 56 34 62 36 60 40 29 52 58:7089276:1418:1:179:2.25
42 3 25 5 48 56 62 36 60 52 58:7081616:1737:1:58:1.84
31 64 42 3 48 56 34 62 7 36 60 40 52 58:7038122:1558:1:179:2.05
42 3 5 48 56 34 62 7 36 60 29 52 58:7442207:1823:1:49:1.75
3 5 66 56 62 7 36 60 29 52 58:7332226:2175:1:43:1.47
3 5 48 56 34 62 7 36 40 52 58:7136392:2117:1:39:1.51
64 42 3 48 56 62 36 60 29 52 58:7094142:1894:1:129:1.69
64 3 5 48 66 56 62 7 36 60 29 52 58:7039915:1768:1:129:1.81
64 42 3 56 34 62 7 36 60 29 52 58:7019994:1820:1:129:1.76
3 25 5 48 56 34 62 7 36 58:7006838:1920:1:47:1.66
3 25 5 48 34 62 36 60 29 52 58:7000926:2044:1:58:1.56
42 3 5 48 66 56 34 7 36 60 40 58:7088480:1835:1:49:1.74
3 25 56 34 62 7 36 60 29 52 58:7169581:2058:1:58:1.55
31 42 3 5 48 66 56 34 62 7 36 60 29 58:7090705:1550:1:127:2.06
3 25 9 66 56 62 7 36 60 40 29 52 58:7042470:1846:1:74:1.73
42 3 48 66 56 62 7 36 60 29 58:7322502:1947:1:43:1.64
72 31 64 42 3 48 66 56 62 7 36 60 40 29 52 58:7431490:1498:1:179:2.13
64 42 3 5 66 56 62 7 36 40 29 52 58:7034947:1748:1:129:1.83
42 3 5 48 56 34 62 7 36 60 40 29 52 58:7517295:1816:1:49:1.76
42 3 5 66 56 34 62 36 60 40 58:7065400:1915:1:49:1.67
42 3 5 48 66 34 62 7 36 60 40 29 58:7185198:1857:1:49:1.72
72 31 64 42 3 48 66 56 34 62 7 36 60 52 58:7212352:1438:1:179:2.22
3 25 5 48 56 34 62 7 36 40 29 58:7184009:1909:1:47:1.67
42 3 25 5 48 66 62 7 36 60 40 29 58:7057413:1703:1:58:1.88
42 3 25 5 48 56 62 7 36 60 40 52 58:7242298:1660:1:58:1.92
25 5 48 56 34 62 36 60 52 58:7156855:2207:1:58:1.45
64 42 3 25 48 66 56 62 7 36 60 58:7068637:1579:1:145:2.02
31 42 3 48 66 56 62 7 36 60 40 58:7004124:1692:1:104:1.89
64 42 25 5 48 66 34 62 36 60 40 29 52 58:7057824:1762:1:145:1.81
72 64 42 3 25 5 48 66 56 62 36 60 40 29 52 58:7074493:1398:1:145:2.28
3 25 5 48 66 34 62 7 36 40 29 52 58:7072053:1906:1:58:1.68
42 3 5 48 66 34 62 7 36 60 29 52 58:7294023:1860:1:49:1.72
25 48 56 34 62 7 36 60 29 52 58:7278193:2238:1:58:1.43
64 42 3 5 66 56 62 7 36 60 40 58:7135894:1749:1:129:1.83
3 25 5 48 66 56 34 62 7 36 60 52 58:7740843:1843:1:58:1.73
72 64 42 3 48 56 34 62 7 36 60 40 29 52 58:7010501:1551:1:144:2.06
31 64 42 3 48 66 56 62 36 60 40 52 58:7254102:1671:1:179:1.91
42 25 5 48 66 56 34 62 36 60 58:7101807:1850:1:58:1.73
3 9 5 48 56 34 62 7 36 60 40 29 52 58:7362373:1905:1:77:1.68
42 3 9 5 48 66 56 34 62 36 60 52 58:7133281:1685:1:50:1.9
42 3 5 48 66 56 62 36 60 29 52 58:7447530:1904:1:49:1.68
3 48 56 34 62 7 36 40 29 52 58:7049545:2233:1:39:1.43
72 31 64 42 3 48 66 56 62 7 36 60 29 52 58:7348731:1498:1:179:2.13
48 66 56 34 62 7 36 60 52 58:7055797:2372:1:43:1.35
31 3 5 48 66 56 34 62 7 36 60 40 52 58:7011258:1672:1:43:1.91
3 25 48 66 34 62 7 36 60 29 52 58:7240686:2013:1:58:1.59
64 42 3 5 66 56 34 62 7 36 60 40 52 58:7431072:1707:1:129:1.87
64 42 3 5 48 66 56 7 36 60 40 58:7019345:1744:1:126:1.83
42 3 9 48 66 56 34 62 7 36 60 29 52 58:7153150:1684:1:88:1.9
3 9 48 66 56 62 7 36 60 40 52 58:7264408:2022:1:74:1.58
3 25 48 56 62 36 60 40 58:7114300:2177:1:58:1.47
42 3 48 56 62 7 36 60 40 58:7016527:1981:1:43:1.61
25 48 66 56 62 7 36 60 29 52 58:7448730:2253:1:58:1.42
23 72 31 64 42 3 5 48 66 56 62 36 60 29 52 58:7056928:1322:1:179:2.42
31 64 42 3 25 5 48 66 56 34 62 7 36 60 29 52 58:7019779:1287:1:179:2.48
64 3 5 48 66 56 34 62 7 36 60 40 29 52 58:7253172:1726:1:129:1.85
72 31 64 42 3 48 66 62 7 36 60 40 52 58:7127239:1577:1:179:2.03
64 42 25 5 66 56 34 62 7 36 60 40 52 58:7019801:1641:1:145:1.95
3 48 66 56 62 7 36 60 52 58:7477260:2251:1:43:1.42
3 25 66 56 34 62 7 36 60 40 52 58:7302610:1970:1:58:1.62
64 3 25 5 48 66 56 34 62 7 36 60 40 29 52 58:7087659:1525:1:145:2.09
72 64 42 3 25 48 66 56 62 7 36 60 29 52 58:7033418:1416:1:145:2.26
42 3 9 5 48 66 56 34 62 7 36 60 52 58:7217241:1617:1:91:1.98
3 25 5 66 56 34 62 7 36 60 40 29 52 58:7567115:1875:1:58:1.7
64 42 3 48 56 34 62 36 60 40 52 58:7135561:1826:1:129:1.75
42 3 25 5 48 56 62 36 60 40 29 52 58:7243445:1729:1:58:1.85
3 25 48 66 56 34 62 36 52 58:7004599:2012:1:58:1.59
42 25 5 48 66 56 34 62 7 36 60 29 52 58:7443860:1759:1:58:1.82
64 42 25 5 48 66 56 62 7 36 60 40 52 58:7206787:1640:1:145:1.95
3 25 5 48 66 56 7 36 60 52 58:7209527:1948:1:58:1.64
3 25 5 48 66 62 7 36 60 52 58:7232920:1981:1:58:1.61
25 48 66 56 62 36 60 40 29 58:7070142:2336:1:58:1.37
64 42 3 9 5 48 56 34 62 7 36 60 29 52 58:7017085:1518:1:129:2.1
3 25 9 5 66 56 34 62 7 36 60 40 29 52 58:7171341:1686:1:77:1.89
3 9 48 56 34 62 7 36 60 40 29 58:7010677:2011:1:77:1.59
3 25 5 48 66 62 36 60 29 52 58:7138200:2051:1:58:1.56
3 25 9 48 66 56 34 62 7 36 60 40 52 58:7247538:1725:1:77:1.85
