104 71 67 36 94:5344766:3136:1:1817:2.68
71 67 41 36 90:5673122:2936:1:1825:2.87
104 71 36 94 90:5774171:3280:1:1817:2.57
41 38 36 94:5038255:4352:1:1769:1.93
1 88 67 41 36 94 90:5216087:2064:1:1977:4.08
67 38 97 36 90:5668766:3936:1:1313:2.14
97 36 90:7942071:7576:1:528:1.11
31 71 41 36 94 90:5917517:2680:1:1825:3.14
88 71 67 97 36 94 90:5019848:2280:1:1345:3.69
120 36 90:5008811:3968:1:1026:2.12
56 67 97 36 94 90:5331093:3344:1:1537:2.52
104 71 67 36 94 90:6386372:3136:1:1817:2.68
1 71 67 41 90:5750207:2984:1:1969:2.82
