27 7 218 11 6:13027491:8159:1:1409:121.32
64 148 218 6:7919495:9597:1:1134:103.15
2 3:17104244:19438:1:680:50.93
148 1 3 11 6:11513049:10493:1:1046:94.34
138 7 11:5319077:6037:1:1693:163.96
56 3 6:5077293:6584:1:1160:150.34
273 148 11 6:6026214:6099:1:1394:162.3
438 11 6:10893675:16564:1:606:59.76
218 1 11 6:15467609:25608:1:364:38.66
934 27 7:5637013:4878:1:1691:202.91
86 7 11:8013280:6099:1:1898:162.3
218 1 3 11:8604942:11176:1:856:88.57
40 148 11 6:5485565:6642:1:1190:149.03
897 11 6:6438432:10626:1:1088:93.16
28 32 6:5941946:8955:1:1010:110.54
86 85 27 7:11432332:5350:1:1835:185.01
90 27 11 6:6743819:4540:1:1953:218.01
77 27 6:5436697:6614:1:1336:149.66
1644 11 6:6982472:7082:1:1181:139.77
28 32 11:5822635:7529:1:1425:131.47
28 32 27 11:7827706:5929:1:1449:166.95
316 11 6:10429784:17311:1:542:57.19
987 148 3 11 6:5154811:4919:1:1690:201.22
148 1 11:14730463:24345:1:423:40.66
86 83 7:8115219:6436:1:1490:153.8
2 27 11 6:7065434:4602:1:1852:215.08
64 7 11 6:9737975:7060:1:1306:140.21
273:5688726:17177:1:496:57.63
294 11 6:7306847:10228:1:852:96.78
446 148 11 6:6335145:5197:1:1365:190.46
7 218:10223546:16864:1:769:58.7
294 3:9241837:15246:1:671:64.93
55 1 6:7518437:9088:1:1069:108.92
229 148 218 11:5709400:5451:1:1600:181.59
32 27 7:11862762:7692:1:1366:128.69
55 1 11 6:6881142:6234:1:1241:158.78
897 27 11 6:9215219:7989:1:1270:123.91
423 11:7426353:9661:1:1025:102.46
215 3 11 6:6465228:6880:1:1249:143.87
278 27:8946950:10850:1:1085:91.24
135 1 11 6:8187327:7848:1:1052:126.13
897 7 3 6:6396660:5254:1:1607:188.39
2 7:8645530:7840:1:994:126.26
218 1 11:11333909:25790:1:364:38.39
28 32 27 11 6:8751249:5891:1:1449:168.02
7 6:52625944:73610:1:150:13.45
28 32 27 7 6:11820964:6707:1:1366:147.59
64:18613434:48262:1:197:20.51
148 1 3 6:9632317:11705:1:1046:84.57
90 1 11:8842821:10047:1:770:98.53
934 27 7 11 6:6282632:3936:1:1907:251.46
27 148 1 11:6525143:5635:1:1817:175.66
77 27 7:5638352:4650:1:1549:212.86
