534 33 49:106799:179:5:2412:489.79
37 66 39 49 40:115820:85:28:4620:1025.14
38 33 49 40:150079:101:8:4959:864.33
37 66 39 49:101981:96:5:4565:908.89
38 39 33 49 40:195791:101:8:4959:864.33
32 33 49:109575:109:13:3706:801.47
372 39 33:125272:121:8:3606:722.64
10 33 40:151758:155:5:3370:565.14
1136 33 49 40:144057:120:17:3494:728.61
1005 33 49 40:124357:109:11:3784:801.47
1579 33 49:108888:102:6:3888:855.94
653 40:185164:205:5:3588:427.97
282 39 33:117533:84:45:4139:1037.2
48 33 40:126635:118:25:2086:740.86
311 39 33:144582:102:5:3678:855.94
79 33 49:151729:183:6:3545:479.14
