83 3 6:9429717:13167:1:844:75.18
2 1 11 6:7558050:6874:1:1256:144.0
205 7 3 6:7512504:5927:1:1427:167.0
7 148 218 11 6:15293212:12057:1:852:82.1
86 85 83 7 6:12490155:6318:1:1490:156.67
32 27 7 11:11174978:6156:1:1449:160.79
205 7 3 11:6798234:4944:1:1805:200.2
86 85 83 6:9022612:6336:1:1490:156.23
205 27 7 3:8190496:4970:1:1526:199.16
205 27 7 3 6:8527778:4697:1:1549:210.73
294 11:6273585:11412:1:767:86.74
490 3 6:6639921:6347:1:1535:155.95
64 27 7:6945104:4667:1:1881:212.08
85 7 6:10488452:8286:1:1077:119.46
4 27:5662896:5398:1:1548:183.37
90 218 1 11 6:6439826:5850:1:1629:169.2
135 218 11:5630329:6814:1:1710:145.27
32 27:8002530:8068:1:1171:122.69
77 27 6:5436697:6614:1:1336:149.66
2 3 6:14122187:13515:1:735:73.25
136 3:6926340:10493:1:914:94.34
64 148 218:6430369:9744:1:1134:101.59
49 27 7:6154508:5116:1:1430:193.47
64 6:21878953:39697:1:269:24.94
90 148 1 11:6269923:5706:1:1452:173.47
85 83 7:9014792:6819:1:1290:145.16
