490:7674970:13930:1:443:43.07
490 3:5590764:6332:1:886:94.74
490 6:5849543:8199:1:617:73.17
294:5319135:19453:1:304:30.84
294 3:5579565:9201:1:492:65.2
86 85 83 27:5079604:2827:1:1835:212.16
86 85 83 27 7:6613895:2819:1:1835:212.77
86 85 83 27 7 11:6018369:2302:1:1857:260.53
86 85 83 27 7 11 6:6404133:2302:1:1857:260.53
86 85 83 27 7 6:7068238:2813:1:1835:213.22
86 85 83 27 11 6:5157531:2309:1:1857:259.74
86 85 83 27 6:5536161:2820:1:1835:212.69
86 85 83 7:7043498:3908:1:1151:153.49
86 85 83 7 11:6441471:3111:1:1276:192.8
86 85 83 7 11 6:6963468:3111:1:1276:192.8
86 85 83 7 6:7671524:3897:1:1151:153.93
86 85 83 11 6:5264072:3119:1:1276:192.31
86 85 83 6:5536508:3906:1:1151:153.57
86 85 27:5193146:3287:1:1835:182.48
86 85 27 7:6969639:3274:1:1835:183.21
86 85 27 7 11:6385061:2661:1:1857:225.39
86 85 27 7 11 6:6821790:2658:1:1857:225.65
86 85 27 7 6:7415888:3230:1:1835:185.7
86 85 27 11 6:5387588:2669:1:1857:224.72
86 85 27 6:5662361:3241:1:1835:185.07
86 85 7:7297681:4608:1:1077:130.18
86 85 7 11:6773943:3656:1:1200:164.07
86 85 7 11 6:7371074:3650:1:1200:164.34
86 85 7 6:7925051:4531:1:1077:132.39
86 85 11 6:5386858:3666:1:1200:163.62
86 85 6:5451938:4549:1:1077:131.87
86 83 27 7:5159491:2864:1:1835:209.42
86 83 27 7 11 6:5218482:2333:1:1857:257.07
86 83 27 7 6:5616914:2854:1:1835:210.16
86 83 7 11 6:5335850:3153:1:1270:190.23
86 83 7 6:5622997:3953:1:1151:151.75
86 27 7:5311945:3359:1:1835:178.57
86 27 7 11:5040982:2723:1:1848:220.26
86 27 7 11 6:5489662:2720:1:1848:220.51
86 27 7 6:5784818:3309:1:1835:181.27
86 7 11 6:5503612:3740:1:1199:160.38
86 7 6:5581824:4649:1:1077:129.03
321 27 7:5098684:3898:1:1210:153.89
321 27 7 11 6:5446233:3113:1:1307:192.68
321 27 7 6:5409498:3672:1:1210:163.35
85 83 27 7:5649812:3042:1:1835:197.17
85 83 27 7 11:5248760:2469:1:1857:242.91
85 83 27 7 11 6:5661284:2469:1:1857:242.91
85 83 27 7 6:6139714:3034:1:1835:197.69
85 83 7:5533536:4206:1:1077:142.62
85 83 7 11:5276850:3329:1:1204:180.18
85 83 7 11 6:5834367:3329:1:1204:180.18
85 83 7 6:6213188:4193:1:1077:143.06
85 27 7:6022960:3669:1:1835:163.49
85 27 7 11:5637430:2946:1:1857:203.6
85 27 7 11 6:6115528:2940:1:1857:204.01
85 27 7 6:6520906:3604:1:1835:166.44
85 7:5725650:5222:1:1077:114.88
85 7 11:5558335:4061:1:1200:147.71
85 7 11 6:6220142:4052:1:1200:148.04
85 7 6:6454910:5111:1:1077:117.37
28 32 27 7:6918466:4334:1:1366:138.41
28 32 27 7 11:6533548:3488:1:1449:171.97
28 32 27 7 11 6:7049561:3460:1:1449:173.36
28 32 27 7 6:7191588:4086:1:1366:146.81
28 32 27 11 6:5333490:3586:1:1449:167.27
28 32 27 6:5153909:4257:1:1184:140.91
28 32 7:5790765:5526:1:997:108.56
28 32 7 11:5801116:4377:1:1153:137.05
28 32 7 11 6:6462320:4339:1:1153:138.25
28 32 7 6:6290286:5187:1:1010:115.65
28 27 7:5032981:4368:1:1366:137.33
28 27 7 11:5023248:3514:1:1449:170.7
28 27 7 11 6:5557886:3486:1:1449:172.07
28 27 7 6:5426369:4120:1:1366:145.6
32 27 7:7218728:4685:1:1366:128.04
32 27 7 11:6837875:3762:1:1449:159.45
32 27 7 11 6:7392634:3731:1:1449:160.77
32 27 7 6:7520250:4412:1:1366:135.96
32 27 11 6:5548779:3876:1:1449:154.76
32 27 6:5329092:4610:1:1184:130.12
32 7:5961746:6014:1:997:99.75
32 7 11:6024191:4750:1:1153:126.29
32 7 11 6:6742486:4708:1:1153:127.42
32 7 6:6516617:5636:1:1010:106.44
737 11:5055669:7656:1:770:78.36
737 11 6:6209632:7526:1:770:79.71
737 6:5154521:9383:1:481:63.94
897 27 7:7407338:5878:1:891:102.06
897 27 7 11:7082742:4621:1:1128:129.81
897 27 7 11 6:7777510:4583:1:1128:130.89
897 27 7 6:7858102:5519:1:1113:108.7
897 27 11 6:5533196:4805:1:1088:124.84
897 27 6:5077848:5799:1:1088:103.45
897 7:5527272:7721:1:849:77.7
897 7 11:5978835:6032:1:1128:99.45
897 7 11 6:6916429:5982:1:1128:100.28
897 7 6:6378341:7231:1:890:82.96
278 27:5376485:6534:1:1085:91.81
278 27 7:7119200:5200:1:1085:115.36
278 27 7 11:6882095:4183:1:1167:143.4
278 27 7 11 6:7509523:4146:1:1192:144.68
278 27 7 6:7475253:4866:1:1106:123.28
278 27 11:5653850:5150:1:1085:116.48
278 27 11 6:6448246:5107:1:1090:117.46
278 27 6:5968285:6045:1:1090:99.24
278 7:5392420:6547:1:754:91.63
278 7 11:5694100:5193:1:1028:115.52
278 7 11 6:6498423:5144:1:1092:116.62
278 7 6:6014431:6070:1:929:98.83
278 11 6:5284172:7423:1:688:80.82
314 11 6:5787694:6612:1:863:90.73
49 27 11 6:5706498:5201:1:1033:115.34
423 11 6:5465260:5861:1:796:102.35
215 11 6:5578268:9232:1:815:64.98
4:23392575:47196:1:145:12.71
4 1:5385523:8847:1:602:67.81
4 3:17561568:21272:1:319:28.2
4 3 11:8507865:7722:1:727:77.69
4 3 11 6:8739238:6893:1:734:87.03
4 3 6:12645486:12745:1:465:47.07
4 11:12701021:16489:1:444:36.39
4 11 6:13747657:14663:1:444:40.92
4 6:18159162:27456:1:236:21.85
87 27:6673870:8138:1:604:73.72
87 27 7:10519415:7715:1:610:77.76
87 27 7 3:5787273:3406:1:1546:176.11
87 27 7 3 11:5332951:2695:1:1998:222.55
87 27 7 3 11 6:5747136:2681:1:1998:223.71
87 27 7 3 6:5974946:3207:1:1546:187.03
87 27 7 11:10040935:6115:1:727:98.1
87 27 7 11 6:10971000:6073:1:727:98.78
87 27 7 6:11103298:7274:1:713:82.47
87 27 11:7041705:6421:1:727:93.43
87 27 11 6:8036320:6375:1:727:94.1
87 27 6:7513186:7646:1:668:78.46
87 7:8102380:9922:1:539:60.47
87 7 3:5029477:4365:1:1125:137.43
87 7 3 11 6:5412865:3382:1:1554:177.36
87 7 3 6:5384641:4083:1:1125:146.91
87 7 11:8458840:7712:1:540:77.79
87 7 11 6:9662566:7659:1:540:78.33
87 7 6:9116300:9287:1:539:64.6
87 11 6:5896122:8249:1:540:72.73
69 11:5705915:10372:1:598:57.84
69 11 6:7320607:10242:1:598:58.58
69 6:5482493:12433:1:469:48.25
55:21686290:39531:1:143:15.18
55 1:5149894:7794:1:797:76.97
55 3:15673704:17862:1:379:33.59
55 3 11:7900035:6856:1:1121:87.5
55 3 11 6:8126181:6162:1:1121:97.36
55 3 6:11311018:10829:1:592:55.4
55 11:12083880:14726:1:442:40.74
55 11 6:13073272:13245:1:535:45.3
55 6:16740320:23451:1:302:25.58
316 11 6:6307963:10461:1:542:57.35
136 3 11 6:5010674:4549:1:943:131.87
136 11:6239205:10370:1:580:57.85
136 11 6:7828161:10217:1:580:58.72
136 6:6303852:12805:1:402:46.85
273 11 6:5755075:7499:1:588:80.0
40 11 6:6538454:10837:1:594:55.36
205 27:6750908:8798:1:697:68.19
205 27 7:8947468:6806:1:779:88.14
205 27 7 3 6:5171536:2839:1:1549:211.27
205 27 7 11:8629804:5437:1:817:110.33
205 27 7 11 6:9452816:5394:1:817:111.21
205 27 7 6:9496844:6413:1:779:93.55
205 27 11:7194030:6912:1:714:86.79
205 27 11 6:8267883:6862:1:714:87.43
205 27 6:7711931:8281:1:697:72.45
205 7:6634070:8611:1:655:69.67
205 7 11:7050583:6773:1:817:88.57
205 7 11 6:8102094:6717:1:817:89.31
205 7 6:7558903:8073:1:655:74.31
205 11 6:6257982:9516:1:648:63.05
138 11 6:6250629:12644:1:514:47.45
2:14384620:26052:1:248:23.03
2 7:5182860:4713:1:994:127.28
2 7 11:5065725:3698:1:1214:162.21
2 7 11 6:5630136:3668:1:1214:163.53
2 7 6:5505418:4359:1:994:137.61
2 3:10374520:11768:1:569:50.98
2 3 11:6757524:5798:1:872:103.47
2 3 11 6:7262480:5466:1:872:109.75
2 3 6:8608032:8221:1:580:72.97
2 11:10493790:12638:1:413:47.47
2 11 6:11860700:11924:1:416:50.31
2 6:12898603:18012:1:279:33.31
446:7697380:13985:1:431:42.9
446 3:5465142:6199:1:840:96.77
446 3 11 6:5150449:3909:1:1258:153.45
446 3 6:5386105:5150:1:1258:116.48
446 11:7481840:9057:1:574:66.24
446 11 6:8771722:8861:1:574:67.7
446 6:8283741:11587:1:456:51.78
155 11 6:5640413:6011:1:871:99.8
438 11 6:6618140:10090:1:606:59.46
83 27:6039130:7821:1:847:76.71
83 27 7:8709366:6632:1:847:90.46
83 27 7 3 6:5227677:2885:1:1727:207.9
83 27 7 11:8609509:5437:1:1041:110.33
83 27 7 11 6:9491628:5429:1:1041:110.5
83 27 7 6:9709308:6571:1:847:91.3
83 27 11:6694249:6425:1:847:93.37
83 27 11 6:7741781:6415:1:847:93.52
83 27 6:7227344:7718:1:847:77.73
83 7:7566856:9839:1:669:60.98
83 7 3 11 6:5319267:3452:1:1290:173.76
83 7 3 6:5350072:4234:1:1036:141.68
83 7 11:8233462:7897:1:669:75.97
83 7 11 6:9525953:7883:1:669:76.1
83 7 6:9070284:9709:1:669:61.79
83 3 11:5261289:6364:1:689:94.27
83 3 11 6:6251209:6307:1:689:95.12
83 3 6:5672887:7919:1:627:75.76
83 11:7269328:14706:1:367:40.8
83 11 6:9618873:14587:1:367:41.13
83 6:7048519:18287:1:341:32.81
56 11 6:5832647:8190:1:655:73.25
135:5482548:11110:1:482:54.0
135 3 11 6:5178168:4103:1:1320:146.2
135 11:7340265:9567:1:621:62.71
135 11 6:8868905:9526:1:621:62.98
135 6:7061511:10742:1:519:55.85
77 3:5166858:11740:1:547:51.1
77 3 11:5840873:8182:1:768:73.32
77 3 11 6:7040180:8018:1:768:74.82
77 3 6:6168826:10188:1:620:58.89
77 11:7078881:18403:1:395:32.6
77 11 6:9912087:18049:1:395:33.24
77 6:6273096:22841:1:280:26.27
90:6631956:13395:1:417:44.79
90 148 218 11:5541661:5307:1:842:113.04
90 148 218 11 6:6404963:5297:1:842:113.25
90 148 218 6:5200975:5560:1:842:107.89
90 148 11:5501194:5560:1:842:107.89
90 148 11 6:6405771:5550:1:842:108.09
90 148 6:5131987:5831:1:842:102.88
90 218 11 6:5626657:5686:1:824:105.5
90 1 11:5367573:6093:1:726:98.46
90 1 11 6:6369678:6081:1:726:98.65
90 1 6:5124395:6638:1:656:90.38
90 3 11:5349581:4884:1:911:122.82
90 3 11 6:6123864:4857:1:911:123.51
90 3 6:5363814:5443:1:840:110.21
90 11:8888291:11561:1:435:51.89
90 11 6:10752902:11512:1:435:52.12
90 6:8526414:12920:1:429:46.44
64:11359824:29441:1:189:20.38
64 7 11:5223617:4306:1:1306:139.31
64 7 11 6:5897617:4282:1:1306:140.09
64 7 6:5459623:4932:1:1199:121.63
64 148 218 11:5096998:5443:1:858:110.21
64 148 218 11 6:5982309:5434:1:858:110.4
64 148 11:5185918:5871:1:843:102.18
64 148 11 6:6137209:5858:1:843:102.41
64 218 11 6:5426943:6160:1:748:97.39
64 1 11:5543705:7173:1:779:83.64
64 1 11 6:6647100:7076:1:779:84.78
64 1 6:5665052:8521:1:633:70.41
64 3:9323708:13009:1:639:46.12
64 3 11:8211095:8282:1:660:72.44
64 3 11 6:9320830:8051:1:660:74.52
64 3 6:9460028:10714:1:660:56.0
64 11:12340429:18674:1:332:32.13
64 11 6:15025658:18180:1:332:33.0
64 6:13363916:24224:1:267:24.77
27:23976070:43575:1:198:13.77
27 7:26501770:24241:1:254:24.75
27 7 148:6696488:5057:1:984:118.62
27 7 148 218:6362613:4611:1:1550:130.1
27 7 148 218 11:7071622:4279:1:1550:140.19
27 7 148 218 11 6:7764692:4273:1:1550:140.38
27 7 148 218 6:7063432:4572:1:1550:131.2
27 7 148 11:7438618:4659:1:1031:128.76
27 7 148 11 6:8194529:4651:1:1031:128.98
27 7 148 6:7447695:5000:1:984:119.98
27 7 218:6363153:5522:1:1181:108.64
27 7 218 11:7042225:4936:1:1409:121.53
27 7 218 11 6:7841696:4928:1:1409:121.73
27 7 218 6:7156851:5433:1:1181:110.42
27 7 1:8965464:7444:1:686:80.59
27 7 1 3:5152644:3343:1:1545:179.43
27 7 1 3 11:5142819:2832:1:1715:211.79
27 7 1 3 11 6:5591103:2823:1:1715:212.46
27 7 1 3 6:5521737:3233:1:1545:185.53
27 7 1 11:9269319:6264:1:842:95.77
27 7 1 11 6:10266891:6239:1:842:96.15
27 7 1 6:9832355:7171:1:686:83.66
27 7 3:15360800:10773:1:668:55.69
27 7 3 11:14072152:8284:1:668:72.42
27 7 3 11 6:15289688:8208:1:668:73.09
27 7 3 6:15916048:10015:1:668:59.9
27 7 11:25452750:18599:1:316:32.26
27 7 11 6:28247233:18427:1:316:32.56
27 7 6:28328064:22523:1:287:26.64
27 148:5621624:7267:1:798:82.55
27 148 218:5439797:6562:1:798:91.42
27 148 218 11:6665667:6047:1:798:99.21
27 148 218 11 6:7645763:6040:1:798:99.32
27 148 218 6:6445744:6491:1:798:92.42
27 148 11:6895722:6588:1:798:91.06
27 148 11 6:7964610:6577:1:798:91.21
27 148 6:6689118:7129:1:798:84.15
27 218 11:6155230:7009:1:719:85.59
27 218 11 6:7276893:6985:1:719:85.89
27 218 6:6036148:7858:1:719:76.35
27 1:7893084:11977:1:427:50.09
27 1 3:5292342:5321:1:976:112.74
27 1 3 11:5211250:4112:1:1186:145.88
27 1 3 11 6:5806062:4055:1:1186:147.93
27 1 3 6:5590320:4819:1:976:124.48
27 1 11:8510650:9130:1:664:65.71
27 1 11 6:9889427:9016:1:664:66.54
27 1 6:8880784:10787:1:446:55.62
27 3:17068528:19338:1:338:31.03
27 3 11:14474630:12513:1:510:47.95
27 3 11 6:16075587:12169:1:526:49.3
27 3 6:16796077:16037:1:355:37.41
27 11:22959250:27842:1:248:21.55
27 11 6:26797554:27113:1:251:22.13
27 6:25606936:35889:1:224:16.72
7:28856780:52518:1:126:11.42
7 148:6998784:9065:1:560:66.18
7 148 218:6748509:8158:1:683:73.54
7 148 218 1 11 6:5285347:3834:1:1386:156.45
7 148 218 3 11 6:5100311:3186:1:1646:188.26
7 148 218 11:8145658:7381:1:683:81.28
7 148 218 11 6:9344571:7371:1:683:81.39
7 148 218 6:7985406:8049:1:683:74.53
7 148 1 11 6:5444762:4122:1:1198:145.53
7 148 3 11 6:5420100:3510:1:1520:170.89
7 148 11:8490700:8104:1:579:74.03
7 148 11 6:9799046:8084:1:579:74.21
7 148 6:8327808:8888:1:560:67.5
7 218:6158485:10205:1:558:58.79
7 218 3 11 6:5237527:3791:1:1646:158.23
7 218 11:7653969:8704:1:616:68.93
7 218 11 6:9056524:8678:1:616:69.13
7 218 6:7610530:9907:1:558:60.56
7 1:9485352:14381:1:452:41.72
7 1 3:6340950:6391:1:1048:93.87
7 1 3 11:6230645:4918:1:1048:121.98
7 1 3 11 6:6969452:4871:1:1048:123.15
7 1 3 6:6775498:5854:1:1048:102.48
7 1 11:10289686:11016:1:536:54.46
7 1 11 6:11989526:10904:1:536:55.02
7 1 6:10840793:13135:1:536:45.68
7 3:20515780:23301:1:261:25.75
7 3 11:17781313:15389:1:383:38.99
7 3 11 6:19861065:15043:1:383:39.88
7 3 6:20681319:19794:1:276:30.31
7 11:28483410:34536:1:216:17.37
7 11 6:33410418:33771:1:216:17.77
7 6:31745052:44444:1:150:13.5
148:9394828:42546:1:144:14.1
148 218:9879122:35798:1:180:16.76
148 218 1:5960370:15431:1:337:38.88
148 218 1 3 11:5824140:5898:1:1046:101.71
148 218 1 3 11 6:6765642:5876:1:1046:102.09
148 218 1 3 6:5687441:6475:1:1046:92.65
148 218 1 11:9087661:13768:1:423:43.58
148 218 1 11 6:11325219:13730:1:423:43.7
148 218 1 6:8323859:15098:1:340:39.74
148 218 3:9320140:15383:1:376:39.0
148 218 3 11:11576200:13147:1:426:45.63
148 218 3 11 6:13673111:13086:1:426:45.85
148 218 3 6:11478571:14893:1:376:40.28
148 218 11:16839453:30569:1:190:19.63
148 218 11 6:21761452:30434:1:190:19.71
148 218 6:15246464:34620:1:180:17.33
148 1:5659490:17109:1:337:35.07
148 1 3 11:5980760:6425:1:1046:93.37
148 1 3 11 6:6993941:6391:1:1046:93.87
148 1 3 6:5866695:7131:1:1046:84.13
148 1 11:8995067:14879:1:423:40.32
148 1 11 6:11395155:14817:1:423:40.49
148 1 6:8177241:16499:1:337:36.36
148 3:10120290:18404:1:284:32.6
148 3 11:12121845:14704:1:368:40.8
148 3 11 6:14400678:14564:1:368:41.19
148 3 6:12206290:17076:1:306:35.13
148 11:16845246:33977:1:164:17.66
148 11 6:22221340:33671:1:164:17.82
148 6:15185923:39422:1:147:15.22
218 1 3 11:5241112:6814:1:682:88.04
218 1 3 11 6:6301008:6753:1:682:88.84
218 1 3 6:5236345:7937:1:678:75.59
218 1 11:6905977:15741:1:359:38.11
218 1 11 6:9429211:15625:1:359:38.4
218 1 6:6056656:18351:1:320:32.69
218 3:9041843:23480:1:255:25.55
218 3 11:10815079:16397:1:325:36.59
218 3 11 6:13283909:16115:1:325:37.23
218 3 6:11330414:20621:1:269:29.1
218 11:12392479:37599:1:180:15.96
218 11 6:18280957:36995:1:180:16.22
218 6:10367050:47245:1:148:12.7
1:13143786:119592:1:58:5.02
1 3:22498546:51161:1:144:11.73
1 3 11:17419011:24416:1:247:24.57
1 3 11 6:20089337:22865:1:307:26.24
1 3 6:21146383:34963:1:199:17.16
1 11:21415149:55709:1:126:10.77
1 11 6:28656136:52148:1:126:11.51
1 6:21977652:79985:1:86:7.5
3:89923176:272349:1:23:2.2
3 11:59083670:97672:1:66:6.14
3 11 6:66944435:86932:1:68:6.9
3 6:79484475:160541:1:40:3.74
11:60658895:220646:1:25:2.72
11 6:86418975:196423:1:29:3.05
6:60125844:364656:1:13:1.65
